0 0,1,2,3,4,5,6,7,8,9,10,11,12,13,14
1 0,1,2,3,4,5,6,7,8,9,10,11,12,13,14
2 0,1,2,3,4,5,6,7,8,9,10,11,12,13,14
3 0,1,2,3,4,5,6,7,8,9,10,11,12,13,14
4 0,1,2,3,4,5,6,7,8,9,10,11,12,13,14
5 0,1,2,3,4,5,6,7,8,9,10,11,12,13,14
6 0,1,2,3,4,5,6,7,8,9,10,11,12,13,14
7 0,1,2,3,4,5,6,7,8,9,10,11,12,13,14
8 0,1,2,3,4,5,6,7,8,9,10,11,12,13,14
9 0,1,2,3,4,5,6,7,8,9,10,11,12,13,14
10 0,1,2,3,4,5,6,7,8,9,10,11,12,13,14
11 0,1,2,3,4,5,6,7,8,9,10,11,12,13,14
12 0,1,2,3,4,5,6,7,8,9,10,11,12,13,14
13 0,1,2,3,4,5,6,7,8,9,10,11,12,13,14
14 0,1,2,3,4,5,6,7,8,9,10,11,12,13,14
15 0,1,2,3,4,5,6,7,8,9,10,11,12,13,14
16 0,1,2,3,4,5,6,7,8,9,10,11,12,13,14
17 0,1,2,3,4,5,6,7,8,9,10,11,12,13,14
18 0,1,2,3,4,5,6,7,8,9,10,11,12,13,14
19 0,1,2,3,4,5,6,7,8,9,10,11,12,13,14
20 0,1,2,3,4,5,6,7,8,9,10,11,12,13,14
21 0,1,2,3,4,5,6,7,8,9,10,11,12,13,14
22 0,1,2,3,4,5,6,7,8,9,10,11,12,13,14
23 0,1,2,3,4,5,6,7,8,9,10,11,12,13,14
24 0,1,2,3,4,5,6,7,8,9,10,11,12,13,14
25 0,1,2,3,4,5,6,7,8,9,10,11,12,13,14
26 0,1,2,3,4,5,6,7,8,9,10,11,12,13,14
27 0,1,2,3,4,5,6,7,8,9,10,11,12,13,14
28 0,1,2,3,4,5,6,7,8,9,10,11,12,13,14
29 0,1,2,3,4,5,6,7,8,9,10,11,12,13,14
30 0,1,2,3,4,5,6,7,8,9,10,11,12,13,14
31 0,1,2,3,4,5,6,7,8,9,10,11,12,13,14
32 0,1,2,3,4,5,6,7,8,9,10,11,12,13,14
33 0,1,2,3,4,5,6,7,8,9,10,11,12,13,14
34 0,1,2,3,4,5,6,7,8,9,10,11,12,13,14
35 0,1,2,3,4,5,6,7,8,9,10,11,12,13,14
36 0,1,2,3,4,5,6,7,8,9,10,11,12,13,14
37 0,1,2,3,4,5,6,7,8,9,10,11,12,13,14
38 0,1,2,3,4,5,6,7,8,9,10,11,12,13,14
39 0,1,2,3,4,5,6,7,8,9,10,11,12,13,14
40 0,1,2,3,4,5,6,7,8,9,10,11,12,13,14
41 0,1,2,3,4,5,6,7,8,9,10,11,12,13,14
42 0,1,2,3,4,5,6,7,8,9,10,11,12,13,14
43 0,1,2,3,4,5,6,7,8,9,10,11,12,13,14
44 0,1,2,3,4,5,6,7,8,9,10,11,12,13,14
45 0,1,2,3,4,5,6,7,8,9,10,11,12,13,14
46 0,1,2,3,4,5,6,7,8,9,10,11,12,13,14
47 0,1,2,3,4,5,6,7,8,9,10,11,12,13,14
48 0,1,2,3,4,5,6,7,8,9,10,11,12,13,14
49 0,1,2,3,4,5,6,7,8,9,10,11,12,13,14
50 0,1,2,3,4,5,6,7,8,9,10,11,12,13,14
51 0,1,2,3,4,5,6,7,8,9,10,11,12,13,14
52 0,1,2,3,4,5,6,7,8,9,10,11,12,13,14
53 0,1,2,3,4,5,6,7,8,9,10,11,12,13,14
54 0,1,2,3,4,5,6,7,8,9,10,11,12,13,14
55 0,1,2,3,4,5,6,7,8,9,10,11,12,13,14
56 0,1,2,3,4,5,6,7,8,9,10,11,12,13,14
57 0,1,2,3,4,5,6,7,8,9,10,11,12,13,14
58 0,1,2,3,4,5,6,7,8,9,10,11,12,13,14
59 0,1,2,3,4,5,6,7,8,9,10,11,12,13,14
60 0,1,2,3,4,5,6,7,8,9,10,11,12,13,14
61 0,1,2,3,4,5,6,7,8,9,10,11,12,13,14
62 0,1,2,3,4,5,6,7,8,9,10,11,12,13,14
63 0,1,2,3,4,5,6,7,8,9,10,11,12,13,14
64 0,1,2,3,4,5,6,7,8,9,10,11,12,13,14
65 0,1,2,3,4,5,6,7,8,9,10,11,12,13,14
66 0,1,2,3,4,5,6,7,8,9,10,11,12,13,14
67 0,1,2,3,4,5,6,7,8,9,10,11,12,13,14
68 0,1,2,3,4,5,6,7,8,9,10,11,12,13,14
69 0,1,2,3,4,5,6,7,8,9,10,11,12,13,14
70 0,1,2,3,4,5,6,7,8,9,10,11,12,13,14
71 0,1,2,3,4,5,6,7,8,9,10,11,12,13,14
72 0,1,2,3,4,5,6,7,8,9,10,11,12,13,14
73 0,1,2,3,4,5,6,7,8,9,10,11,12,13,14
74 0,1,2,3,4,5,6,7,8,9,10,11,12,13,14
75 0,1,2,3,4,5,6,7,8,9,10,11,12,13,14
76 0,1,2,3,4,5,6,7,8,9,10,11,12,13,14
77 0,1,2,3,4,5,6,7,8,9,10,11,12,13,14
78 0,1,2,3,4,5,6,7,8,9,10,11,12,13,14
79 0,1,2,3,4,5,6,7,8,9,10,11,12,13,14
80 0,1,2,3,4,5,6,7,8,9,10,11,12,13,14
81 0,1,2,3,4,5,6,7,8,9,10,11,12,13,14
82 0,1,2,3,4,5,6,7,8,9,10,11,12,13,14
83 0,1,2,3,4,5,6,7,8,9,10,11,12,13,14
84 0,1,2,3,4,5,6,7,8,9,10,11,12,13,14
85 0,1,2,3,4,5,6,7,8,9,10,11,12,13,14
86 0,1,2,3,4,5,6,7,8,9,10,11,12,13,14
87 0,1,2,3,4,5,6,7,8,9,10,11,12,13,14
88 0,1,2,3,4,5,6,7,8,9,10,11,12,13,14
89 0,1,2,3,4,5,6,7,8,9,10,11,12,13,14
90 0,1,2,3,4,5,6,7,8,9,10,11,12,13,14
91 0,1,2,3,4,5,6,7,8,9,10,11,12,13,14
92 0,1,2,3,4,5,6,7,8,9,10,11,12,13,14
93 0,1,2,3,4,5,6,7,8,9,10,11,12,13,14
94 0,1,2,3,4,5,6,7,8,9,10,11,12,13,14
95 0,1,2,3,4,5,6,7,8,9,10,11,12,13,14
96 0,1,2,3,4,5,6,7,8,9,10,11,12,13,14
97 0,1,2,3,4,5,6,7,8,9,10,11,12,13,14
98 0,1,2,3,4,5,6,7,8,9,10,11,12,13,14
99 0,1,2,3,4,5,6,7,8,9,10,11,12,13,14
100 0,1,2,3,4,5,6,7,8,9,10,11,12,13,14
101 0,1,2,3,4,5,6,7,8,9,10,11,12,13,14
102 0,1,2,3,4,5,6,7,8,9,10,11,12,13,14
103 0,1,2,3,4,5,6,7,8,9,10,11,12,13,14
104 0,1,2,3,4,5,6,7,8,9,10,11,12,13,14
105 0,1,2,3,4,5,6,7,8,9,10,11,12,13,14
106 0,1,2,3,4,5,6,7,8,9,10,11,12,13,14
107 0,1,2,3,4,5,6,7,8,9,10,11,12,13,14
108 0,1,2,3,4,5,6,7,8,9,10,11,12,13,14
109 0,1,2,3,4,5,6,7,8,9,10,11,12,13,14
110 0,1,2,3,4,5,6,7,8,9,10,11,12,13,14
111 0,1,2,3,4,5,6,7,8,9,10,11,12,13,14
112 0,1,2,3,4,5,6,7,8,9,10,11,12,13,14
113 0,1,2,3,4,5,6,7,8,9,10,11,12,13,14
114 0,1,2,3,4,5,6,7,8,9,10,11,12,13,14
115 0,1,2,3,4,5,6,7,8,9,10,11,12,13,14
116 0,1,2,3,4,5,6,7,8,9,10,11,12,13,14
117 0,1,2,3,4,5,6,7,8,9,10,11,12,13,14
118 0,1,2,3,4,5,6,7,8,9,10,11,12,13,14
119 0,1,2,3,4,5,6,7,8,9,10,11,12,13,14
120 0,1,2,3,4,5,6,7,8,9,10,11,12,13,14
121 0,1,2,3,4,5,6,7,8,9,10,11,12,13,14
122 0,1,2,3,4,5,6,7,8,9,10,11,12,13,14
123 0,1,2,3,4,5,6,7,8,9,10,11,12,13,14
124 0,1,2,3,4,5,6,7,8,9,10,11,12,13,14
125 0,1,2,3,4,5,6,7,8,9,10,11,12,13,14
126 0,1,2,3,4,5,6,7,8,9,10,11,12,13,14
127 0,1,2,3,4,5,6,7,8,9,10,11,12,13,14
128 0,1,2,3,4,5,6,7,8,9,10,11,12,13,14
129 0,1,2,3,4,5,6,7,8,9,10,11,12,13,14
130 0,1,2,3,4,5,6,7,8,9,10,11,12,13,14
131 0,1,2,3,4,5,6,7,8,9,10,11,12,13,14
132 0,1,2,3,4,5,6,7,8,9,10,11,12,13,14
133 0,1,2,3,4,5,6,7,8,9,10,11,12,13,14
134 0,1,2,3,4,5,6,7,8,9,10,11,12,13,14
135 0,1,2,3,4,5,6,7,8,9,10,11,12,13,14
136 0,1,2,3,4,5,6,7,8,9,10,11,12,13,14
137 0,1,2,3,4,5,6,7,8,9,10,11,12,13,14
138 0,1,2,3,4,5,6,7,8,9,10,11,12,13,14
139 0,1,2,3,4,5,6,7,8,9,10,11,12,13,14
140 0,1,2,3,4,5,6,7,8,9,10,11,12,13,14
141 0,1,2,3,4,5,6,7,8,9,10,11,12,13,14
142 0,1,2,3,4,5,6,7,8,9,10,11,12,13,14
143 0,1,2,3,4,5,6,7,8,9,10,11,12,13,14
144 0,1,2,3,4,5,6,7,8,9,10,11,12,13,14
145 0,1,2,3,4,5,6,7,8,9,10,11,12,13,14
146 0,1,2,3,4,5,6,7,8,9,10,11,12,13,14
147 0,1,2,3,4,5,6,7,8,9,10,11,12,13,14
148 0,1,2,3,4,5,6,7,8,9,10,11,12,13,14
149 0,1,2,3,4,5,6,7,8,9,10,11,12,13,14
150 0,1,2,3,4,5,6,7,8,9,10,11,12,13,14
151 0,1,2,3,4,5,6,7,8,9,10,11,12,13,14
152 0,1,2,3,4,5,6,7,8,9,10,11,12,13,14
153 0,1,2,3,4,5,6,7,8,9,10,11,12,13,14
154 0,1,2,3,4,5,6,7,8,9,10,11,12,13,14
155 0,1,2,3,4,5,6,7,8,9,10,11,12,13,14
156 0,1,2,3,4,5,6,7,8,9,10,11,12,13,14
157 0,1,2,3,4,5,6,7,8,9,10,11,12,13,14
158 0,1,2,3,4,5,6,7,8,9,10,11,12,13,14
159 0,1,2,3,4,5,6,7,8,9,10,11,12,13,14
160 0,1,2,3,4,5,6,7,8,9,10,11,12,13,14
161 0,1,2,3,4,5,6,7,8,9,10,11,12,13,14
162 0,1,2,3,4,5,6,7,8,9,10,11,12,13,14
163 0,1,2,3,4,5,6,7,8,9,10,11,12,13,14
164 0,1,2,3,4,5,6,7,8,9,10,11,12,13,14
165 0,1,2,3,4,5,6,7,8,9,10,11,12,13,14
166 0,1,2,3,4,5,6,7,8,9,10,11,12,13,14
167 0,1,2,3,4,5,6,7,8,9,10,11,12,13,14
168 0,1,2,3,4,5,6,7,8,9,10,11,12,13,14
169 0,1,2,3,4,5,6,7,8,9,10,11,12,13,14
170 0,1,2,3,4,5,6,7,8,9,10,11,12,13,14
171 0,1,2,3,4,5,6,7,8,9,10,11,12,13,14
172 0,1,2,3,4,5,6,7,8,9,10,11,12,13,14
173 0,1,2,3,4,5,6,7,8,9,10,11,12,13,14
174 0,1,2,3,4,5,6,7,8,9,10,11,12,13,14
175 0,1,2,3,4,5,6,7,8,9,10,11,12,13,14
176 0,1,2,3,4,5,6,7,8,9,10,11,12,13,14
177 0,1,2,3,4,5,6,7,8,9,10,11,12,13,14
178 0,1,2,3,4,5,6,7,8,9,10,11,12,13,14
179 0,1,2,3,4,5,6,7,8,9,10,11,12,13,14
180 0,1,2,3,4,5,6,7,8,9,10,11,12,13,14
181 0,1,2,3,4,5,6,7,8,9,10,11,12,13,14
182 0,1,2,3,4,5,6,7,8,9,10,11,12,13,14
183 0,1,2,3,4,5,6,7,8,9,10,11,12,13,14
184 0,1,2,3,4,5,6,7,8,9,10,11,12,13,14
185 0,1,2,3,4,5,6,7,8,9,10,11,12,13,14
186 0,1,2,3,4,5,6,7,8,9,10,11,12,13,14
187 0,1,2,3,4,5,6,7,8,9,10,11,12,13,14
188 0,1,2,3,4,5,6,7,8,9,10,11,12,13,14
189 0,1,2,3,4,5,6,7,8,9,10,11,12,13,14
190 0,1,2,3,4,5,6,7,8,9,10,11,12,13,14
191 0,1,2,3,4,5,6,7,8,9,10,11,12,13,14
192 0,1,2,3,4,5,6,7,8,9,10,11,12,13,14
193 0,1,2,3,4,5,6,7,8,9,10,11,12,13,14
194 0,1,2,3,4,5,6,7,8,9,10,11,12,13,14
195 0,1,2,3,4,5,6,7,8,9,10,11,12,13,14
196 0,1,2,3,4,5,6,7,8,9,10,11,12,13,14
197 0,1,2,3,4,5,6,7,8,9,10,11,12,13,14
198 0,1,2,3,4,5,6,7,8,9,10,11,12,13,14
199 0,1,2,3,4,5,6,7,8,9,10,11,12,13,14
200 0,1,2,3,4,5,6,7,8,9,10,11,12,13,14
201 0,1,2,3,4,5,6,7,8,9,10,11,12,13,14
202 0,1,2,3,4,5,6,7,8,9,10,11,12,13,14
203 0,1,2,3,4,5,6,7,8,9,10,11,12,13,14
204 0,1,2,3,4,5,6,7,8,9,10,11,12,13,14
205 0,1,2,3,4,5,6,7,8,9,10,11,12,13,14
206 0,1,2,3,4,5,6,7,8,9,10,11,12,13,14
207 0,1,2,3,4,5,6,7,8,9,10,11,12,13,14
208 0,1,2,3,4,5,6,7,8,9,10,11,12,13,14
209 0,1,2,3,4,5,6,7,8,9,10,11,12,13,14
210 0,1,2,3,4,5,6,7,8,9,10,11,12,13,14
211 0,1,2,3,4,5,6,7,8,9,10,11,12,13,14
212 0,1,2,3,4,5,6,7,8,9,10,11,12,13,14
213 0,1,2,3,4,5,6,7,8,9,10,11,12,13,14
214 0,1,2,3,4,5,6,7,8,9,10,11,12,13,14
215 0,1,2,3,4,5,6,7,8,9,10,11,12,13,14
216 0,1,2,3,4,5,6,7,8,9,10,11,12,13,14
217 0,1,2,3,4,5,6,7,8,9,10,11,12,13,14
218 0,1,2,3,4,5,6,7,8,9,10,11,12,13,14
219 0,1,2,3,4,5,6,7,8,9,10,11,12,13,14
220 0,1,2,3,4,5,6,7,8,9,10,11,12,13,14
221 0,1,2,3,4,5,6,7,8,9,10,11,12,13,14
222 0,1,2,3,4,5,6,7,8,9,10,11,12,13,14
223 0,1,2,3,4,5,6,7,8,9,10,11,12,13,14
224 0,1,2,3,4,5,6,7,8,9,10,11,12,13,14
225 0,1,2,3,4,5,6,7,8,9,10,11,12,13,14
226 0,1,2,3,4,5,6,7,8,9,10,11,12,13,14
227 0,1,2,3,4,5,6,7,8,9,10,11,12,13,14
228 0,1,2,3,4,5,6,7,8,9,10,11,12,13,14
229 0,1,2,3,4,5,6,7,8,9,10,11,12,13,14
230 0,1,2,3,4,5,6,7,8,9,10,11,12,13,14
231 0,1,2,3,4,5,6,7,8,9,10,11,12,13,14
232 0,1,2,3,4,5,6,7,8,9,10,11,12,13,14
233 0,1,2,3,4,5,6,7,8,9,10,11,12,13,14
234 0,1,2,3,4,5,6,7,8,9,10,11,12,13,14
235 0,1,2,3,4,5,6,7,8,9,10,11,12,13,14
236 0,1,2,3,4,5,6,7,8,9,10,11,12,13,14
237 0,1,2,3,4,5,6,7,8,9,10,11,12,13,14
238 0,1,2,3,4,5,6,7,8,9,10,11,12,13,14
239 0,1,2,3,4,5,6,7,8,9,10,11,12,13,14
240 0,1,2,3,4,5,6,7,8,9,10,11,12,13,14
241 0,1,2,3,4,5,6,7,8,9,10,11,12,13,14
242 0,1,2,3,4,5,6,7,8,9,10,11,12,13,14
243 0,1,2,3,4,5,6,7,8,9,10,11,12,13,14
244 0,1,2,3,4,5,6,7,8,9,10,11,12,13,14
245 0,1,2,3,4,5,6,7,8,9,10,11,12,13,14
246 0,1,2,3,4,5,6,7,8,9,10,11,12,13,14
247 0,1,2,3,4,5,6,7,8,9,10,11,12,13,14
248 0,1,2,3,4,5,6,7,8,9,10,11,12,13,14
249 0,1,2,3,4,5,6,7,8,9,10,11,12,13,14
250 0,1,2,3,4,5,6,7,8,9,10,11,12,13,14
251 0,1,2,3,4,5,6,7,8,9,10,11,12,13,14
252 0,1,2,3,4,5,6,7,8,9,10,11,12,13,14
253 0,1,2,3,4,5,6,7,8,9,10,11,12,13,14
254 0,1,2,3,4,5,6,7,8,9,10,11,12,13,14
255 0,1,2,3,4,5,6,7,8,9,10,11,12,13,14
256 0,1,2,3,4,5,6,7,8,9,10,11,12,13,14
257 0,1,2,3,4,5,6,7,8,9,10,11,12,13,14
258 0,1,2,3,4,5,6,7,8,9,10,11,12,13,14
259 0,1,2,3,4,5,6,7,8,9,10,11,12,13,14
260 0,1,2,3,4,5,6,7,8,9,10,11,12,13,14
261 0,1,2,3,4,5,6,7,8,9,10,11,12,13,14
262 0,1,2,3,4,5,6,7,8,9,10,11,12,13,14
263 0,1,2,3,4,5,6,7,8,9,10,11,12,13,14
264 0,1,2,3,4,5,6,7,8,9,10,11,12,13,14
265 0,1,2,3,4,5,6,7,8,9,10,11,12,13,14
266 0,1,2,3,4,5,6,7,8,9,10,11,12,13,14
267 0,1,2,3,4,5,6,7,8,9,10,11,12,13,14
268 0,1,2,3,4,5,6,7,8,9,10,11,12,13,14
269 0,1,2,3,4,5,6,7,8,9,10,11,12,13,14
270 0,1,2,3,4,5,6,7,8,9,10,11,12,13,14
271 0,1,2,3,4,5,6,7,8,9,10,11,12,13,14
272 0,1,2,3,4,5,6,7,8,9,10,11,12,13,14
273 0,1,2,3,4,5,6,7,8,9,10,11,12,13,14
274 0,1,2,3,4,5,6,7,8,9,10,11,12,13,14
275 0,1,2,3,4,5,6,7,8,9,10,11,12,13,14
276 0,1,2,3,4,5,6,7,8,9,10,11,12,13,14
277 0,1,2,3,4,5,6,7,8,9,10,11,12,13,14
278 0,1,2,3,4,5,6,7,8,9,10,11,12,13,14
279 0,1,2,3,4,5,6,7,8,9,10,11,12,13,14
280 0,1,2,3,4,5,6,7,8,9,10,11,12,13,14
281 0,1,2,3,4,5,6,7,8,9,10,11,12,13,14
282 0,1,2,3,4,5,6,7,8,9,10,11,12,13,14
283 0,1,2,3,4,5,6,7,8,9,10,11,12,13,14
284 0,1,2,3,4,5,6,7,8,9,10,11,12,13,14
285 0,1,2,3,4,5,6,7,8,9,10,11,12,13,14
286 0,1,2,3,4,5,6,7,8,9,10,11,12,13,14
287 0,1,2,3,4,5,6,7,8,9,10,11,12,13,14
288 0,1,2,3,4,5,6,7,8,9,10,11,12,13,14
289 0,1,2,3,4,5,6,7,8,9,10,11,12,13,14
290 0,1,2,3,4,5,6,7,8,9,10,11,12,13,14
291 0,1,2,3,4,5,6,7,8,9,10,11,12,13,14
292 0,1,2,3,4,5,6,7,8,9,10,11,12,13,14
293 0,1,2,3,4,5,6,7,8,9,10,11,12,13,14
294 0,1,2,3,4,5,6,7,8,9,10,11,12,13,14
295 0,1,2,3,4,5,6,7,8,9,10,11,12,13,14
296 0,1,2,3,4,5,6,7,8,9,10,11,12,13,14
297 0,1,2,3,4,5,6,7,8,9,10,11,12,13,14
298 0,1,2,3,4,5,6,7,8,9,10,11,12,13,14
299 0,1,2,3,4,5,6,7,8,9,10,11,12,13,14
300 0,1,2,3,4,5,6,7,8,9,10,11,12,13,14
301 0,1,2,3,4,5,6,7,8,9,10,11,12,13,14
302 0,1,2,3,4,5,6,7,8,9,10,11,12,13,14
303 0,1,2,3,4,5,6,7,8,9,10,11,12,13,14
304 0,1,2,3,4,5,6,7,8,9,10,11,12,13,14
305 0,1,2,3,4,5,6,7,8,9,10,11,12,13,14
306 0,1,2,3,4,5,6,7,8,9,10,11,12,13,14
307 0,1,2,3,4,5,6,7,8,9,10,11,12,13,14
308 0,1,2,3,4,5,6,7,8,9,10,11,12,13,14
309 0,1,2,3,4,5,6,7,8,9,10,11,12,13,14
310 0,1,2,3,4,5,6,7,8,9,10,11,12,13,14
311 0,1,2,3,4,5,6,7,8,9,10,11,12,13,14
312 0,1,2,3,4,5,6,7,8,9,10,11,12,13,14
313 0,1,2,3,4,5,6,7,8,9,10,11,12,13,14
314 0,1,2,3,4,5,6,7,8,9,10,11,12,13,14
315 0,1,2,3,4,5,6,7,8,9,10,11,12,13,14
316 0,1,2,3,4,5,6,7,8,9,10,11,12,13,14
317 0,1,2,3,4,5,6,7,8,9,10,11,12,13,14
318 0,1,2,3,4,5,6,7,8,9,10,11,12,13,14
319 0,1,2,3,4,5,6,7,8,9,10,11,12,13,14
320 0,1,2,3,4,5,6,7,8,9,10,11,12,13,14
321 0,1,2,3,4,5,6,7,8,9,10,11,12,13,14
322 0,1,2,3,4,5,6,7,8,9,10,11,12,13,14
323 0,1,2,3,4,5,6,7,8,9,10,11,12,13,14
324 0,1,2,3,4,5,6,7,8,9,10,11,12,13,14
325 0,1,2,3,4,5,6,7,8,9,10,11,12,13,14
326 0,1,2,3,4,5,6,7,8,9,10,11,12,13,14
327 0,1,2,3,4,5,6,7,8,9,10,11,12,13,14
328 0,1,2,3,4,5,6,7,8,9,10,11,12,13,14
329 0,1,2,3,4,5,6,7,8,9,10,11,12,13,14
330 0,1,2,3,4,5,6,7,8,9,10,11,12,13,14
331 0,1,2,3,4,5,6,7,8,9,10,11,12,13,14
332 0,1,2,3,4,5,6,7,8,9,10,11,12,13,14
333 0,1,2,3,4,5,6,7,8,9,10,11,12,13,14
334 0,1,2,3,4,5,6,7,8,9,10,11,12,13,14
335 0,1,2,3,4,5,6,7,8,9,10,11,12,13,14
336 0,1,2,3,4,5,6,7,8,9,10,11,12,13,14
337 0,1,2,3,4,5,6,7,8,9,10,11,12,13,14
338 0,1,2,3,4,5,6,7,8,9,10,11,12,13,14
339 0,1,2,3,4,5,6,7,8,9,10,11,12,13,14
340 0,1,2,3,4,5,6,7,8,9,10,11,12,13,14
341 0,1,2,3,4,5,6,7,8,9,10,11,12,13,14
342 0,1,2,3,4,5,6,7,8,9,10,11,12,13,14
343 0,1,2,3,4,5,6,7,8,9,10,11,12,13,14
344 0,1,2,3,4,5,6,7,8,9,10,11,12,13,14
345 0,1,2,3,4,5,6,7,8,9,10,11,12,13,14
346 0,1,2,3,4,5,6,7,8,9,10,11,12,13,14
347 0,1,2,3,4,5,6,7,8,9,10,11,12,13,14
348 0,1,2,3,4,5,6,7,8,9,10,11,12,13,14
349 0,1,2,3,4,5,6,7,8,9,10,11,12,13,14
350 0,1,2,3,4,5,6,7,8,9,10,11,12,13,14
351 0,1,2,3,4,5,6,7,8,9,10,11,12,13,14
352 0,1,2,3,4,5,6,7,8,9,10,11,12,13,14
353 0,1,2,3,4,5,6,7,8,9,10,11,12,13,14
354 0,1,2,3,4,5,6,7,8,9,10,11,12,13,14
355 0,1,2,3,4,5,6,7,8,9,10,11,12,13,14
356 0,1,2,3,4,5,6,7,8,9,10,11,12,13,14
357 0,1,2,3,4,5,6,7,8,9,10,11,12,13,14
358 0,1,2,3,4,5,6,7,8,9,10,11,12,13,14
359 0,1,2,3,4,5,6,7,8,9,10,11,12,13,14
360 0,1,2,3,4,5,6,7,8,9,10,11,12,13,14
361 0,1,2,3,4,5,6,7,8,9,10,11,12,13,14
362 0,1,2,3,4,5,6,7,8,9,10,11,12,13,14
363 0,1,2,3,4,5,6,7,8,9,10,11,12,13,14
364 0,1,2,3,4,5,6,7,8,9,10,11,12,13,14
365 0,1,2,3,4,5,6,7,8,9,10,11,12,13,14
366 0,1,2,3,4,5,6,7,8,9,10,11,12,13,14
367 0,1,2,3,4,5,6,7,8,9,10,11,12,13,14
368 0,1,2,3,4,5,6,7,8,9,10,11,12,13,14
369 0,1,2,3,4,5,6,7,8,9,10,11,12,13,14
370 0,1,2,3,4,5,6,7,8,9,10,11,12,13,14
371 0,1,2,3,4,5,6,7,8,9,10,11,12,13,14
372 0,1,2,3,4,5,6,7,8,9,10,11,12,13,14
373 0,1,2,3,4,5,6,7,8,9,10,11,12,13,14
374 0,1,2,3,4,5,6,7,8,9,10,11,12,13,14
375 0,1,2,3,4,5,6,7,8,9,10,11,12,13,14
376 0,1,2,3,4,5,6,7,8,9,10,11,12,13,14
377 0,1,2,3,4,5,6,7,8,9,10,11,12,13,14
378 0,1,2,3,4,5,6,7,8,9,10,11,12,13,14
379 0,1,2,3,4,5,6,7,8,9,10,11,12,13,14
380 0,1,2,3,4,5,6,7,8,9,10,11,12,13,14
381 0,1,2,3,4,5,6,7,8,9,10,11,12,13,14
382 0,1,2,3,4,5,6,7,8,9,10,11,12,13,14
383 0,1,2,3,4,5,6,7,8,9,10,11,12,13,14
384 0,1,2,3,4,5,6,7,8,9,10,11,12,13,14
385 0,1,2,3,4,5,6,7,8,9,10,11,12,13,14
386 0,1,2,3,4,5,6,7,8,9,10,11,12,13,14
387 0,1,2,3,4,5,6,7,8,9,10,11,12,13,14
388 0,1,2,3,4,5,6,7,8,9,10,11,12,13,14
389 0,1,2,3,4,5,6,7,8,9,10,11,12,13,14
390 0,1,2,3,4,5,6,7,8,9,10,11,12,13,14
391 0,1,2,3,4,5,6,7,8,9,10,11,12,13,14
392 0,1,2,3,4,5,6,7,8,9,10,11,12,13,14
393 0,1,2,3,4,5,6,7,8,9,10,11,12,13,14
394 0,1,2,3,4,5,6,7,8,9,10,11,12,13,14
395 0,1,2,3,4,5,6,7,8,9,10,11,12,13,14
396 0,1,2,3,4,5,6,7,8,9,10,11,12,13,14
397 0,1,2,3,4,5,6,7,8,9,10,11,12,13,14
398 0,1,2,3,4,5,6,7,8,9,10,11,12,13,14
399 0,1,2,3,4,5,6,7,8,9,10,11,12,13,14
400 0,1,2,3,4,5,6,7,8,9,10,11,12,13,14
401 0,1,2,3,4,5,6,7,8,9,10,11,12,13,14
402 0,1,2,3,4,5,6,7,8,9,10,11,12,13,14
403 0,1,2,3,4,5,6,7,8,9,10,11,12,13,14
404 0,1,2,3,4,5,6,7,8,9,10,11,12,13,14
405 0,1,2,3,4,5,6,7,8,9,10,11,12,13,14
406 0,1,2,3,4,5,6,7,8,9,10,11,12,13,14
407 0,1,2,3,4,5,6,7,8,9,10,11,12,13,14
408 0,1,2,3,4,5,6,7,8,9,10,11,12,13,14
409 0,1,2,3,4,5,6,7,8,9,10,11,12,13,14
410 0,1,2,3,4,5,6,7,8,9,10,11,12,13,14
411 0,1,2,3,4,5,6,7,8,9,10,11,12,13,14
412 0,1,2,3,4,5,6,7,8,9,10,11,12,13,14
413 0,1,2,3,4,5,6,7,8,9,10,11,12,13,14
414 0,1,2,3,4,5,6,7,8,9,10,11,12,13,14
415 0,1,2,3,4,5,6,7,8,9,10,11,12,13,14
416 0,1,2,3,4,5,6,7,8,9,10,11,12,13,14
417 0,1,2,3,4,5,6,7,8,9,10,11,12,13,14
418 0,1,2,3,4,5,6,7,8,9,10,11,12,13,14
419 0,1,2,3,4,5,6,7,8,9,10,11,12,13,14
420 0,1,2,3,4,5,6,7,8,9,10,11,12,13,14
421 0,1,2,3,4,5,6,7,8,9,10,11,12,13,14
422 0,1,2,3,4,5,6,7,8,9,10,11,12,13,14
423 0,1,2,3,4,5,6,7,8,9,10,11,12,13,14
424 0,1,2,3,4,5,6,7,8,9,10,11,12,13,14
425 0,1,2,3,4,5,6,7,8,9,10,11,12,13,14
426 0,1,2,3,4,5,6,7,8,9,10,11,12,13,14
427 0,1,2,3,4,5,6,7,8,9,10,11,12,13,14
428 0,1,2,3,4,5,6,7,8,9,10,11,12,13,14
429 0,1,2,3,4,5,6,7,8,9,10,11,12,13,14
430 0,1,2,3,4,5,6,7,8,9,10,11,12,13,14
431 0,1,2,3,4,5,6,7,8,9,10,11,12,13,14
432 0,1,2,3,4,5,6,7,8,9,10,11,12,13,14
433 0,1,2,3,4,5,6,7,8,9,10,11,12,13,14
434 0,1,2,3,4,5,6,7,8,9,10,11,12,13,14
435 0,1,2,3,4,5,6,7,8,9,10,11,12,13,14
436 0,1,2,3,4,5,6,7,8,9,10,11,12,13,14
437 0,1,2,3,4,5,6,7,8,9,10,11,12,13,14
438 0,1,2,3,4,5,6,7,8,9,10,11,12,13,14
439 0,1,2,3,4,5,6,7,8,9,10,11,12,13,14
440 0,1,2,3,4,5,6,7,8,9,10,11,12,13,14
441 0,1,2,3,4,5,6,7,8,9,10,11,12,13,14
442 0,1,2,3,4,5,6,7,8,9,10,11,12,13,14
443 0,1,2,3,4,5,6,7,8,9,10,11,12,13,14
444 0,1,2,3,4,5,6,7,8,9,10,11,12,13,14
445 0,1,2,3,4,5,6,7,8,9,10,11,12,13,14
446 0,1,2,3,4,5,6,7,8,9,10,11,12,13,14
447 0,1,2,3,4,5,6,7,8,9,10,11,12,13,14
448 0,1,2,3,4,5,6,7,8,9,10,11,12,13,14
449 0,1,2,3,4,5,6,7,8,9,10,11,12,13,14
450 0,1,2,3,4,5,6,7,8,9,10,11,12,13,14
451 0,1,2,3,4,5,6,7,8,9,10,11,12,13,14
452 0,1,2,3,4,5,6,7,8,9,10,11,12,13,14
453 0,1,2,3,4,5,6,7,8,9,10,11,12,13,14
454 0,1,2,3,4,5,6,7,8,9,10,11,12,13,14
455 0,1,2,3,4,5,6,7,8,9,10,11,12,13,14
456 0,1,2,3,4,5,6,7,8,9,10,11,12,13,14
457 0,1,2,3,4,5,6,7,8,9,10,11,12,13,14
458 0,1,2,3,4,5,6,7,8,9,10,11,12,13,14
459 0,1,2,3,4,5,6,7,8,9,10,11,12,13,14
460 0,1,2,3,4,5,6,7,8,9,10,11,12,13,14
461 0,1,2,3,4,5,6,7,8,9,10,11,12,13,14
462 0,1,2,3,4,5,6,7,8,9,10,11,12,13,14
463 0,1,2,3,4,5,6,7,8,9,10,11,12,13,14
464 0,1,2,3,4,5,6,7,8,9,10,11,12,13,14
465 0,1,2,3,4,5,6,7,8,9,10,11,12,13,14
466 0,1,2,3,4,5,6,7,8,9,10,11,12,13,14
467 0,1,2,3,4,5,6,7,8,9,10,11,12,13,14
468 0,1,2,3,4,5,6,7,8,9,10,11,12,13,14
469 0,1,2,3,4,5,6,7,8,9,10,11,12,13,14
470 0,1,2,3,4,5,6,7,8,9,10,11,12,13,14
471 0,1,2,3,4,5,6,7,8,9,10,11,12,13,14
472 0,1,2,3,4,5,6,7,8,9,10,11,12,13,14
473 0,1,2,3,4,5,6,7,8,9,10,11,12,13,14
474 0,1,2,3,4,5,6,7,8,9,10,11,12,13,14
475 0,1,2,3,4,5,6,7,8,9,10,11,12,13,14
476 0,1,2,3,4,5,6,7,8,9,10,11,12,13,14
477 0,1,2,3,4,5,6,7,8,9,10,11,12,13,14
478 0,1,2,3,4,5,6,7,8,9,10,11,12,13,14
479 0,1,2,3,4,5,6,7,8,9,10,11,12,13,14
480 0,1,2,3,4,5,6,7,8,9,10,11,12,13,14
481 0,1,2,3,4,5,6,7,8,9,10,11,12,13,14
482 0,1,2,3,4,5,6,7,8,9,10,11,12,13,14
483 0,1,2,3,4,5,6,7,8,9,10,11,12,13,14
484 0,1,2,3,4,5,6,7,8,9,10,11,12,13,14
485 0,1,2,3,4,5,6,7,8,9,10,11,12,13,14
486 0,1,2,3,4,5,6,7,8,9,10,11,12,13,14
487 0,1,2,3,4,5,6,7,8,9,10,11,12,13,14
488 0,1,2,3,4,5,6,7,8,9,10,11,12,13,14
489 0,1,2,3,4,5,6,7,8,9,10,11,12,13,14
490 0,1,2,3,4,5,6,7,8,9,10,11,12,13,14
491 0,1,2,3,4,5,6,7,8,9,10,11,12,13,14
492 0,1,2,3,4,5,6,7,8,9,10,11,12,13,14
493 0,1,2,3,4,5,6,7,8,9,10,11,12,13,14
494 0,1,2,3,4,5,6,7,8,9,10,11,12,13,14
495 0,1,2,3,4,5,6,7,8,9,10,11,12,13,14
496 0,1,2,3,4,5,6,7,8,9,10,11,12,13,14
497 0,1,2,3,4,5,6,7,8,9,10,11,12,13,14
498 0,1,2,3,4,5,6,7,8,9,10,11,12,13,14
499 0,1,2,3,4,5,6,7,8,9,10,11,12,13,14
500 0,1,2,3,4,5,6,7,8,9,10,11,12,13,14
501 0,1,2,3,4,5,6,7,8,9,10,11,12,13,14
502 0,1,2,3,4,5,6,7,8,9,10,11,12,13,14
503 0,1,2,3,4,5,6,7,8,9,10,11,12,13,14
504 0,1,2,3,4,5,6,7,8,9,10,11,12,13,14
505 0,1,2,3,4,5,6,7,8,9,10,11,12,13,14
506 0,1,2,3,4,5,6,7,8,9,10,11,12,13,14
507 0,1,2,3,4,5,6,7,8,9,10,11,12,13,14
508 0,1,2,3,4,5,6,7,8,9,10,11,12,13,14
509 0,1,2,3,4,5,6,7,8,9,10,11,12,13,14
510 0,1,2,3,4,5,6,7,8,9,10,11,12,13,14
511 0,1,2,3,4,5,6,7,8,9,10,11,12,13,14
512 0,1,2,3,4,5,6,7,8,9,10,11,12,13,14
513 0,1,2,3,4,5,6,7,8,9,10,11,12,13,14
514 0,1,2,3,4,5,6,7,8,9,10,11,12,13,14
515 0,1,2,3,4,5,6,7,8,9,10,11,12,13,14
516 0,1,2,3,4,5,6,7,8,9,10,11,12,13,14
517 0,1,2,3,4,5,6,7,8,9,10,11,12,13,14
518 0,1,2,3,4,5,6,7,8,9,10,11,12,13,14
519 0,1,2,3,4,5,6,7,8,9,10,11,12,13,14
520 0,1,2,3,4,5,6,7,8,9,10,11,12,13,14
521 0,1,2,3,4,5,6,7,8,9,10,11,12,13,14
522 0,1,2,3,4,5,6,7,8,9,10,11,12,13,14
523 0,1,2,3,4,5,6,7,8,9,10,11,12,13,14
524 0,1,2,3,4,5,6,7,8,9,10,11,12,13,14
525 0,1,2,3,4,5,6,7,8,9,10,11,12,13,14
526 0,1,2,3,4,5,6,7,8,9,10,11,12,13,14
527 0,1,2,3,4,5,6,7,8,9,10,11,12,13,14
528 0,1,2,3,4,5,6,7,8,9,10,11,12,13,14
529 0,1,2,3,4,5,6,7,8,9,10,11,12,13,14
530 0,1,2,3,4,5,6,7,8,9,10,11,12,13,14
531 0,1,2,3,4,5,6,7,8,9,10,11,12,13,14
532 0,1,2,3,4,5,6,7,8,9,10,11,12,13,14
533 0,1,2,3,4,5,6,7,8,9,10,11,12,13,14
534 0,1,2,3,4,5,6,7,8,9,10,11,12,13,14
535 0,1,2,3,4,5,6,7,8,9,10,11,12,13,14
536 0,1,2,3,4,5,6,7,8,9,10,11,12,13,14
537 0,1,2,3,4,5,6,7,8,9,10,11,12,13,14
538 0,1,2,3,4,5,6,7,8,9,10,11,12,13,14
539 0,1,2,3,4,5,6,7,8,9,10,11,12,13,14
540 0,1,2,3,4,5,6,7,8,9,10,11,12,13,14
541 0,1,2,3,4,5,6,7,8,9,10,11,12,13,14
542 0,1,2,3,4,5,6,7,8,9,10,11,12,13,14
543 0,1,2,3,4,5,6,7,8,9,10,11,12,13,14
544 0,1,2,3,4,5,6,7,8,9,10,11,12,13,14
545 0,1,2,3,4,5,6,7,8,9,10,11,12,13,14
546 0,1,2,3,4,5,6,7,8,9,10,11,12,13,14
547 0,1,2,3,4,5,6,7,8,9,10,11,12,13,14
548 0,1,2,3,4,5,6,7,8,9,10,11,12,13,14
549 0,1,2,3,4,5,6,7,8,9,10,11,12,13,14
550 0,1,2,3,4,5,6,7,8,9,10,11,12,13,14
551 0,1,2,3,4,5,6,7,8,9,10,11,12,13,14
552 0,1,2,3,4,5,6,7,8,9,10,11,12,13,14
553 0,1,2,3,4,5,6,7,8,9,10,11,12,13,14
554 0,1,2,3,4,5,6,7,8,9,10,11,12,13,14
555 0,1,2,3,4,5,6,7,8,9,10,11,12,13,14
556 0,1,2,3,4,5,6,7,8,9,10,11,12,13,14
557 0,1,2,3,4,5,6,7,8,9,10,11,12,13,14
558 0,1,2,3,4,5,6,7,8,9,10,11,12,13,14
559 0,1,2,3,4,5,6,7,8,9,10,11,12,13,14
560 0,1,2,3,4,5,6,7,8,9,10,11,12,13,14
561 0,1,2,3,4,5,6,7,8,9,10,11,12,13,14
562 0,1,2,3,4,5,6,7,8,9,10,11,12,13,14
563 0,1,2,3,4,5,6,7,8,9,10,11,12,13,14
564 0,1,2,3,4,5,6,7,8,9,10,11,12,13,14
565 0,1,2,3,4,5,6,7,8,9,10,11,12,13,14
566 0,1,2,3,4,5,6,7,8,9,10,11,12,13,14
567 0,1,2,3,4,5,6,7,8,9,10,11,12,13,14
568 0,1,2,3,4,5,6,7,8,9,10,11,12,13,14
569 0,1,2,3,4,5,6,7,8,9,10,11,12,13,14
570 0,1,2,3,4,5,6,7,8,9,10,11,12,13,14
571 0,1,2,3,4,5,6,7,8,9,10,11,12,13,14
572 0,1,2,3,4,5,6,7,8,9,10,11,12,13,14
573 0,1,2,3,4,5,6,7,8,9,10,11,12,13,14
574 0,1,2,3,4,5,6,7,8,9,10,11,12,13,14
575 0,1,2,3,4,5,6,7,8,9,10,11,12,13,14
576 0,1,2,3,4,5,6,7,8,9,10,11,12,13,14
577 0,1,2,3,4,5,6,7,8,9,10,11,12,13,14
578 0,1,2,3,4,5,6,7,8,9,10,11,12,13,14
579 0,1,2,3,4,5,6,7,8,9,10,11,12,13,14
580 0,1,2,3,4,5,6,7,8,9,10,11,12,13,14
581 0,1,2,3,4,5,6,7,8,9,10,11,12,13,14
582 0,1,2,3,4,5,6,7,8,9,10,11,12,13,14
583 0,1,2,3,4,5,6,7,8,9,10,11,12,13,14
584 0,1,2,3,4,5,6,7,8,9,10,11,12,13,14
585 0,1,2,3,4,5,6,7,8,9,10,11,12,13,14
586 0,1,2,3,4,5,6,7,8,9,10,11,12,13,14
587 0,1,2,3,4,5,6,7,8,9,10,11,12,13,14
588 0,1,2,3,4,5,6,7,8,9,10,11,12,13,14
589 0,1,2,3,4,5,6,7,8,9,10,11,12,13,14
590 0,1,2,3,4,5,6,7,8,9,10,11,12,13,14
591 0,1,2,3,4,5,6,7,8,9,10,11,12,13,14
592 0,1,2,3,4,5,6,7,8,9,10,11,12,13,14
593 0,1,2,3,4,5,6,7,8,9,10,11,12,13,14
594 0,1,2,3,4,5,6,7,8,9,10,11,12,13,14
595 0,1,2,3,4,5,6,7,8,9,10,11,12,13,14
596 0,1,2,3,4,5,6,7,8,9,10,11,12,13,14
597 0,1,2,3,4,5,6,7,8,9,10,11,12,13,14
598 0,1,2,3,4,5,6,7,8,9,10,11,12,13,14
599 0,1,2,3,4,5,6,7,8,9,10,11,12,13,14
600 0,1,2,3,4,5,6,7,8,9,10,11,12,13,14
601 0,1,2,3,4,5,6,7,8,9,10,11,12,13,14
602 0,1,2,3,4,5,6,7,8,9,10,11,12,13,14
603 0,1,2,3,4,5,6,7,8,9,10,11,12,13,14
604 0,1,2,3,4,5,6,7,8,9,10,11,12,13,14
605 0,1,2,3,4,5,6,7,8,9,10,11,12,13,14
606 0,1,2,3,4,5,6,7,8,9,10,11,12,13,14
607 0,1,2,3,4,5,6,7,8,9,10,11,12,13,14
608 0,1,2,3,4,5,6,7,8,9,10,11,12,13,14
609 0,1,2,3,4,5,6,7,8,9,10,11,12,13,14
610 0,1,2,3,4,5,6,7,8,9,10,11,12,13,14
611 0,1,2,3,4,5,6,7,8,9,10,11,12,13,14
612 0,1,2,3,4,5,6,7,8,9,10,11,12,13,14
613 0,1,2,3,4,5,6,7,8,9,10,11,12,13,14
614 0,1,2,3,4,5,6,7,8,9,10,11,12,13,14
615 0,1,2,3,4,5,6,7,8,9,10,11,12,13,14
616 0,1,2,3,4,5,6,7,8,9,10,11,12,13,14
617 0,1,2,3,4,5,6,7,8,9,10,11,12,13,14
618 0,1,2,3,4,5,6,7,8,9,10,11,12,13,14
619 0,1,2,3,4,5,6,7,8,9,10,11,12,13,14
620 0,1,2,3,4,5,6,7,8,9,10,11,12,13,14
621 0,1,2,3,4,5,6,7,8,9,10,11,12,13,14
622 0,1,2,3,4,5,6,7,8,9,10,11,12,13,14
623 0,1,2,3,4,5,6,7,8,9,10,11,12,13,14
624 0,1,2,3,4,5,6,7,8,9,10,11,12,13,14
625 0,1,2,3,4,5,6,7,8,9,10,11,12,13,14
626 0,1,2,3,4,5,6,7,8,9,10,11,12,13,14
627 0,1,2,3,4,5,6,7,8,9,10,11,12,13,14
628 0,1,2,3,4,5,6,7,8,9,10,11,12,13,14
629 0,1,2,3,4,5,6,7,8,9,10,11,12,13,14
630 0,1,2,3,4,5,6,7,8,9,10,11,12,13,14
631 0,1,2,3,4,5,6,7,8,9,10,11,12,13,14
632 0,1,2,3,4,5,6,7,8,9,10,11,12,13,14
633 0,1,2,3,4,5,6,7,8,9,10,11,12,13,14
634 0,1,2,3,4,5,6,7,8,9,10,11,12,13,14
635 0,1,2,3,4,5,6,7,8,9,10,11,12,13,14
636 0,1,2,3,4,5,6,7,8,9,10,11,12,13,14
637 0,1,2,3,4,5,6,7,8,9,10,11,12,13,14
638 0,1,2,3,4,5,6,7,8,9,10,11,12,13,14
639 0,1,2,3,4,5,6,7,8,9,10,11,12,13,14
640 0,1,2,3,4,5,6,7,8,9,10,11,12,13,14
641 0,1,2,3,4,5,6,7,8,9,10,11,12,13,14
642 0,1,2,3,4,5,6,7,8,9,10,11,12,13,14
643 0,1,2,3,4,5,6,7,8,9,10,11,12,13,14
644 0,1,2,3,4,5,6,7,8,9,10,11,12,13,14
645 0,1,2,3,4,5,6,7,8,9,10,11,12,13,14
646 0,1,2,3,4,5,6,7,8,9,10,11,12,13,14
647 0,1,2,3,4,5,6,7,8,9,10,11,12,13,14
648 0,1,2,3,4,5,6,7,8,9,10,11,12,13,14
649 0,1,2,3,4,5,6,7,8,9,10,11,12,13,14
650 0,1,2,3,4,5,6,7,8,9,10,11,12,13,14
651 0,1,2,3,4,5,6,7,8,9,10,11,12,13,14
652 0,1,2,3,4,5,6,7,8,9,10,11,12,13,14
653 0,1,2,3,4,5,6,7,8,9,10,11,12,13,14
654 0,1,2,3,4,5,6,7,8,9,10,11,12,13,14
655 0,1,2,3,4,5,6,7,8,9,10,11,12,13,14
656 0,1,2,3,4,5,6,7,8,9,10,11,12,13,14
657 0,1,2,3,4,5,6,7,8,9,10,11,12,13,14
658 0,1,2,3,4,5,6,7,8,9,10,11,12,13,14
659 0,1,2,3,4,5,6,7,8,9,10,11,12,13,14
660 0,1,2,3,4,5,6,7,8,9,10,11,12,13,14
661 0,1,2,3,4,5,6,7,8,9,10,11,12,13,14
662 0,1,2,3,4,5,6,7,8,9,10,11,12,13,14
663 0,1,2,3,4,5,6,7,8,9,10,11,12,13,14
664 0,1,2,3,4,5,6,7,8,9,10,11,12,13,14
665 0,1,2,3,4,5,6,7,8,9,10,11,12,13,14
666 0,1,2,3,4,5,6,7,8,9,10,11,12,13,14
667 0,1,2,3,4,5,6,7,8,9,10,11,12,13,14
668 0,1,2,3,4,5,6,7,8,9,10,11,12,13,14
669 0,1,2,3,4,5,6,7,8,9,10,11,12,13,14
670 0,1,2,3,4,5,6,7,8,9,10,11,12,13,14
671 0,1,2,3,4,5,6,7,8,9,10,11,12,13,14
672 0,1,2,3,4,5,6,7,8,9,10,11,12,13,14
673 0,1,2,3,4,5,6,7,8,9,10,11,12,13,14
674 0,1,2,3,4,5,6,7,8,9,10,11,12,13,14
675 0,1,2,3,4,5,6,7,8,9,10,11,12,13,14
676 0,1,2,3,4,5,6,7,8,9,10,11,12,13,14
677 0,1,2,3,4,5,6,7,8,9,10,11,12,13,14
678 0,1,2,3,4,5,6,7,8,9,10,11,12,13,14
679 0,1,2,3,4,5,6,7,8,9,10,11,12,13,14
680 0,1,2,3,4,5,6,7,8,9,10,11,12,13,14
681 0,1,2,3,4,5,6,7,8,9,10,11,12,13,14
682 0,1,2,3,4,5,6,7,8,9,10,11,12,13,14
683 0,1,2,3,4,5,6,7,8,9,10,11,12,13,14
684 0,1,2,3,4,5,6,7,8,9,10,11,12,13,14
685 0,1,2,3,4,5,6,7,8,9,10,11,12,13,14
686 0,1,2,3,4,5,6,7,8,9,10,11,12,13,14
687 0,1,2,3,4,5,6,7,8,9,10,11,12,13,14
688 0,1,2,3,4,5,6,7,8,9,10,11,12,13,14
689 0,1,2,3,4,5,6,7,8,9,10,11,12,13,14
690 0,1,2,3,4,5,6,7,8,9,10,11,12,13,14
691 0,1,2,3,4,5,6,7,8,9,10,11,12,13,14
692 0,1,2,3,4,5,6,7,8,9,10,11,12,13,14
693 0,1,2,3,4,5,6,7,8,9,10,11,12,13,14
694 0,1,2,3,4,5,6,7,8,9,10,11,12,13,14
695 0,1,2,3,4,5,6,7,8,9,10,11,12,13,14
696 0,1,2,3,4,5,6,7,8,9,10,11,12,13,14
697 0,1,2,3,4,5,6,7,8,9,10,11,12,13,14
698 0,1,2,3,4,5,6,7,8,9,10,11,12,13,14
699 0,1,2,3,4,5,6,7,8,9,10,11,12,13,14
700 0,1,2,3,4,5,6,7,8,9,10,11,12,13,14
701 0,1,2,3,4,5,6,7,8,9,10,11,12,13,14
702 0,1,2,3,4,5,6,7,8,9,10,11,12,13,14
703 0,1,2,3,4,5,6,7,8,9,10,11,12,13,14
704 0,1,2,3,4,5,6,7,8,9,10,11,12,13,14
705 0,1,2,3,4,5,6,7,8,9,10,11,12,13,14
706 0,1,2,3,4,5,6,7,8,9,10,11,12,13,14
707 0,1,2,3,4,5,6,7,8,9,10,11,12,13,14
708 0,1,2,3,4,5,6,7,8,9,10,11,12,13,14
709 0,1,2,3,4,5,6,7,8,9,10,11,12,13,14
710 0,1,2,3,4,5,6,7,8,9,10,11,12,13,14
711 0,1,2,3,4,5,6,7,8,9,10,11,12,13,14
712 0,1,2,3,4,5,6,7,8,9,10,11,12,13,14
713 0,1,2,3,4,5,6,7,8,9,10,11,12,13,14
714 0,1,2,3,4,5,6,7,8,9,10,11,12,13,14
715 0,1,2,3,4,5,6,7,8,9,10,11,12,13,14
716 0,1,2,3,4,5,6,7,8,9,10,11,12,13,14
717 0,1,2,3,4,5,6,7,8,9,10,11,12,13,14
718 0,1,2,3,4,5,6,7,8,9,10,11,12,13,14
719 0,1,2,3,4,5,6,7,8,9,10,11,12,13,14
720 0,1,2,3,4,5,6,7,8,9,10,11,12,13,14
721 0,1,2,3,4,5,6,7,8,9,10,11,12,13,14
722 0,1,2,3,4,5,6,7,8,9,10,11,12,13,14
723 0,1,2,3,4,5,6,7,8,9,10,11,12,13,14
724 0,1,2,3,4,5,6,7,8,9,10,11,12,13,14
725 0,1,2,3,4,5,6,7,8,9,10,11,12,13,14
726 0,1,2,3,4,5,6,7,8,9,10,11,12,13,14
727 0,1,2,3,4,5,6,7,8,9,10,11,12,13,14
728 0,1,2,3,4,5,6,7,8,9,10,11,12,13,14
729 0,1,2,3,4,5,6,7,8,9,10,11,12,13,14
730 0,1,2,3,4,5,6,7,8,9,10,11,12,13,14
731 0,1,2,3,4,5,6,7,8,9,10,11,12,13,14
732 0,1,2,3,4,5,6,7,8,9,10,11,12,13,14
733 0,1,2,3,4,5,6,7,8,9,10,11,12,13,14
734 0,1,2,3,4,5,6,7,8,9,10,11,12,13,14
735 0,1,2,3,4,5,6,7,8,9,10,11,12,13,14
736 0,1,2,3,4,5,6,7,8,9,10,11,12,13,14
737 0,1,2,3,4,5,6,7,8,9,10,11,12,13,14
738 0,1,2,3,4,5,6,7,8,9,10,11,12,13,14
739 0,1,2,3,4,5,6,7,8,9,10,11,12,13,14
740 0,1,2,3,4,5,6,7,8,9,10,11,12,13,14
741 0,1,2,3,4,5,6,7,8,9,10,11,12,13,14
742 0,1,2,3,4,5,6,7,8,9,10,11,12,13,14
743 0,1,2,3,4,5,6,7,8,9,10,11,12,13,14
744 0,1,2,3,4,5,6,7,8,9,10,11,12,13,14
745 0,1,2,3,4,5,6,7,8,9,10,11,12,13,14
746 0,1,2,3,4,5,6,7,8,9,10,11,12,13,14
747 0,1,2,3,4,5,6,7,8,9,10,11,12,13,14
748 0,1,2,3,4,5,6,7,8,9,10,11,12,13,14
749 0,1,2,3,4,5,6,7,8,9,10,11,12,13,14
750 0,1,2,3,4,5,6,7,8,9,10,11,12,13,14
751 0,1,2,3,4,5,6,7,8,9,10,11,12,13,14
752 0,1,2,3,4,5,6,7,8,9,10,11,12,13,14
753 0,1,2,3,4,5,6,7,8,9,10,11,12,13,14
754 0,1,2,3,4,5,6,7,8,9,10,11,12,13,14
755 0,1,2,3,4,5,6,7,8,9,10,11,12,13,14
756 0,1,2,3,4,5,6,7,8,9,10,11,12,13,14
757 0,1,2,3,4,5,6,7,8,9,10,11,12,13,14
758 0,1,2,3,4,5,6,7,8,9,10,11,12,13,14
759 0,1,2,3,4,5,6,7,8,9,10,11,12,13,14
760 0,1,2,3,4,5,6,7,8,9,10,11,12,13,14
761 0,1,2,3,4,5,6,7,8,9,10,11,12,13,14
762 0,1,2,3,4,5,6,7,8,9,10,11,12,13,14
763 0,1,2,3,4,5,6,7,8,9,10,11,12,13,14
764 0,1,2,3,4,5,6,7,8,9,10,11,12,13,14
765 0,1,2,3,4,5,6,7,8,9,10,11,12,13,14
766 0,1,2,3,4,5,6,7,8,9,10,11,12,13,14
767 0,1,2,3,4,5,6,7,8,9,10,11,12,13,14
768 0,1,2,3,4,5,6,7,8,9,10,11,12,13,14
769 0,1,2,3,4,5,6,7,8,9,10,11,12,13,14
770 0,1,2,3,4,5,6,7,8,9,10,11,12,13,14
771 0,1,2,3,4,5,6,7,8,9,10,11,12,13,14
772 0,1,2,3,4,5,6,7,8,9,10,11,12,13,14
773 0,1,2,3,4,5,6,7,8,9,10,11,12,13,14
774 0,1,2,3,4,5,6,7,8,9,10,11,12,13,14
775 0,1,2,3,4,5,6,7,8,9,10,11,12,13,14
776 0,1,2,3,4,5,6,7,8,9,10,11,12,13,14
777 0,1,2,3,4,5,6,7,8,9,10,11,12,13,14
778 0,1,2,3,4,5,6,7,8,9,10,11,12,13,14
779 0,1,2,3,4,5,6,7,8,9,10,11,12,13,14
780 0,1,2,3,4,5,6,7,8,9,10,11,12,13,14
781 0,1,2,3,4,5,6,7,8,9,10,11,12,13,14
782 0,1,2,3,4,5,6,7,8,9,10,11,12,13,14
783 0,1,2,3,4,5,6,7,8,9,10,11,12,13,14
784 0,1,2,3,4,5,6,7,8,9,10,11,12,13,14
785 0,1,2,3,4,5,6,7,8,9,10,11,12,13,14
786 0,1,2,3,4,5,6,7,8,9,10,11,12,13,14
787 0,1,2,3,4,5,6,7,8,9,10,11,12,13,14
788 0,1,2,3,4,5,6,7,8,9,10,11,12,13,14
789 0,1,2,3,4,5,6,7,8,9,10,11,12,13,14
790 0,1,2,3,4,5,6,7,8,9,10,11,12,13,14
791 0,1,2,3,4,5,6,7,8,9,10,11,12,13,14
792 0,1,2,3,4,5,6,7,8,9,10,11,12,13,14
793 0,1,2,3,4,5,6,7,8,9,10,11,12,13,14
794 0,1,2,3,4,5,6,7,8,9,10,11,12,13,14
795 0,1,2,3,4,5,6,7,8,9,10,11,12,13,14
796 0,1,2,3,4,5,6,7,8,9,10,11,12,13,14
797 0,1,2,3,4,5,6,7,8,9,10,11,12,13,14
798 0,1,2,3,4,5,6,7,8,9,10,11,12,13,14
799 0,1,2,3,4,5,6,7,8,9,10,11,12,13,14
800 0,1,2,3,4,5,6,7,8,9,10,11,12,13,14
801 0,1,2,3,4,5,6,7,8,9,10,11,12,13,14
802 0,1,2,3,4,5,6,7,8,9,10,11,12,13,14
803 0,1,2,3,4,5,6,7,8,9,10,11,12,13,14
804 0,1,2,3,4,5,6,7,8,9,10,11,12,13,14
805 0,1,2,3,4,5,6,7,8,9,10,11,12,13,14
806 0,1,2,3,4,5,6,7,8,9,10,11,12,13,14
807 0,1,2,3,4,5,6,7,8,9,10,11,12,13,14
808 0,1,2,3,4,5,6,7,8,9,10,11,12,13,14
809 0,1,2,3,4,5,6,7,8,9,10,11,12,13,14
810 0,1,2,3,4,5,6,7,8,9,10,11,12,13,14
811 0,1,2,3,4,5,6,7,8,9,10,11,12,13,14
812 0,1,2,3,4,5,6,7,8,9,10,11,12,13,14
813 0,1,2,3,4,5,6,7,8,9,10,11,12,13,14
814 0,1,2,3,4,5,6,7,8,9,10,11,12,13,14
815 0,1,2,3,4,5,6,7,8,9,10,11,12,13,14
816 0,1,2,3,4,5,6,7,8,9,10,11,12,13,14
817 0,1,2,3,4,5,6,7,8,9,10,11,12,13,14
818 0,1,2,3,4,5,6,7,8,9,10,11,12,13,14
819 0,1,2,3,4,5,6,7,8,9,10,11,12,13,14
820 0,1,2,3,4,5,6,7,8,9,10,11,12,13,14
821 0,1,2,3,4,5,6,7,8,9,10,11,12,13,14
822 0,1,2,3,4,5,6,7,8,9,10,11,12,13,14
823 0,1,2,3,4,5,6,7,8,9,10,11,12,13,14
824 0,1,2,3,4,5,6,7,8,9,10,11,12,13,14
825 0,1,2,3,4,5,6,7,8,9,10,11,12,13,14
826 0,1,2,3,4,5,6,7,8,9,10,11,12,13,14
827 0,1,2,3,4,5,6,7,8,9,10,11,12,13,14
828 0,1,2,3,4,5,6,7,8,9,10,11,12,13,14
829 0,1,2,3,4,5,6,7,8,9,10,11,12,13,14
830 0,1,2,3,4,5,6,7,8,9,10,11,12,13,14
831 0,1,2,3,4,5,6,7,8,9,10,11,12,13,14
832 0,1,2,3,4,5,6,7,8,9,10,11,12,13,14
833 0,1,2,3,4,5,6,7,8,9,10,11,12,13,14
834 0,1,2,3,4,5,6,7,8,9,10,11,12,13,14
835 0,1,2,3,4,5,6,7,8,9,10,11,12,13,14
836 0,1,2,3,4,5,6,7,8,9,10,11,12,13,14
837 0,1,2,3,4,5,6,7,8,9,10,11,12,13,14
838 0,1,2,3,4,5,6,7,8,9,10,11,12,13,14
839 0,1,2,3,4,5,6,7,8,9,10,11,12,13,14
840 0,1,2,3,4,5,6,7,8,9,10,11,12,13,14
841 0,1,2,3,4,5,6,7,8,9,10,11,12,13,14
842 0,1,2,3,4,5,6,7,8,9,10,11,12,13,14
843 0,1,2,3,4,5,6,7,8,9,10,11,12,13,14
844 0,1,2,3,4,5,6,7,8,9,10,11,12,13,14
845 0,1,2,3,4,5,6,7,8,9,10,11,12,13,14
846 0,1,2,3,4,5,6,7,8,9,10,11,12,13,14
847 0,1,2,3,4,5,6,7,8,9,10,11,12,13,14
848 0,1,2,3,4,5,6,7,8,9,10,11,12,13,14
849 0,1,2,3,4,5,6,7,8,9,10,11,12,13,14
850 0,1,2,3,4,5,6,7,8,9,10,11,12,13,14
851 0,1,2,3,4,5,6,7,8,9,10,11,12,13,14
852 0,1,2,3,4,5,6,7,8,9,10,11,12,13,14
853 0,1,2,3,4,5,6,7,8,9,10,11,12,13,14
854 0,1,2,3,4,5,6,7,8,9,10,11,12,13,14
855 0,1,2,3,4,5,6,7,8,9,10,11,12,13,14
856 0,1,2,3,4,5,6,7,8,9,10,11,12,13,14
857 0,1,2,3,4,5,6,7,8,9,10,11,12,13,14
858 0,1,2,3,4,5,6,7,8,9,10,11,12,13,14
859 0,1,2,3,4,5,6,7,8,9,10,11,12,13,14
860 0,1,2,3,4,5,6,7,8,9,10,11,12,13,14
861 0,1,2,3,4,5,6,7,8,9,10,11,12,13,14
862 0,1,2,3,4,5,6,7,8,9,10,11,12,13,14
863 0,1,2,3,4,5,6,7,8,9,10,11,12,13,14
864 0,1,2,3,4,5,6,7,8,9,10,11,12,13,14
865 0,1,2,3,4,5,6,7,8,9,10,11,12,13,14
866 0,1,2,3,4,5,6,7,8,9,10,11,12,13,14
867 0,1,2,3,4,5,6,7,8,9,10,11,12,13,14
868 0,1,2,3,4,5,6,7,8,9,10,11,12,13,14
869 0,1,2,3,4,5,6,7,8,9,10,11,12,13,14
870 0,1,2,3,4,5,6,7,8,9,10,11,12,13,14
871 0,1,2,3,4,5,6,7,8,9,10,11,12,13,14
872 0,1,2,3,4,5,6,7,8,9,10,11,12,13,14
873 0,1,2,3,4,5,6,7,8,9,10,11,12,13,14
874 0,1,2,3,4,5,6,7,8,9,10,11,12,13,14
875 0,1,2,3,4,5,6,7,8,9,10,11,12,13,14
876 0,1,2,3,4,5,6,7,8,9,10,11,12,13,14
877 0,1,2,3,4,5,6,7,8,9,10,11,12,13,14
878 0,1,2,3,4,5,6,7,8,9,10,11,12,13,14
879 0,1,2,3,4,5,6,7,8,9,10,11,12,13,14
880 0,1,2,3,4,5,6,7,8,9,10,11,12,13,14
881 0,1,2,3,4,5,6,7,8,9,10,11,12,13,14
882 0,1,2,3,4,5,6,7,8,9,10,11,12,13,14
883 0,1,2,3,4,5,6,7,8,9,10,11,12,13,14
884 0,1,2,3,4,5,6,7,8,9,10,11,12,13,14
885 0,1,2,3,4,5,6,7,8,9,10,11,12,13,14
886 0,1,2,3,4,5,6,7,8,9,10,11,12,13,14
887 0,1,2,3,4,5,6,7,8,9,10,11,12,13,14
888 0,1,2,3,4,5,6,7,8,9,10,11,12,13,14
889 0,1,2,3,4,5,6,7,8,9,10,11,12,13,14
890 0,1,2,3,4,5,6,7,8,9,10,11,12,13,14
891 0,1,2,3,4,5,6,7,8,9,10,11,12,13,14
892 0,1,2,3,4,5,6,7,8,9,10,11,12,13,14
893 0,1,2,3,4,5,6,7,8,9,10,11,12,13,14
894 0,1,2,3,4,5,6,7,8,9,10,11,12,13,14
895 0,1,2,3,4,5,6,7,8,9,10,11,12,13,14
896 0,1,2,3,4,5,6,7,8,9,10,11,12,13,14
897 0,1,2,3,4,5,6,7,8,9,10,11,12,13,14
898 0,1,2,3,4,5,6,7,8,9,10,11,12,13,14
899 0,1,2,3,4,5,6,7,8,9,10,11,12,13,14
900 0,1,2,3,4,5,6,7,8,9,10,11,12,13,14
901 0,1,2,3,4,5,6,7,8,9,10,11,12,13,14
902 0,1,2,3,4,5,6,7,8,9,10,11,12,13,14
903 0,1,2,3,4,5,6,7,8,9,10,11,12,13,14
904 0,1,2,3,4,5,6,7,8,9,10,11,12,13,14
905 0,1,2,3,4,5,6,7,8,9,10,11,12,13,14
906 0,1,2,3,4,5,6,7,8,9,10,11,12,13,14
907 0,1,2,3,4,5,6,7,8,9,10,11,12,13,14
908 0,1,2,3,4,5,6,7,8,9,10,11,12,13,14
909 0,1,2,3,4,5,6,7,8,9,10,11,12,13,14
910 0,1,2,3,4,5,6,7,8,9,10,11,12,13,14
911 0,1,2,3,4,5,6,7,8,9,10,11,12,13,14
912 0,1,2,3,4,5,6,7,8,9,10,11,12,13,14
913 0,1,2,3,4,5,6,7,8,9,10,11,12,13,14
914 0,1,2,3,4,5,6,7,8,9,10,11,12,13,14
915 0,1,2,3,4,5,6,7,8,9,10,11,12,13,14
916 0,1,2,3,4,5,6,7,8,9,10,11,12,13,14
917 0,1,2,3,4,5,6,7,8,9,10,11,12,13,14
918 0,1,2,3,4,5,6,7,8,9,10,11,12,13,14
919 0,1,2,3,4,5,6,7,8,9,10,11,12,13,14
920 0,1,2,3,4,5,6,7,8,9,10,11,12,13,14
921 0,1,2,3,4,5,6,7,8,9,10,11,12,13,14
922 0,1,2,3,4,5,6,7,8,9,10,11,12,13,14
923 0,1,2,3,4,5,6,7,8,9,10,11,12,13,14
924 0,1,2,3,4,5,6,7,8,9,10,11,12,13,14
925 0,1,2,3,4,5,6,7,8,9,10,11,12,13,14
926 0,1,2,3,4,5,6,7,8,9,10,11,12,13,14
927 0,1,2,3,4,5,6,7,8,9,10,11,12,13,14
928 0,1,2,3,4,5,6,7,8,9,10,11,12,13,14
929 0,1,2,3,4,5,6,7,8,9,10,11,12,13,14
930 0,1,2,3,4,5,6,7,8,9,10,11,12,13,14
931 0,1,2,3,4,5,6,7,8,9,10,11,12,13,14
932 0,1,2,3,4,5,6,7,8,9,10,11,12,13,14
933 0,1,2,3,4,5,6,7,8,9,10,11,12,13,14
934 0,1,2,3,4,5,6,7,8,9,10,11,12,13,14
935 0,1,2,3,4,5,6,7,8,9,10,11,12,13,14
936 0,1,2,3,4,5,6,7,8,9,10,11,12,13,14
937 0,1,2,3,4,5,6,7,8,9,10,11,12,13,14
938 0,1,2,3,4,5,6,7,8,9,10,11,12,13,14
939 0,1,2,3,4,5,6,7,8,9,10,11,12,13,14
940 0,1,2,3,4,5,6,7,8,9,10,11,12,13,14
941 0,1,2,3,4,5,6,7,8,9,10,11,12,13,14
942 0,1,2,3,4,5,6,7,8,9,10,11,12,13,14
943 0,1,2,3,4,5,6,7,8,9,10,11,12,13,14
944 0,1,2,3,4,5,6,7,8,9,10,11,12,13,14
945 0,1,2,3,4,5,6,7,8,9,10,11,12,13,14
946 0,1,2,3,4,5,6,7,8,9,10,11,12,13,14
947 0,1,2,3,4,5,6,7,8,9,10,11,12,13,14
948 0,1,2,3,4,5,6,7,8,9,10,11,12,13,14
949 0,1,2,3,4,5,6,7,8,9,10,11,12,13,14
950 0,1,2,3,4,5,6,7,8,9,10,11,12,13,14
951 0,1,2,3,4,5,6,7,8,9,10,11,12,13,14
952 0,1,2,3,4,5,6,7,8,9,10,11,12,13,14
953 0,1,2,3,4,5,6,7,8,9,10,11,12,13,14
954 0,1,2,3,4,5,6,7,8,9,10,11,12,13,14
955 0,1,2,3,4,5,6,7,8,9,10,11,12,13,14
956 0,1,2,3,4,5,6,7,8,9,10,11,12,13,14
957 0,1,2,3,4,5,6,7,8,9,10,11,12,13,14
958 0,1,2,3,4,5,6,7,8,9,10,11,12,13,14
959 0,1,2,3,4,5,6,7,8,9,10,11,12,13,14
960 0,1,2,3,4,5,6,7,8,9,10,11,12,13,14
961 0,1,2,3,4,5,6,7,8,9,10,11,12,13,14
962 0,1,2,3,4,5,6,7,8,9,10,11,12,13,14
963 0,1,2,3,4,5,6,7,8,9,10,11,12,13,14
964 0,1,2,3,4,5,6,7,8,9,10,11,12,13,14
965 0,1,2,3,4,5,6,7,8,9,10,11,12,13,14
966 0,1,2,3,4,5,6,7,8,9,10,11,12,13,14
967 0,1,2,3,4,5,6,7,8,9,10,11,12,13,14
968 0,1,2,3,4,5,6,7,8,9,10,11,12,13,14
969 0,1,2,3,4,5,6,7,8,9,10,11,12,13,14
970 0,1,2,3,4,5,6,7,8,9,10,11,12,13,14
971 0,1,2,3,4,5,6,7,8,9,10,11,12,13,14
972 0,1,2,3,4,5,6,7,8,9,10,11,12,13,14
973 0,1,2,3,4,5,6,7,8,9,10,11,12,13,14
974 0,1,2,3,4,5,6,7,8,9,10,11,12,13,14
975 0,1,2,3,4,5,6,7,8,9,10,11,12,13,14
976 0,1,2,3,4,5,6,7,8,9,10,11,12,13,14
977 0,1,2,3,4,5,6,7,8,9,10,11,12,13,14
978 0,1,2,3,4,5,6,7,8,9,10,11,12,13,14
979 0,1,2,3,4,5,6,7,8,9,10,11,12,13,14
980 0,1,2,3,4,5,6,7,8,9,10,11,12,13,14
981 0,1,2,3,4,5,6,7,8,9,10,11,12,13,14
982 0,1,2,3,4,5,6,7,8,9,10,11,12,13,14
983 0,1,2,3,4,5,6,7,8,9,10,11,12,13,14
984 0,1,2,3,4,5,6,7,8,9,10,11,12,13,14
985 0,1,2,3,4,5,6,7,8,9,10,11,12,13,14
986 0,1,2,3,4,5,6,7,8,9,10,11,12,13,14
987 0,1,2,3,4,5,6,7,8,9,10,11,12,13,14
988 0,1,2,3,4,5,6,7,8,9,10,11,12,13,14
989 0,1,2,3,4,5,6,7,8,9,10,11,12,13,14
990 0,1,2,3,4,5,6,7,8,9,10,11,12,13,14
991 0,1,2,3,4,5,6,7,8,9,10,11,12,13,14
992 0,1,2,3,4,5,6,7,8,9,10,11,12,13,14
993 0,1,2,3,4,5,6,7,8,9,10,11,12,13,14
994 0,1,2,3,4,5,6,7,8,9,10,11,12,13,14
995 0,1,2,3,4,5,6,7,8,9,10,11,12,13,14
996 0,1,2,3,4,5,6,7,8,9,10,11,12,13,14
997 0,1,2,3,4,5,6,7,8,9,10,11,12,13,14
998 0,1,2,3,4,5,6,7,8,9,10,11,12,13,14
999 0,1,2,3,4,5,6,7,8,9,10,11,12,13,14
1000 1,2,3,4,5,6,7,8,9,10,11,12,13,14
1001 1,2,3,4,5,6,7,8,9,10,11,12,13,14
1002 1,2,3,4,5,6,7,8,9,10,11,12,13,14
1003 1,2,3,4,5,6,7,8,9,10,11,12,13,14
1004 1,2,3,4,5,6,7,8,9,10,11,12,13,14
1005 1,2,3,4,5,6,7,8,9,10,11,12,13,14
1006 1,2,3,4,5,6,7,8,9,10,11,12,13,14
1007 1,2,3,4,5,6,7,8,9,10,11,12,13,14
1008 1,2,3,4,5,6,7,8,9,10,11,12,13,14
1009 1,2,3,4,5,6,7,8,9,10,11,12,13,14
1010 2,3,4,5,6,7,8,9,10,11,12,13,14
1011 2,3,4,5,6,7,8,9,10,11,12,13,14
1012 2,3,4,5,6,7,8,9,10,11,12,13,14
1013 2,3,4,5,6,7,8,9,10,11,12,13,14
1014 2,3,4,5,6,7,8,9,10,11,12,13,14
1015 2,3,4,5,6,7,8,9,10,11,12,13,14
1016 5,6,7,8,9,10,11,12,13,14
1017 5,6,7,8,9,10,11,12,13,14
1018 5,6,7,8,9,10,11,12,13,14
1019 5,6,7,8,9,10,11,12,13,14
1020 5,6,7,8,9,10,11,12,13,14
1021 5,6,7,8,9,10,11,12,13,14
1022 5,6,7,8,9,10,11,12,13,14
1023 5,6,7,8,9,10,11,12,13,14
1024 5,6,7,8,9,10,11,12,13,14
1025 5,6,7,8,9,10,11,12,13,14
1026 5,6,7,8,9,10,11,12,13,14
1027 5,6,7,8,9,10,11,12,13,14
1028 5,6,7,8,9,10,11,12,13,14
1029 5,6,7,8,9,10,11,12,13,14
1030 5,6,7,8,9,10,11,12,13,14
1031 6,7,8,9,10,11,12,13,14
1032 6,7,8,9,10,11,12,13,14
1033 6,7,8,9,10,11,12,13,14
1034 6,7,8,9,10,11,12,13,14
1035 6,7,8,9,10,11,12,13,14
1036 6,7,8,9,10,11,12,13,14
1037 7,8,9,10,11,12,13,14
1038 7,8,9,10,11,12,13,14
1039 7,8,9,10,11,12,13,14
1040 7,8,9,10,11,12,13,14
1041 9,10,11,12,13,14
1042 9,10,11,12,13,14
1043 9,10,11,12,13,14
1044 9,10,11,12,13,14
1045 10,11,12,13,14
1046 10,11,12,13,14
1047 10,11,12,13,14
1048 10,11,12,13,14
1049 10,11,12,13,14
1050 10,11,12,13,14
1051 10,11,12,13,14
1052 12,13,14
1053 12,13,14
1054 12,13,14
1055 12,13,14
1056 12,13,14
1057 14
1058 14
1059 14
1060 14
1061 14
1062 14
1063 14
