*Disappearing Nodes
#End Disappearing Nodes

*Newborn Nodes
#End Newborn Nodes

*Disappearing Edges
1	253
1	376
1	509
1	578
1	605
1	661
1	803
1	937
1	961
253	199
253	379
253	518
253	803
253	875
253	885
253	943
253	961
253	967
376	395
376	429
376	582
376	586
376	605
376	715
376	813
376	875
376	890
376	943
376	955
376	967
376	980
509	58
509	117
509	398
509	437
509	508
509	512
509	638
509	651
509	676
509	748
509	769
509	804
509	930
509	946
509	961
578	321
578	351
578	353
578	448
578	456
578	467
578	562
578	611
578	644
578	820
578	845
578	853
578	875
578	907
578	930
605	296
605	353
605	377
605	460
605	481
605	611
605	642
605	751
605	787
605	796
605	805
605	870
605	946
605	967
661	58
661	65
661	76
661	152
661	338
661	342
661	377
661	425
661	426
661	429
661	512
661	531
661	594
661	651
661	724
661	804
803	115
803	116
803	181
803	201
803	237
803	256
803	263
803	329
803	338
803	381
803	382
803	395
803	463
803	478
803	531
803	687
803	743
803	751
803	772
803	794
803	921
803	937
803	967
803	980
937	116
937	152
937	157
937	205
937	248
937	303
937	304
937	316
937	348
937	351
937	377
937	398
937	423
937	426
937	512
937	531
937	562
937	571
937	608
937	687
937	724
937	767
937	769
937	772
937	783
937	791
937	853
937	870
937	875
937	890
937	980
961	15
961	131
961	181
961	201
961	202
961	237
961	248
961	296
961	335
961	353
961	423
961	425
961	426
961	506
961	608
961	611
961	642
961	724
961	769
961	774
961	783
961	794
961	813
961	845
961	875
961	890
967	15
967	34
967	67
967	142
967	212
967	316
967	321
967	348
967	398
967	431
967	447
967	466
967	508
967	531
967	594
967	644
967	676
967	724
967	743
967	767
967	786
967	791
967	805
967	813
967	885
967	890
967	946
2	63
2	132
2	196
2	247
2	488
2	601
2	636
63	132
63	196
63	247
63	488
63	520
63	601
63	636
63	712
63	925
132	196
132	247
132	488
132	520
132	601
132	636
132	712
132	925
196	247
196	488
196	520
196	636
247	488
247	636
488	520
488	601
488	636
488	712
488	925
520	636
601	636
636	712
636	925
3	252
3	356
3	559
3	706
3	710
3	759
3	819
252	332
252	430
252	474
252	706
252	710
252	759
252	835
252	854
252	859
252	873
356	182
356	474
356	557
356	559
356	657
356	781
356	859
356	904
356	934
559	334
559	341
559	343
559	474
559	476
559	513
559	544
559	695
559	706
559	759
559	781
559	819
559	854
559	935
706	254
706	266
706	293
706	405
706	554
706	588
706	753
706	819
706	847
706	859
706	873
706	904
706	915
706	926
706	934
710	137
710	222
710	333
710	399
710	424
710	716
710	731
710	737
710	847
759	10
759	137
759	149
759	182
759	294
759	333
759	344
759	554
759	568
759	589
759	753
759	826
759	847
759	894
819	12
819	25
819	211
819	257
819	293
819	294
819	323
819	334
819	384
819	399
819	556
819	589
819	607
819	625
819	750
819	829
819	979
894	37
894	45
894	158
894	222
894	280
894	293
894	371
894	424
894	430
894	464
894	533
894	544
894	549
894	556
894	589
894	737
894	781
894	847
894	908
894	934
894	979
904	25
904	149
904	180
904	182
904	280
904	293
904	333
904	343
904	349
904	369
904	405
904	544
904	554
904	557
904	589
904	657
904	736
904	757
904	847
904	873
934	45
934	121
934	137
934	162
934	182
934	268
934	293
934	323
934	332
934	334
934	365
934	371
934	405
934	544
934	554
934	588
934	589
934	649
934	736
934	737
934	753
934	826
934	835
934	847
934	915
934	926
4	411
4	470
4	628
4	631
4	741
4	802
4	838
4	869
411	218
411	245
411	265
411	577
411	598
411	679
411	771
411	869
470	125
470	194
470	331
470	480
470	598
470	741
470	747
470	802
470	892
628	30
628	107
628	125
628	146
628	150
628	217
628	298
628	331
628	416
628	486
628	577
628	747
628	802
631	111
631	124
631	125
631	165
631	236
631	246
631	265
631	298
631	492
631	730
631	741
688	124
688	150
688	173
688	218
688	236
688	265
688	416
688	480
688	492
688	527
688	577
688	679
688	814
688	892
741	30
741	146
741	165
741	245
741	246
741	298
741	331
741	416
741	480
741	527
741	577
741	598
741	622
741	679
741	730
741	747
741	771
741	802
741	814
741	838
741	869
747	150
747	165
747	173
747	331
747	452
747	486
747	577
747	598
802	119
802	185
802	194
802	236
802	245
802	265
802	598
802	869
838	97
838	125
838	173
838	246
838	265
838	452
838	492
838	622
838	814
869	107
869	119
869	124
869	125
869	218
869	265
869	452
869	622
869	892
5	490
5	529
5	911
5	931
490	156
490	307
490	406
490	516
490	599
490	911
490	931
490	940
529	396
529	521
529	711
529	800
529	827
529	872
529	891
529	898
529	918
674	216
674	406
674	491
674	599
674	621
674	626
674	919
674	931
674	940
872	27
872	59
872	220
872	250
872	297
872	307
872	391
872	406
872	491
872	599
872	621
872	626
872	911
872	919
872	931
872	940
891	38
891	112
891	191
891	220
891	250
891	297
891	307
891	391
891	406
891	516
891	599
891	621
891	626
891	919
891	931
891	940
898	38
898	191
898	216
898	220
898	250
898	297
898	391
898	406
898	491
898	621
898	626
898	911
898	919
898	931
898	940
911	141
911	156
911	235
911	328
911	383
911	455
911	516
911	521
911	560
911	711
911	824
911	827
911	916
911	918
916	38
916	59
916	112
916	191
916	216
916	220
916	297
916	307
916	406
916	516
916	599
916	621
916	626
916	919
916	931
916	940
918	38
918	191
918	216
918	220
918	250
918	297
918	307
918	406
918	491
918	516
918	599
918	621
918	626
918	919
918	931
918	940
931	103
931	141
931	235
931	328
931	396
931	455
931	516
931	521
931	711
931	800
931	824
931	827
6	89
6	277
6	553
89	277
89	553
89	652
277	652
553	652
7	71
7	108
7	439
7	629
7	782
7	877
7	887
7	972
7	973
71	227
71	324
71	713
71	815
71	877
71	895
71	996
108	133
108	572
108	645
108	666
108	815
108	843
108	914
108	951
108	986
439	17
439	273
439	569
439	686
439	889
439	895
439	944
439	951
439	957
439	972
439	987
439	993
629	60
629	278
629	287
629	300
629	301
629	389
629	392
629	434
629	558
629	569
629	609
629	666
629	758
629	775
629	889
629	953
629	957
629	993
782	227
782	273
782	284
782	305
782	350
782	523
782	572
782	596
782	665
782	666
782	686
782	699
782	735
782	914
782	933
782	951
782	953
782	957
782	973
782	987
877	114
877	128
877	239
877	272
877	273
877	275
877	378
877	389
877	397
877	408
877	471
877	505
877	564
877	653
877	691
877	705
877	713
877	761
877	766
877	944
877	953
877	993
877	996
887	14
887	60
887	128
887	275
887	284
887	300
887	397
887	408
887	434
887	438
887	493
887	528
887	564
887	572
887	609
887	645
887	761
887	766
887	775
887	815
887	951
887	953
887	972
887	973
887	993
972	114
972	135
972	139
972	215
972	305
972	358
972	378
972	428
972	438
972	441
972	485
972	523
972	546
972	564
972	569
972	606
972	609
972	614
972	617
972	653
972	691
972	699
972	705
972	713
972	785
972	815
972	843
972	849
972	895
972	975
972	993
973	14
973	18
973	19
973	79
973	96
973	214
973	258
973	274
973	305
973	428
973	585
973	600
973	617
973	665
973	666
973	749
973	758
973	766
973	775
973	815
973	843
973	868
973	895
973	933
973	957
973	987
973	993
987	17
987	19
987	33
987	81
987	84
987	133
987	168
987	215
987	275
987	284
987	352
987	397
987	457
987	471
987	528
987	617
987	645
987	665
987	666
987	691
987	735
987	775
987	914
987	933
987	957
8	120
8	282
8	359
8	409
120	61
120	190
120	233
120	359
120	380
120	409
120	412
120	656
120	692
120	725
233	61
233	282
233	359
233	409
282	43
282	61
282	190
282	380
282	409
282	412
282	656
282	692
282	725
359	43
359	61
359	190
359	380
359	409
359	412
359	656
359	692
359	725
380	61
380	409
409	43
409	61
409	190
409	412
409	656
409	692
409	725
412	61
656	61
692	61
725	61
9	315
9	432
9	726
9	816
9	834
9	893
315	244
315	473
315	703
315	876
315	879
315	912
432	244
432	681
432	726
432	816
432	834
432	858
432	882
432	893
473	472
473	574
473	816
473	821
473	834
473	893
726	50
726	174
726	223
726	451
726	563
726	573
726	658
726	680
726	722
726	795
726	858
726	876
726	879
726	912
816	50
816	170
816	251
816	255
816	357
816	445
816	446
816	451
816	563
816	573
816	574
816	579
816	658
816	680
816	681
816	703
816	722
816	795
816	821
816	834
816	858
816	876
816	882
816	893
816	912
834	13
834	170
834	223
834	573
834	658
834	680
834	722
834	858
834	876
834	879
834	912
876	113
876	122
876	170
876	174
876	251
876	255
876	357
876	445
876	472
876	574
876	579
876	658
876	681
876	821
876	858
876	882
876	893
879	113
879	170
879	174
879	244
879	255
879	279
879	357
879	445
879	472
879	574
879	579
879	658
879	821
879	858
879	882
879	893
893	13
893	170
893	174
893	223
893	446
893	451
893	563
893	573
893	658
893	680
893	703
893	722
893	795
893	858
893	912
912	113
912	122
912	170
912	174
912	244
912	251
912	255
912	357
912	445
912	472
912	574
912	579
912	658
912	681
912	821
912	858
912	882
10	37
10	360
10	424
10	503
10	588
10	597
10	695
10	857
10	878
37	180
37	341
37	369
37	549
37	757
360	171
360	211
360	405
360	476
360	657
360	731
360	736
360	770
360	826
360	859
360	915
360	979
424	211
424	257
424	268
424	534
424	847
424	854
424	859
424	979
503	12
503	52
503	182
503	257
503	280
503	349
503	365
503	384
503	476
503	695
503	737
503	862
503	908
503	915
503	935
588	257
588	294
588	597
588	649
588	731
588	737
588	753
588	857
588	859
588	915
588	979
597	20
597	257
597	371
597	384
597	557
597	568
597	589
597	657
597	677
597	856
597	878
597	908
695	45
695	268
695	399
695	464
695	513
695	544
695	625
695	731
695	753
695	829
695	835
695	856
695	873
857	20
857	45
857	46
857	52
857	110
857	266
857	268
857	474
857	507
857	568
857	607
857	625
857	731
857	736
857	770
857	847
857	856
857	862
857	878
857	908
857	926
857	979
878	46
878	147
878	180
878	332
878	384
878	430
878	513
878	533
878	534
878	625
878	657
878	677
878	716
878	826
878	847
878	854
878	859
878	908
878	915
11	860
11	924
11	964
754	306
754	436
754	514
754	604
754	639
754	810
754	830
754	924
754	974
754	976
833	26
833	68
833	195
833	240
833	355
833	374
833	510
833	604
833	881
833	960
833	992
860	47
860	78
860	209
860	306
860	374
860	440
860	646
860	704
860	810
860	846
860	960
924	209
924	499
924	522
924	583
924	604
924	620
924	646
924	704
924	810
960	203
960	209
960	306
960	440
960	459
960	514
960	704
960	810
960	974
964	26
964	90
964	209
964	361
964	440
964	475
964	810
964	969
974	68
974	78
974	209
974	374
974	561
974	810
974	830
976	16
976	26
976	209
976	262
976	646
976	700
976	704
976	810
976	830
992	26
992	68
992	209
992	436
992	639
992	704
992	810
992	881
995	26
995	195
995	203
995	209
995	436
995	514
995	704
995	810
12	349
12	464
12	677
12	716
12	731
12	750
12	935
12	979
349	137
349	180
349	399
349	507
349	534
349	556
349	625
349	757
349	854
349	856
464	285
464	474
464	534
464	556
464	856
464	859
464	873
464	915
464	935
464	979
677	144
677	333
677	365
677	390
677	557
677	657
677	737
677	781
677	835
677	847
677	859
677	935
677	979
716	52
716	222
716	268
716	285
716	369
716	371
716	474
716	513
716	534
716	556
716	557
716	568
716	731
716	854
716	856
716	859
731	52
731	86
731	474
731	513
731	534
731	753
731	757
731	781
731	847
731	859
750	153
750	171
750	333
750	334
750	405
750	430
750	476
750	507
750	554
750	556
750	557
750	581
750	781
750	859
935	45
935	110
935	144
935	162
935	182
935	294
935	299
935	333
935	344
935	384
935	430
935	474
935	515
935	568
935	625
935	737
935	757
935	781
935	826
935	829
935	926
979	121
979	137
979	162
979	182
979	266
979	285
979	343
979	344
979	365
979	371
979	515
979	554
979	556
979	557
979	581
979	625
979	847
979	854
979	859
979	862
979	873
13	579
13	882
563	574
563	579
563	821
563	858
563	882
579	446
579	451
579	722
579	858
703	113
703	170
703	251
703	255
703	279
703	357
703	658
703	858
703	882
722	122
722	170
722	279
722	445
722	658
722	681
722	821
722	858
722	882
882	170
882	174
882	223
882	446
882	451
882	573
882	658
882	680
882	795
882	858
14	96
14	274
14	324
14	843
14	849
14	951
96	528
96	564
96	585
96	874
96	951
96	975
96	986
274	287
274	373
274	558
274	735
274	763
274	889
274	944
274	986
324	133
324	397
324	471
324	523
324	596
324	705
324	815
324	843
324	849
324	953
686	33
686	36
686	169
686	264
686	378
686	735
686	763
686	775
686	785
686	815
686	895
686	914
686	951
686	953
686	986
686	996
843	60
843	114
843	129
843	221
843	272
843	284
843	410
843	558
843	564
843	569
843	572
843	585
843	587
843	665
843	763
843	766
843	775
843	944
843	957
849	17
849	18
849	19
849	210
849	221
849	350
849	408
849	558
849	585
849	609
849	617
849	645
849	653
849	735
849	749
849	775
849	785
849	815
849	951
849	957
951	17
951	106
951	168
951	214
951	221
951	278
951	301
951	350
951	358
951	373
951	378
951	410
951	457
951	525
951	546
951	558
951	617
951	713
951	749
951	815
951	895
951	993
15	348
15	431
15	531
15	591
15	724
15	774
15	875
348	429
348	456
348	724
348	774
348	786
348	791
348	804
431	117
431	377
431	429
431	478
431	660
431	743
431	755
431	774
431	794
431	845
431	930
531	131
531	248
531	447
531	478
531	586
531	715
531	724
531	885
531	955
591	65
591	242
591	260
591	291
591	302
591	467
591	582
591	659
591	709
591	796
591	853
591	890
591	907
591	946
591	955
591	980
724	82
724	176
724	231
724	302
724	395
724	437
724	642
724	644
724	669
724	743
724	774
724	930
724	943
724	946
774	212
774	256
774	335
774	366
774	423
774	463
774	500
774	512
774	669
774	687
774	715
774	718
774	751
774	767
774	930
875	31
875	76
875	109
875	116
875	238
875	316
875	336
875	467
875	518
875	586
875	669
875	676
875	767
875	783
875	804
875	813
875	885
875	907
875	930
875	980
955	65
955	115
955	131
955	142
955	242
955	263
955	316
955	379
955	395
955	425
955	463
955	508
955	582
955	594
955	608
955	616
955	627
955	644
955	669
955	709
955	718
955	732
955	787
955	794
955	907
955	921
955	943
955	946
955	980
16	459
16	810
16	830
16	881
459	583
459	639
459	810
459	846
459	965
459	969
810	90
810	209
810	440
810	475
810	498
810	499
810	604
810	620
810	633
810	639
810	646
810	846
810	871
810	881
810	965
810	969
830	28
830	68
830	77
830	123
830	355
830	436
830	510
881	26
881	68
881	78
881	195
881	306
881	499
881	510
881	583
881	646
881	704
17	114
17	735
17	761
17	785
17	874
114	139
114	471
114	523
114	713
114	749
114	785
735	33
735	128
735	227
735	358
735	410
735	528
735	600
735	749
735	761
735	785
735	914
735	933
735	996
761	133
761	227
761	258
761	358
761	428
761	438
761	441
761	505
761	523
761	542
761	564
761	600
761	609
761	653
761	665
761	758
761	763
761	775
761	933
761	957
785	106
785	169
785	214
785	239
785	278
785	301
785	397
785	434
785	493
785	525
785	614
785	653
785	749
785	874
785	914
785	933
785	944
785	953
785	986
785	993
874	18
874	60
874	128
874	139
874	168
874	278
874	284
874	300
874	301
874	352
874	389
874	392
874	410
874	434
874	441
874	569
874	585
874	645
874	653
874	666
874	895
874	933
874	953
874	975
874	986
18	135
18	210
18	373
18	596
18	944
18	957
135	81
135	493
135	749
135	758
135	975
135	993
135	996
210	139
210	169
210	378
210	389
210	572
210	914
373	214
373	278
373	528
373	542
373	699
373	895
373	933
373	944
373	975
373	986
596	221
596	410
596	438
596	471
596	485
596	493
596	525
596	585
596	758
596	763
596	868
596	889
596	914
914	33
914	258
914	264
914	350
914	352
914	392
914	523
914	525
914	542
914	546
914	585
914	606
914	713
914	868
914	889
914	933
914	957
914	993
944	24
944	81
944	169
944	214
944	221
944	270
944	272
944	287
944	301
944	350
944	397
944	428
944	485
944	523
944	525
944	528
944	572
944	645
944	666
944	699
944	775
944	815
944	868
944	975
957	79
957	84
957	129
957	239
957	258
957	305
957	389
957	397
957	434
957	438
957	525
957	546
957	558
957	606
957	666
957	713
957	763
957	766
957	868
19	24
19	392
19	528
19	699
19	766
24	139
24	546
24	713
24	775
24	868
24	933
24	975
392	408
392	410
392	505
392	525
392	542
392	572
392	705
392	993
392	996
528	129
528	227
528	273
528	358
528	493
528	564
528	665
528	666
528	895
699	60
699	264
699	275
699	441
699	485
699	523
699	542
699	614
699	653
699	749
699	815
699	868
699	986
699	993
699	996
766	169
766	214
766	275
766	352
766	397
766	410
766	428
766	558
766	564
766	587
766	609
766	691
766	705
766	713
766	933
766	953
868	81
868	139
868	221
868	258
868	272
868	275
868	389
868	434
868	485
868	546
868	572
868	606
868	645
868	665
868	666
868	713
868	763
868	775
868	889
996	36
996	106
996	128
996	239
996	270
996	273
996	275
996	300
996	350
996	378
996	397
996	434
996	438
996	457
996	471
996	493
996	564
996	569
996	614
996	713
996	763
996	815
996	895
996	953
996	975
996	986
20	544
20	607
20	736
20	826
20	829
20	926
544	110
544	257
544	299
544	515
544	589
544	770
544	835
607	86
607	162
607	268
607	344
607	384
607	390
607	399
607	736
607	737
607	770
607	781
607	862
607	915
736	153
736	280
736	294
736	323
736	344
736	390
736	476
736	507
736	534
736	589
736	657
736	781
736	826
736	829
736	854
826	25
826	46
826	52
826	86
826	147
826	153
826	299
826	332
826	568
826	657
826	757
826	856
826	859
829	121
829	153
829	268
829	299
829	323
829	399
829	533
829	657
829	737
829	753
829	854
829	862
926	86
926	144
926	149
926	158
926	162
926	171
926	182
926	266
926	341
926	369
926	405
926	430
926	513
926	649
926	753
926	847
926	859
926	862
926	915
21	923
85	923
140	923
311	923
339	923
768	923
841	923
905	923
22	675
22	727
22	832
22	906
22	920
22	927
22	945
22	956
22	970
22	981
675	80
675	292
675	367
675	526
675	618
675	635
675	678
675	683
675	727
675	812
675	832
675	867
675	902
675	906
675	920
675	927
675	945
675	956
675	970
727	62
727	127
727	163
727	468
727	489
727	526
727	595
727	635
727	648
727	678
727	812
727	832
727	867
727	906
727	920
727	945
727	970
727	981
832	127
832	292
832	318
832	354
832	419
832	454
832	489
832	536
832	595
832	618
832	635
832	648
832	683
832	739
832	812
832	867
832	902
832	906
832	920
832	927
832	956
832	970
906	62
906	80
906	127
906	160
906	163
906	292
906	326
906	354
906	367
906	419
906	454
906	468
906	489
906	536
906	595
906	618
906	635
906	648
906	678
906	683
906	684
906	739
906	812
906	867
906	902
906	920
906	927
906	945
906	956
906	970
906	981
920	62
920	69
920	80
920	127
920	160
920	163
920	326
920	354
920	367
920	454
920	468
920	489
920	526
920	536
920	595
920	618
920	635
920	648
920	678
920	683
920	684
920	739
920	812
920	867
920	902
920	927
927	62
927	69
927	80
927	160
927	163
927	292
927	318
927	326
927	354
927	454
927	489
927	536
927	595
927	618
927	635
927	648
927	678
927	684
927	739
927	812
927	945
927	956
927	981
945	62
945	69
945	160
945	163
945	292
945	318
945	326
945	367
945	419
945	454
945	489
945	526
945	536
945	595
945	618
945	635
945	648
945	678
945	683
945	739
945	812
945	867
945	902
945	956
956	62
956	69
956	80
956	160
956	163
956	318
956	326
956	367
956	419
956	454
956	468
956	489
956	526
956	536
956	595
956	618
956	635
956	648
956	678
956	683
956	684
956	739
956	867
956	902
956	970
970	62
970	69
970	127
970	160
970	163
970	292
970	318
970	326
970	367
970	419
970	454
970	468
970	489
970	526
970	536
970	595
970	618
970	635
970	683
970	684
970	739
970	812
981	80
981	127
981	163
981	292
981	318
981	326
981	354
981	367
981	419
981	454
981	489
981	526
981	536
981	595
981	618
981	635
981	648
981	678
981	683
981	684
981	739
981	812
981	902
23	175
23	248
23	296
23	395
23	638
23	715
23	813
23	921
23	930
175	336
175	366
175	382
175	437
175	659
175	820
175	845
175	885
175	921
175	943
248	117
248	157
248	295
248	351
248	718
296	94
296	303
296	425
296	592
296	608
296	783
296	907
296	943
395	142
395	500
395	512
395	767
395	772
395	853
395	930
638	48
638	82
638	142
638	176
638	229
638	263
638	303
638	336
638	506
638	582
638	642
638	669
638	715
638	930
638	943
638	980
715	202
715	382
715	466
715	582
715	586
715	676
715	687
715	696
715	732
715	748
715	885
715	890
715	907
715	921
715	943
813	34
813	230
813	291
813	302
813	351
813	382
813	437
813	448
813	456
813	463
813	518
813	611
813	616
813	751
813	787
813	820
921	31
921	48
921	115
921	116
921	152
921	181
921	201
921	229
921	316
921	353
921	462
921	467
921	518
921	571
921	642
921	669
921	687
921	786
921	794
921	805
921	820
921	885
921	946
921	980
930	67
930	94
930	115
930	142
930	157
930	212
930	238
930	242
930	329
930	379
930	448
930	463
930	518
930	592
930	616
930	651
930	676
930	718
930	767
930	845
930	890
930	907
943	48
943	91
943	94
943	109
943	142
943	152
943	201
943	205
943	260
943	303
943	426
943	462
943	518
943	592
943	642
943	769
943	787
943	791
943	853
943	885
943	890
943	907
943	980
139	666
139	691
139	775
139	889
139	953
546	129
546	301
546	410
546	457
546	569
546	617
546	986
713	305
713	410
713	441
713	457
713	505
713	933
775	214
775	215
775	239
775	264
775	358
775	485
775	585
775	815
775	895
775	953
775	993
933	33
933	129
933	214
933	221
933	239
933	275
933	350
933	428
933	434
933	600
933	614
933	653
933	705
933	758
933	763
933	895
933	953
933	975
933	986
933	993
975	33
975	106
975	169
975	227
975	258
975	264
975	273
975	278
975	300
975	434
975	441
975	505
975	525
975	558
975	585
975	600
975	609
975	617
975	653
975	705
975	889
975	895
975	953
986	33
986	84
986	129
986	133
986	168
986	169
986	221
986	227
986	264
986	305
986	350
986	410
986	428
986	438
986	493
986	525
986	564
986	653
986	889
986	953
986	993
25	45
25	266
25	474
25	533
25	873
25	915
45	162
45	854
45	908
266	171
266	293
266	343
266	534
266	649
266	862
474	121
474	323
474	399
474	737
474	770
533	299
533	341
533	371
533	384
533	568
533	649
533	657
533	770
533	781
533	835
533	915
873	52
873	137
873	147
873	334
873	365
873	399
873	405
873	430
873	476
873	557
873	568
873	581
873	625
873	737
873	862
915	46
915	110
915	137
915	147
915	153
915	333
915	334
915	343
915	344
915	384
915	515
915	581
915	649
915	854
915	856
915	908
26	374
26	704
26	965
26	969
374	498
374	969
704	355
704	499
704	514
704	522
704	561
704	604
704	620
704	633
704	639
704	646
704	846
704	871
704	965
704	969
965	77
965	90
965	209
965	262
965	583
965	646
969	77
969	90
969	871
27	250
27	491
27	560
27	800
27	827
250	328
250	383
250	800
250	824
491	156
491	800
491	824
491	827
560	38
560	599
560	621
560	626
560	919
560	940
626	328
626	521
626	711
626	800
626	824
626	827
800	38
800	220
800	391
800	599
800	940
827	220
827	297
827	391
827	406
827	516
827	599
827	621
827	919
827	940
919	103
919	141
919	235
919	328
919	383
919	396
919	455
919	516
919	521
919	711
919	824
940	103
940	141
940	156
940	235
940	328
940	383
940	396
940	455
940	516
940	521
940	711
940	824
28	475
28	871
475	240
475	499
475	522
475	846
871	47
871	68
871	203
871	240
871	355
871	561
871	583
871	633
29	664
29	746
29	764
29	773
29	799
29	822
29	886
29	939
29	959
29	998
664	200
664	421
664	465
664	640
746	57
746	200
746	234
746	465
764	200
764	524
773	200
773	234
773	394
799	200
799	234
822	57
822	151
822	200
822	271
886	200
939	200
959	200
998	200
30	111
30	486
30	577
30	814
111	107
111	150
111	452
111	480
111	492
111	814
111	892
486	124
486	480
486	577
486	679
486	730
486	771
577	97
577	150
577	679
577	730
577	814
679	40
679	107
679	173
679	185
679	236
679	771
679	892
814	40
814	119
814	125
814	150
814	185
814	236
814	265
814	298
814	331
814	622
892	40
892	265
892	480
892	492
31	329
31	336
31	377
31	382
31	586
31	643
31	772
329	34
329	176
329	481
329	562
329	660
329	794
329	845
329	980
336	115
336	263
336	423
336	481
336	500
336	642
336	687
336	786
336	870
377	366
377	608
377	651
377	748
377	769
377	783
382	202
382	437
382	518
382	571
382	669
382	718
382	820
382	890
382	980
586	76
586	302
586	321
586	437
586	447
586	460
586	462
586	478
586	643
586	659
643	116
643	117
643	263
643	448
643	460
643	518
643	571
643	592
643	594
643	616
643	651
643	676
643	755
643	767
643	853
643	870
643	980
772	67
772	94
772	202
772	259
772	303
772	316
772	381
772	460
772	506
772	571
772	592
772	687
772	751
772	787
772	796
772	805
772	870
907	34
907	48
907	91
907	117
907	230
907	242
907	256
907	291
907	321
907	460
907	562
907	571
907	594
907	732
907	786
907	796
907	870
907	946
32	745
32	778
32	851
32	861
32	863
32	866
32	884
32	929
745	130
745	347
745	414
745	541
745	637
745	670
745	701
745	707
745	779
745	811
745	831
745	837
745	852
745	863
745	866
745	896
778	346
778	362
778	407
778	458
778	535
778	584
778	613
778	668
778	701
778	719
778	740
778	788
778	817
778	831
778	837
851	66
851	232
851	249
851	347
851	386
851	496
851	539
851	613
851	624
851	668
851	717
851	721
851	818
851	897
851	963
861	42
861	118
861	167
861	208
861	232
861	269
861	458
861	519
861	537
861	539
861	613
861	788
861	817
861	852
861	864
861	865
861	880
863	66
863	414
863	435
863	458
863	483
863	497
863	519
863	576
863	580
863	637
863	668
863	670
863	729
863	740
863	788
863	831
863	954
866	42
866	66
866	130
866	167
866	208
866	241
866	375
866	407
866	442
866	469
866	519
866	539
866	637
866	668
866	670
866	693
866	717
866	719
866	729
866	734
866	789
866	817
866	818
866	831
866	852
866	864
866	880
866	896
866	897
866	954
884	166
884	232
884	241
884	346
884	407
884	483
884	497
884	519
884	537
884	541
884	576
884	580
884	624
884	668
884	740
884	811
884	817
884	896
899	54
899	66
899	208
899	241
899	269
899	347
899	458
899	496
899	532
899	535
899	624
899	637
899	668
899	717
899	788
899	811
899	837
899	864
899	865
899	880
899	954
929	54
929	130
929	166
929	249
929	269
929	347
929	375
929	427
929	435
929	496
929	541
929	624
929	632
929	637
929	693
929	789
929	954
963	130
963	166
963	208
963	327
963	414
963	496
963	497
963	541
963	580
963	637
963	670
963	717
963	729
963	740
963	789
963	817
963	865
963	896
963	954
33	84
33	542
84	264
84	457
84	587
84	895
84	1000
542	358
542	408
542	525
542	587
542	653
542	691
542	749
542	895
34	65
34	176
34	518
34	594
34	611
65	109
65	804
65	870
65	946
176	212
176	448
176	481
176	791
176	805
518	478
518	709
518	853
518	870
518	885
594	152
594	335
594	571
594	732
594	796
594	805
594	820
594	890
594	946
611	157
611	237
611	423
611	456
611	462
611	481
611	582
611	616
611	769
611	804
611	845
611	853
885	205
885	230
885	231
885	242
885	321
885	423
885	429
885	448
885	467
885	478
885	508
885	512
885	709
885	755
885	804
885	853
885	870
885	980
35	75
35	219
35	504
75	501
75	550
219	104
501	95
501	104
501	461
504	95
504	198
504	461
570	95
570	104
570	461
728	95
728	198
728	461
836	95
836	198
836	461
839	95
839	198
839	461
991	95
991	198
991	461
999	95
999	198
999	461
999	555
36	273
36	410
36	438
36	653
36	889
36	895
36	993
273	569
273	572
273	666
273	895
410	258
410	284
410	889
438	221
438	275
438	558
438	666
653	221
653	264
653	523
653	587
653	606
653	763
653	889
889	60
889	106
889	133
889	215
889	270
889	471
889	569
889	609
889	614
889	665
889	666
889	705
889	758
889	953
895	128
895	168
895	227
895	301
895	358
895	408
895	645
895	749
895	993
993	106
993	128
993	169
993	270
993	278
993	287
993	301
993	428
993	434
993	441
993	569
993	691
993	758
993	815
180	46
180	753
180	757
180	770
180	847
180	862
341	46
341	222
341	294
341	369
341	390
341	476
369	147
369	280
369	344
369	390
369	405
369	513
369	753
369	854
369	856
549	86
549	222
549	294
549	534
549	581
549	737
549	770
549	781
549	847
549	859
757	149
757	171
757	211
757	299
757	343
757	365
757	430
757	589
757	835
757	847
757	859
757	862
757	908
38	216
216	141
216	824
39	207
39	276
39	517
39	548
39	689
39	966
207	276
207	517
207	548
207	689
207	966
276	517
276	548
276	689
276	966
517	548
517	689
548	689
548	966
689	966
40	194
40	492
40	622
40	730
194	217
194	236
194	298
194	492
492	125
492	150
492	185
492	771
622	107
622	173
622	265
622	527
730	97
730	146
730	165
730	298
730	331
730	480
730	527
730	598
730	771
41	698
41	780
41	798
41	936
41	984
543	136
543	226
543	690
543	698
543	702
543	780
543	798
543	936
543	984
610	226
610	290
610	309
610	690
610	698
610	702
610	780
610	798
610	936
610	984
698	188
698	224
698	225
698	417
698	511
698	590
698	690
698	702
698	949
698	958
698	977
780	188
780	224
780	225
780	417
780	511
780	590
780	690
780	702
780	949
780	958
780	977
798	188
798	224
798	225
798	417
798	511
798	590
798	690
798	702
798	949
798	958
798	977
936	188
936	224
936	225
936	417
936	511
936	590
936	690
936	702
936	949
936	958
936	977
949	136
949	193
949	226
949	290
949	309
949	690
949	702
949	984
958	136
958	193
958	226
958	290
958	309
958	690
958	702
958	984
977	136
977	193
977	226
977	290
977	309
977	690
977	702
977	984
984	188
984	224
984	225
984	417
984	511
984	590
984	690
984	702
42	213
42	375
42	535
42	541
42	670
42	734
42	896
213	362
213	458
213	539
213	584
213	668
213	719
213	734
213	880
213	897
375	539
375	701
375	717
375	729
375	818
375	865
375	897
535	232
535	362
535	532
535	668
535	701
535	852
535	954
541	130
541	496
541	519
541	532
541	624
541	668
541	693
541	701
541	789
541	852
541	897
541	954
670	346
670	532
670	719
670	740
670	789
670	817
670	896
734	167
734	385
734	386
734	407
734	414
734	497
734	519
734	632
734	721
734	831
734	865
734	897
831	327
831	362
831	386
831	469
831	537
831	576
831	580
831	613
831	632
831	701
831	729
831	740
831	864
831	880
831	896
831	897
896	362
896	404
896	407
896	458
896	483
896	580
896	637
896	707
896	729
896	779
896	864
44	797
44	842
44	903
44	922
44	982
797	51
797	98
797	189
797	388
797	547
797	762
797	922
842	98
842	184
842	204
842	317
842	340
842	370
842	547
842	647
842	673
842	808
842	901
901	55
901	88
901	161
901	189
901	197
901	204
901	319
901	325
901	340
901	370
901	388
901	487
901	733
903	55
903	98
903	204
903	317
903	319
903	487
903	547
903	673
903	697
903	733
922	55
922	161
922	184
922	204
922	370
922	418
922	723
922	752
941	83
941	98
941	319
941	322
941	345
941	370
941	418
941	762
947	55
947	98
947	102
947	126
947	184
947	204
947	325
947	370
947	647
982	55
982	98
982	102
982	340
982	370
982	723
983	55
983	98
983	370
983	388
983	762
990	51
990	55
990	83
990	98
990	370
162	534
162	835
162	859
162	908
534	299
534	657
534	737
534	781
534	835
534	854
854	110
854	144
854	294
854	343
854	430
854	581
854	649
854	753
854	781
854	862
908	110
908	121
908	147
908	158
908	299
908	323
908	343
908	405
908	568
908	625
908	649
908	770
908	859
46	568
46	657
46	847
46	862
568	371
568	737
568	770
568	862
657	144
657	149
657	171
657	476
657	781
657	847
847	147
847	149
847	211
847	222
847	285
847	293
847	294
847	323
847	390
847	513
847	515
847	554
862	137
862	147
862	158
862	285
862	332
862	390
862	430
862	581
862	625
862	753
47	123
123	583
123	700
48	466
48	669
48	870
48	890
48	946
466	131
466	142
466	242
466	321
466	627
466	743
466	787
466	890
669	117
669	237
669	423
669	500
669	616
669	627
669	651
669	659
669	755
669	787
669	870
669	980
786	116
786	187
786	201
786	231
786	256
786	338
786	463
786	582
786	660
786	696
786	718
786	732
786	751
786	791
786	820
786	853
786	890
870	76
870	109
870	181
870	231
870	295
870	462
870	582
870	660
870	696
870	751
870	845
870	853
890	91
890	115
890	202
890	229
890	238
890	256
890	304
890	351
890	447
890	562
890	718
890	743
890	787
890	791
890	805
946	67
946	93
946	157
946	199
946	201
946	205
946	231
946	260
946	381
946	423
946	425
946	437
946	447
946	462
946	463
946	467
946	478
946	506
946	616
946	676
946	732
946	755
946	767
946	769
946	980
828	70
828	87
828	482
828	545
844	70
844	482
844	545
848	70
848	482
848	545
855	70
855	482
855	545
900	70
900	482
900	545
962	70
962	482
962	545
988	70
988	482
988	545
989	70
989	482
989	545
997	70
997	482
997	545
1000	482
1000	545
50	445
50	574
50	681
50	821
445	223
445	446
445	795
574	658
574	680
574	795
574	858
681	573
681	658
681	680
681	795
681	858
795	122
795	174
795	251
795	279
795	357
795	472
795	658
795	821
795	858
821	174
821	223
821	451
821	573
821	658
821	680
821	858
51	647
51	723
647	55
647	370
647	418
647	752
723	88
723	388
723	487
723	752
723	762
723	808
808	83
808	126
808	189
808	314
808	322
808	325
808	345
808	370
808	388
808	415
52	513
52	649
52	835
365	137
365	144
365	257
365	835
365	856
513	149
513	257
513	323
513	753
649	110
649	323
649	332
649	557
649	859
835	86
835	257
835	293
835	390
835	515
835	753
835	770
53	134
53	372
53	663
53	671
53	790
53	909
99	134
99	372
99	663
99	671
99	790
99	909
134	143
134	148
134	612
134	663
134	671
134	790
134	909
148	372
148	663
148	671
148	790
148	909
372	612
372	663
372	671
372	790
372	909
612	663
612	671
612	790
612	909
663	671
663	790
663	909
671	790
671	909
790	909
54	327
54	385
54	668
54	740
54	779
54	864
54	897
327	469
327	532
327	719
327	779
327	788
327	817
385	130
385	442
385	497
385	693
385	717
385	740
385	789
385	817
385	852
668	269
668	427
668	435
668	519
668	539
668	637
668	852
668	897
701	469
701	532
701	580
701	613
701	632
701	637
701	693
701	707
701	811
740	241
740	576
740	580
740	613
740	624
740	693
740	707
740	811
740	818
740	852
740	897
779	269
779	386
779	414
779	427
779	469
779	637
779	693
779	717
779	721
779	729
779	789
779	818
864	346
864	404
864	407
864	427
864	483
864	496
864	584
864	613
864	637
864	717
864	811
897	208
897	347
897	407
897	435
897	469
897	483
897	624
897	693
897	707
897	721
897	817
897	865
55	415
55	752
415	126
415	161
415	487
415	752
415	762
752	197
752	319
752	370
752	418
752	547
752	697
752	733
56	567
56	623
56	654
56	655
56	672
56	738
56	760
56	801
56	825
56	850
567	74
567	186
567	267
567	308
567	313
567	413
567	422
567	484
567	623
567	654
567	655
567	672
567	738
567	760
567	801
567	825
567	850
623	74
623	138
623	186
623	738
654	186
654	738
655	186
655	738
672	186
672	738
738	74
738	138
738	186
738	267
738	308
738	313
738	413
738	422
738	484
738	760
738	801
738	825
738	850
760	186
801	186
825	186
850	186
57	602
602	271
602	394
602	421
602	465
602	524
602	575
58	116
58	152
58	335
58	426
58	696
58	805
58	845
58	853
116	238
116	508
116	751
152	351
152	506
152	787
152	794
335	199
335	230
335	463
335	651
335	767
335	794
335	845
335	980
426	238
426	338
426	460
426	608
426	642
426	791
426	794
426	820
426	980
696	82
696	131
696	381
696	447
696	608
696	644
696	660
696	718
696	783
696	796
696	804
696	845
805	82
805	91
805	93
805	237
805	260
805	316
805	351
805	423
805	447
805	463
805	512
805	562
805	687
805	718
805	845
805	980
845	181
845	260
845	291
845	303
845	304
845	508
845	562
845	608
845	616
845	642
845	676
845	820
845	853
853	157
853	229
853	302
853	398
853	467
853	562
853	642
853	732
853	796
853	980
59	220
59	391
59	824
391	328
391	455
824	112
824	191
824	297
824	516
824	621
60	352
60	815
60	953
352	434
352	457
352	525
352	815
815	128
815	239
815	350
815	378
815	493
815	525
815	585
815	600
815	606
815	645
815	665
815	758
953	214
953	215
953	300
953	397
953	428
953	441
953	558
953	572
953	606
953	617
953	645
953	665
953	691
953	749
953	758
62	812
812	69
812	160
812	318
812	326
812	419
812	468
812	489
812	526
812	595
812	618
812	635
812	648
812	678
812	739
812	867
902	127
902	160
902	163
902	318
902	326
902	367
902	419
902	454
902	468
902	489
902	595
902	618
902	635
902	648
902	683
902	684
902	867
64	92
64	172
64	401
64	433
64	443
64	634
92	172
92	401
92	433
92	443
92	634
172	401
172	433
172	443
172	634
172	720
172	910
172	968
401	634
433	634
443	634
634	720
634	910
634	968
109	131
109	295
109	304
109	423
109	592
109	751
109	794
804	260
804	379
804	447
804	562
804	592
804	709
804	743
804	748
804	755
804	767
804	783
804	794
804	820
66	497
66	729
66	811
66	817
497	241
497	427
497	637
497	717
497	788
729	208
729	519
729	576
729	707
729	721
729	789
729	811
729	817
811	118
811	208
811	241
811	346
811	347
811	414
811	435
811	532
811	537
811	539
811	584
811	624
811	632
811	707
811	717
811	719
811	817
811	818
811	954
817	118
817	167
817	232
817	241
817	362
817	414
817	442
817	483
817	537
817	632
817	707
817	719
817	789
817	818
817	837
817	852
837	249
837	269
837	346
837	404
837	407
837	435
837	483
837	496
837	537
837	632
837	865
67	76
67	263
67	295
67	398
67	582
67	718
76	366
76	481
76	582
76	980
263	342
263	456
263	644
263	748
263	755
263	980
295	256
295	342
295	398
295	423
295	456
295	769
295	787
398	117
398	231
398	571
398	676
398	709
398	769
398	791
582	338
582	381
582	437
582	448
582	508
582	660
582	718
718	115
718	231
718	260
718	321
718	351
718	512
718	571
718	787
718	794
69	536
69	648
69	867
536	526
536	595
536	635
536	678
536	683
536	867
648	326
648	367
648	489
648	595
648	635
648	683
648	684
648	867
867	292
867	318
867	326
867	354
867	367
867	454
867	468
867	489
867	526
867	595
867	618
867	635
867	678
867	684
867	739
227	79
227	606
72	312
72	363
72	807
312	363
363	807
73	403
73	593
73	888
403	444
403	495
403	593
403	662
403	756
403	840
403	888
403	985
403	994
444	320
444	593
444	888
495	320
495	593
495	888
593	320
593	662
593	756
593	840
593	888
593	985
593	994
662	320
662	888
756	320
756	888
840	320
840	888
888	320
888	985
888	994
985	320
994	320
540	198
540	461
550	159
550	198
550	461
366	199
366	342
366	425
366	608
366	642
366	755
366	767
366	783
366	980
481	202
481	425
481	478
481	508
481	616
481	660
481	769
481	787
980	115
980	117
980	256
980	316
980	321
980	437
980	456
980	460
980	478
980	592
980	660
980	687
980	748
980	751
980	769
980	787
980	796
77	178
77	700
178	436
178	561
178	633
178	700
700	195
700	262
700	604
700	620
620	203
620	510
620	514
846	209
846	240
846	262
846	498
846	639
79	350
79	485
79	614
79	763
350	272
350	284
350	389
485	389
485	505
485	569
485	600
485	645
485	691
485	749
614	300
614	493
614	505
614	564
614	600
614	606
614	609
614	691
614	758
763	275
763	287
763	305
763	378
763	505
763	525
763	569
763	600
763	705
80	678
678	163
678	292
678	318
678	354
678	635
678	684
81	106
81	457
81	523
81	749
106	300
106	358
457	287
457	358
457	441
457	606
523	305
523	587
523	600
523	606
523	666
749	215
749	358
749	428
749	493
749	572
749	606
749	617
749	705
82	93
82	743
82	751
82	755
82	787
93	199
93	238
93	381
93	463
93	660
93	732
743	187
743	199
743	237
743	260
743	381
743	437
743	467
743	512
743	627
743	687
743	748
743	751
743	755
743	769
743	796
751	181
751	187
751	304
751	429
751	462
751	642
751	755
751	767
755	425
755	456
755	463
755	592
755	644
755	660
755	709
755	732
755	748
755	767
755	769
755	820
787	131
787	187
787	351
787	447
787	478
787	592
787	676
787	820
83	418
83	487
83	733
418	197
418	319
418	340
487	697
733	98
733	317
733	325
733	673
264	300
264	471
264	572
587	389
587	434
587	471
587	505
587	564
587	609
587	705
86	121
86	299
86	556
121	153
121	171
121	856
299	589
299	856
556	144
556	158
556	371
556	390
556	737
556	753
88	673
673	197
673	314
673	317
673	345
673	370
673	762
91	342
91	448
91	500
91	709
91	783
91	791
342	115
342	302
342	316
342	448
342	644
342	659
342	767
448	238
448	351
448	506
448	508
448	783
500	212
500	259
500	291
500	302
500	562
500	642
709	237
709	338
709	379
709	423
709	562
709	592
709	659
709	732
709	769
709	791
709	820
783	199
783	205
783	429
783	447
783	462
783	616
783	644
783	651
783	687
783	791
783	796
791	94
791	230
791	238
791	259
791	429
791	467
791	512
791	676
791	732
199	651
199	767
238	592
238	659
238	660
381	425
381	429
381	571
381	659
381	748
463	321
463	592
463	820
571	131
571	229
571	303
571	353
571	616
571	769
660	181
660	201
660	592
660	796
732	131
732	187
732	212
732	353
732	423
732	460
732	608
732	627
732	644
732	651
94	230
94	425
94	478
94	506
94	748
230	201
230	627
425	237
425	304
425	353
425	820
478	321
478	506
478	512
478	659
506	242
506	456
506	508
506	616
506	651
506	748
748	117
748	229
748	237
748	429
748	460
748	462
748	642
748	659
95	283
95	461
283	461
461	159
461	198
461	310
564	428
564	585
564	600
564	705
585	408
585	505
585	665
585	691
97	107
97	146
97	217
97	331
97	452
107	146
107	217
107	452
107	527
146	217
217	119
217	452
217	480
331	150
331	185
331	298
452	298
452	598
98	547
547	340
547	370
547	697
547	762
101	164
101	288
101	393
101	952
164	288
164	393
164	952
288	393
288	952
393	952
102	325
102	697
697	204
697	319
103	599
599	516
599	521
105	155
105	368
105	400
105	450
105	708
155	368
155	400
155	450
155	708
368	400
368	450
368	708
400	450
300	168
358	606
358	758
527	119
527	165
527	173
527	245
527	416
527	480
133	128
133	493
133	617
133	665
133	691
572	270
572	471
572	705
645	129
645	221
645	305
645	558
645	609
645	617
645	758
666	270
666	408
666	617
666	705
666	758
131	187
131	508
304	291
304	303
304	460
304	562
304	687
304	796
423	651
592	338
592	351
592	512
592	767
794	321
794	353
794	429
794	447
794	467
794	627
794	769
110	285
110	753
110	856
285	158
285	371
285	515
285	554
285	781
753	158
753	222
753	334
753	515
753	581
753	781
856	144
856	158
856	171
856	280
856	332
856	476
856	581
150	125
480	173
480	245
112	383
112	516
383	516
383	621
516	307
516	455
516	711
113	658
113	680
113	858
658	122
658	174
658	223
658	472
658	573
658	858
680	170
680	251
680	279
680	472
680	858
858	170
858	174
858	244
858	251
858	255
858	279
858	357
858	446
858	451
858	472
858	573
471	275
471	278
471	569
471	600
115	429
115	796
429	379
429	512
796	117
796	202
796	237
796	242
796	651
796	659
796	769
508	291
508	659
117	157
157	181
157	229
157	676
157	687
118	269
118	386
118	407
118	519
269	613
386	208
386	624
386	632
386	717
386	719
386	880
407	576
407	613
407	693
407	954
519	818
519	852
519	865
119	218
119	245
119	246
218	124
218	416
218	598
245	124
245	265
246	124
246	185
246	771
771	124
771	125
771	265
153	144
153	334
153	371
153	581
171	182
171	589
171	781
122	174
255	223
498	355
498	361
583	361
583	522
124	298
598	165
598	265
598	416
125	416
126	314
126	762
314	184
314	345
762	184
762	317
762	319
128	493
128	606
493	272
606	270
606	272
606	278
606	441
606	525
129	600
129	691
600	168
600	214
600	215
600	408
600	617
691	272
691	287
691	389
691	408
691	609
691	758
130	346
130	719
346	483
346	693
346	719
346	818
719	167
719	347
719	427
719	435
719	458
719	632
719	852
719	954
954	166
954	241
954	427
954	442
954	576
954	613
954	624
954	632
954	865
187	181
187	242
187	659
187	676
617	168
617	215
665	168
665	169
665	270
143	179
143	289
758	301
758	434
758	558
758	569
758	609
758	705
136	690
136	702
690	188
690	193
690	224
690	225
690	226
690	290
690	309
690	417
690	511
690	590
690	702
702	188
702	193
702	224
702	225
702	226
702	290
702	309
702	417
702	511
702	590
137	343
343	211
343	515
138	413
138	484
413	313
484	267
711	307
711	406
711	621
142	644
142	651
142	676
644	212
644	291
644	627
644	651
644	820
651	259
651	379
651	467
651	616
651	767
676	202
676	259
676	321
676	338
676	627
676	687
179	206
179	289
206	289
477	479
144	737
737	149
737	384
737	557
145	502
145	685
145	938
145	978
502	530
502	685
502	792
502	823
502	928
502	938
502	978
530	685
530	938
530	978
685	792
685	823
685	928
685	938
685	978
792	938
792	978
823	938
823	978
928	938
928	978
938	978
147	211
147	334
147	589
211	254
211	770
211	781
334	254
334	293
334	554
589	268
589	371
589	384
589	581
149	332
149	770
332	390
332	515
332	625
332	859
770	222
770	293
770	371
770	507
770	557
770	581
770	781
640	200
640	234
640	271
640	394
640	524
351	456
351	642
581	323
581	399
581	557
581	859
154	261
154	281
154	566
154	809
154	917
261	566
261	809
281	566
281	809
566	809
566	917
809	917
156	455
455	235
181	256
181	627
229	259
229	316
229	616
229	627
229	820
687	201
687	242
687	460
158	254
254	268
254	280
254	507
254	554
254	625
254	859
159	198
159	310
198	310
160	684
160	739
684	318
684	419
684	454
684	468
684	595
684	618
684	635
684	683
739	318
739	326
739	367
739	419
739	454
739	489
739	526
739	618
739	635
739	683
399	222
399	476
399	625
399	859
859	268
859	294
859	323
859	507
859	554
859	625
859	781
163	683
683	354
683	454
683	468
683	526
683	618
683	635
166	414
166	537
166	721
414	576
414	637
414	852
414	880
537	347
537	362
537	483
537	707
537	880
721	232
721	404
721	442
721	496
721	624
721	632
721	637
721	789
721	852
167	576
167	707
576	249
576	435
576	539
576	789
707	232
707	404
707	584
707	789
707	865
707	880
168	441
441	389
441	558
441	569
169	239
169	270
239	505
270	609
182	384
781	384
781	476
781	507
437	820
659	202
659	291
659	302
659	316
659	767
659	769
820	256
820	321
820	462
820	512
820	608
820	616
820	627
212	260
212	447
212	769
177	228
177	337
177	361
177	793
228	337
228	551
228	667
228	682
228	744
228	793
228	932
337	551
337	667
337	682
337	744
337	793
337	932
361	440
361	639
551	793
667	793
682	793
744	793
793	932
436	355
436	639
436	646
561	440
561	633
633	262
633	306
633	355
633	510
256	302
256	467
627	202
627	316
627	338
627	462
183	192
183	364
183	694
183	942
192	330
192	364
192	694
192	913
192	971
330	364
330	694
330	942
364	913
364	942
364	971
694	913
694	942
694	971
913	942
942	971
184	340
186	308
308	422
242	259
590	290
590	309
621	521
195	499
499	604
767	462
767	608
767	642
201	353
201	608
353	467
353	608
353	769
608	259
608	291
338	260
338	456
203	604
205	291
205	379
205	562
291	456
379	447
379	562
562	642
208	613
208	818
613	458
613	539
613	632
613	818
613	852
818	249
818	362
818	539
818	580
818	584
818	624
818	717
818	880
852	232
852	347
852	362
852	435
852	637
852	717
852	788
558	505
260	616
362	717
362	788
362	789
458	232
458	865
539	249
539	532
539	632
584	232
584	532
584	788
584	789
880	249
880	404
880	435
880	496
880	624
880	637
880	717
880	788
880	865
214	569
215	705
705	258
705	305
705	505
287	428
287	525
222	333
222	344
222	390
333	344
333	405
344	476
344	515
390	280
223	446
451	279
451	357
226	511
511	290
259	460
616	231
616	456
231	456
231	460
231	642
642	303
232	865
788	347
788	404
788	469
788	624
788	693
788	717
865	427
865	442
865	469
865	496
865	624
865	637
865	693
865	717
865	789
237	462
505	284
505	305
240	646
646	639
404	624
404	637
777	482
777	545
806	482
806	545
249	532
532	483
430	405
268	405
280	293
280	323
280	476
507	476
507	554
554	323
554	557
625	257
625	405
625	515
625	557
257	293
257	405
258	278
258	305
278	284
267	422
422	313
609	301
609	408
609	428
284	301
284	434
784	482
784	545
525	397
292	595
595	367
595	419
595	489
303	512
306	514
307	396
396	538
345	370
318	618
618	454
618	526
618	635
326	468
469	435
469	717
483	442
483	580
693	435
693	442
693	632
347	632
789	442
789	624
354	419
354	526
526	367
355	522
357	573
440	510
717	637
496	435
496	624
624	427
624	580
765	482
765	545
394	524
394	575
575	421
575	465
538	630
538	650
538	742
637	427
714	482
714	545
421	465
427	435
482	545
545	552
603	630
603	650
603	742
630	641
630	650
630	742
630	948
641	650
641	742
650	742
650	948
742	948
#End Disappearing Edges

*Newborn Edges
1	48
1	212
1	732
1	774
1	783
1	853
1	870
1	890
1	921
48	76
48	230
48	696
48	767
48	803
48	813
48	961
48	967
212	321
212	398
212	586
212	794
212	796
212	803
212	875
212	937
212	946
732	201
732	230
732	237
732	335
732	377
732	395
732	431
732	500
732	509
732	518
732	578
732	582
732	586
732	643
732	772
732	783
732	794
732	921
732	943
732	961
774	263
774	291
774	321
774	353
774	437
774	448
774	509
774	611
774	642
774	676
774	696
774	786
774	796
774	803
774	813
774	875
774	885
774	955
774	980
783	23
783	34
783	93
783	201
783	242
783	376
783	562
783	594
783	642
783	676
783	755
783	767
783	805
783	853
783	870
783	907
783	921
783	955
783	980
853	31
853	91
853	152
853	230
853	256
853	259
853	263
853	351
853	431
853	592
853	627
853	676
853	755
853	791
853	813
853	875
853	890
853	907
853	921
853	955
853	967
870	117
870	142
870	205
870	253
870	259
870	303
870	321
870	379
870	426
870	437
870	448
870	478
870	531
870	616
870	642
870	651
870	755
870	787
870	820
870	946
870	961
890	67
890	94
890	131
890	176
890	248
890	253
890	263
890	296
890	335
890	342
890	437
890	460
890	462
890	467
890	478
890	518
890	571
890	578
890	616
890	642
890	643
890	651
890	676
890	769
890	845
890	946
921	93
921	95
921	117
921	131
921	242
921	263
921	291
921	381
921	395
921	398
921	425
921	447
921	460
921	500
921	506
921	592
921	743
921	751
921	755
921	772
921	796
921	930
921	937
921	943
921	961
967	65
967	93
967	95
967	131
967	157
967	229
967	260
967	291
967	296
967	302
967	381
967	423
967	429
967	448
967	509
967	627
967	638
967	651
967	660
967	661
967	669
967	687
967	718
967	794
967	796
967	845
967	875
967	907
967	943
2	548
2	567
2	720
2	817
2	910
2	968
2	978
520	92
520	163
520	401
520	433
520	443
520	461
520	548
520	720
520	817
520	910
520	968
520	978
548	64
548	92
548	196
548	433
548	443
548	461
548	567
548	601
548	712
548	720
548	817
548	910
548	925
548	968
548	978
567	64
567	163
567	196
567	247
567	401
567	433
567	443
567	461
567	601
567	712
567	720
567	817
567	910
567	925
567	968
567	978
712	64
712	92
712	163
712	401
712	433
712	443
712	461
712	720
712	817
712	910
712	968
712	978
720	163
720	196
720	247
720	461
720	601
720	817
720	925
720	978
817	64
817	92
817	163
817	196
817	247
817	401
817	433
817	443
817	461
817	601
817	910
817	925
817	968
817	978
910	163
910	196
910	247
910	461
910	601
910	925
910	978
925	64
925	92
925	163
925	401
925	433
925	443
925	461
925	968
925	978
968	163
968	196
968	247
968	461
968	601
968	978
978	64
978	92
978	163
978	196
978	247
978	401
978	433
978	443
978	461
978	601
3	294
3	677
3	737
3	854
3	915
3	926
3	979
294	52
294	162
294	323
294	333
294	625
294	657
294	826
294	862
294	904
677	20
677	25
677	158
677	257
677	293
677	513
677	554
677	649
677	650
677	753
677	757
677	819
677	826
677	915
677	926
737	10
737	20
737	222
737	280
737	285
737	405
737	430
737	515
737	544
737	589
737	657
737	731
737	750
737	753
737	759
737	862
737	878
737	915
854	10
854	46
854	121
854	137
854	222
854	266
854	268
854	332
854	399
854	507
854	544
854	556
854	557
854	589
854	597
854	625
854	759
854	856
854	857
854	894
854	934
854	935
894	10
894	46
894	147
894	254
894	266
894	285
894	332
894	343
894	405
894	476
894	515
894	545
894	581
894	597
894	625
894	649
894	731
894	826
894	873
894	915
894	935
904	12
904	45
904	52
904	147
904	268
904	332
904	334
904	384
904	424
904	474
904	533
904	581
904	625
904	650
904	716
904	753
904	781
904	856
904	908
904	926
904	935
915	12
915	86
915	171
915	266
915	280
915	323
915	349
915	356
915	371
915	405
915	476
915	534
915	544
915	557
915	559
915	589
915	625
915	736
915	759
915	819
915	873
915	935
915	979
926	25
926	37
926	121
926	137
926	252
926	254
926	285
926	299
926	424
926	474
926	507
926	534
926	544
926	557
926	559
926	588
926	625
926	657
926	736
926	781
926	835
934	86
934	147
934	153
934	180
934	211
934	252
934	266
934	360
934	384
934	390
934	399
934	464
934	476
934	534
934	545
934	557
934	559
934	581
934	597
934	607
934	650
934	695
934	716
934	731
934	781
934	862
934	878
934	979
979	45
979	86
979	147
979	211
979	257
979	299
979	323
979	332
979	333
979	334
979	337
979	341
979	349
979	399
979	474
979	513
979	589
979	607
979	649
979	657
979	695
979	750
979	770
979	826
979	835
979	908
979	935
4	150
4	228
4	486
4	622
4	730
4	771
4	814
4	892
150	217
150	218
150	228
150	482
150	598
150	730
150	838
150	869
228	125
228	173
228	452
228	622
228	679
228	688
228	747
228	802
228	869
228	892
486	125
486	217
486	331
486	416
486	482
486	631
486	814
486	869
622	97
622	111
622	124
622	218
622	411
622	480
622	577
688	40
688	107
688	111
688	185
688	298
688	331
688	411
688	452
688	482
688	628
688	730
688	771
688	802
730	30
730	107
730	119
730	125
730	194
730	411
730	628
730	679
730	747
730	814
730	892
747	107
747	119
747	124
747	125
747	218
747	236
747	246
747	482
747	527
771	111
771	217
771	245
771	298
771	470
771	577
771	631
771	869
814	97
814	107
814	124
814	165
814	194
814	218
814	246
814	470
814	480
814	482
814	598
814	628
814	631
892	119
892	124
892	194
892	411
892	416
892	577
5	711
5	800
5	824
5	827
674	103
674	141
674	156
674	235
674	383
674	455
674	490
674	711
674	891
711	103
711	383
711	455
711	490
711	521
711	560
800	141
800	328
800	383
800	824
824	103
824	156
824	235
824	455
824	490
827	103
827	156
827	235
827	521
827	560
827	916
872	141
872	156
872	235
872	328
872	396
891	490
891	560
891	898
898	141
916	328
918	328
918	396
6	655
6	672
6	689
6	760
6	801
6	810
6	811
6	825
6	850
652	61
652	138
652	265
652	267
652	308
652	313
652	413
652	422
652	484
652	623
652	654
652	655
652	672
652	689
652	760
652	801
652	810
652	811
652	825
652	850
655	265
655	689
655	810
655	811
672	265
672	689
672	810
672	811
689	61
689	74
689	138
689	265
689	267
689	308
689	313
689	413
689	422
689	484
689	623
689	654
689	760
689	801
689	810
689	811
689	825
689	850
760	61
760	265
760	810
760	811
801	61
801	265
801	810
801	811
810	61
810	74
810	138
810	265
810	267
810	308
810	313
810	413
810	422
810	484
810	623
810	654
810	811
810	825
810	850
811	61
811	74
811	138
811	265
811	267
811	308
811	313
811	413
811	422
811	484
811	623
811	654
811	825
811	850
825	61
825	265
850	61
850	265
7	127
7	675
7	739
7	849
7	867
7	868
7	902
7	944
7	993
127	69
127	713
127	887
127	933
127	957
127	986
127	993
675	36
675	168
675	274
675	318
675	350
675	358
675	485
675	546
675	600
675	606
675	648
675	686
675	739
675	749
675	761
675	874
675	951
675	986
675	993
739	169
739	258
739	272
739	275
739	292
739	410
739	438
739	471
739	505
739	596
739	600
739	617
739	629
739	653
739	895
739	942
739	951
739	953
739	975
849	60
849	71
849	108
849	192
849	318
849	392
849	434
849	542
849	569
849	614
849	683
849	705
849	812
849	874
849	877
849	889
849	902
849	956
849	973
849	986
849	987
849	996
867	17
867	81
867	84
867	96
867	284
867	350
867	358
867	410
867	438
867	528
867	558
867	569
867	587
867	606
867	609
867	758
867	775
867	782
867	933
867	942
867	944
867	951
867	957
867	973
867	975
867	996
868	33
868	128
868	160
868	192
868	273
868	287
868	301
868	352
868	373
868	410
868	439
868	441
868	536
868	542
868	609
868	678
868	735
868	749
868	812
868	877
868	895
868	942
868	951
868	953
868	956
902	18
902	81
902	210
902	287
902	505
902	525
902	600
902	606
902	686
902	713
902	735
902	775
902	843
902	874
902	877
902	887
902	951
902	957
902	972
902	973
902	975
902	996
944	71
944	80
944	114
944	128
944	168
944	227
944	258
944	275
944	278
944	352
944	367
944	408
944	489
944	546
944	617
944	629
944	665
944	683
944	684
944	691
944	766
944	895
944	933
944	942
944	945
944	951
944	956
944	981
944	987
987	60
987	62
987	69
987	129
987	169
987	192
987	264
987	278
987	324
987	350
987	493
987	523
987	536
987	585
987	648
987	653
987	699
987	705
987	713
987	763
987	812
987	920
987	953
987	956
987	970
987	981
993	18
993	24
993	133
993	160
993	192
993	214
993	258
993	273
993	275
993	284
993	324
993	419
993	454
993	468
993	505
993	600
993	606
993	653
993	678
993	683
993	749
993	766
993	927
993	953
993	970
993	975
993	981
993	996
8	488
8	502
8	630
8	816
233	39
233	488
233	502
233	630
233	816
380	39
380	488
380	502
380	630
380	816
412	39
412	488
412	502
412	630
412	816
488	39
488	43
488	190
488	502
488	630
488	656
488	692
488	725
488	816
502	39
502	43
502	190
502	630
502	656
502	692
502	725
502	816
630	39
630	43
630	190
630	656
630	692
630	725
630	816
656	39
656	816
692	39
692	816
725	39
725	816
816	39
816	43
816	190
9	563
9	573
9	680
9	703
9	722
9	795
473	13
473	26
473	223
473	432
473	451
473	722
473	879
563	26
563	50
563	70
563	223
563	573
563	680
563	912
573	13
573	26
573	50
573	70
573	223
573	432
573	451
573	680
680	13
680	26
680	50
680	70
680	223
680	432
680	451
680	876
703	26
703	50
703	70
703	223
703	446
703	795
703	876
722	26
722	50
722	70
722	223
722	432
722	795
722	912
795	13
795	26
795	70
795	223
795	451
876	26
876	70
876	223
876	446
879	26
879	70
879	451
912	26
912	70
10	52
10	182
10	254
10	257
10	349
10	384
10	625
52	45
52	86
52	149
52	334
52	706
52	753
182	37
182	515
182	650
182	731
182	819
182	856
182	857
182	873
182	908
254	371
254	430
254	476
254	695
254	826
254	829
254	857
257	144
257	266
257	349
257	559
257	581
257	607
257	736
257	856
257	935
349	356
349	557
349	607
349	731
349	736
349	759
349	819
349	908
349	935
384	266
384	280
384	356
384	554
384	757
384	770
384	856
384	857
384	862
625	171
625	323
625	533
625	534
625	549
625	568
625	607
625	649
625	716
625	753
625	781
11	561
11	846
11	969
561	68
561	503
561	566
561	639
561	754
754	195
754	262
754	355
754	361
754	363
754	510
754	566
754	833
754	860
833	16
833	78
833	178
833	436
833	459
833	503
833	620
833	633
833	646
833	846
846	47
846	306
846	355
846	436
846	514
846	583
846	620
846	924
960	170
960	195
960	240
960	355
960	361
960	363
960	374
960	498
960	503
960	566
960	881
969	16
969	123
969	363
969	503
969	566
969	583
969	620
969	974
974	28
974	47
974	123
974	262
974	355
974	363
974	566
974	604
976	68
976	78
976	170
976	178
976	240
976	363
976	503
976	514
976	522
976	566
992	123
992	170
992	195
992	361
992	363
992	374
992	503
992	566
992	633
995	170
995	262
995	306
995	363
995	459
995	503
995	510
995	566
12	137
12	343
12	371
12	515
12	534
12	568
12	607
12	770
137	144
137	285
137	556
137	588
137	750
137	829
137	835
343	323
343	332
343	333
343	360
343	424
343	464
343	545
343	588
343	829
371	171
371	390
371	464
371	554
371	588
371	695
371	862
371	878
371	908
515	266
515	280
515	337
515	549
515	568
515	731
515	819
515	826
534	153
534	405
534	554
534	557
534	581
534	757
534	759
534	819
534	856
534	873
534	935
568	222
568	252
568	280
568	337
568	507
568	544
568	557
568	657
568	736
568	835
568	856
607	211
607	293
607	334
607	341
607	556
607	559
607	581
607	706
607	716
607	873
770	25
770	45
770	46
770	153
770	266
770	285
770	344
770	356
770	365
770	399
770	476
770	597
770	650
770	657
770	706
770	819
770	826
14	114
14	128
14	629
14	766
14	889
14	914
14	927
14	996
114	352
114	653
114	895
114	920
114	927
114	970
114	973
114	981
128	300
128	354
128	678
128	686
128	758
128	933
128	951
128	981
629	80
629	84
629	96
629	133
629	221
629	373
629	428
629	457
629	485
629	587
629	648
629	763
629	812
629	895
629	956
629	981
686	19
686	22
686	354
686	428
686	485
686	505
686	564
686	585
686	609
686	614
686	648
686	665
686	691
686	933
686	945
766	24
766	36
766	160
766	227
766	284
766	358
766	392
766	454
766	471
766	505
766	542
766	572
766	666
766	727
766	832
766	874
766	895
766	970
766	986
889	19
889	96
889	129
889	273
889	278
889	305
889	378
889	397
889	526
889	528
889	542
889	572
889	585
889	600
889	684
889	727
889	749
889	761
889	920
889	942
889	951
889	957
889	972
889	973
914	69
914	106
914	129
914	273
914	292
914	305
914	378
914	389
914	438
914	439
914	468
914	471
914	493
914	614
914	617
914	653
914	678
914	749
914	812
914	874
914	920
914	945
914	951
914	970
914	986
927	17
927	129
927	133
927	139
927	258
927	264
927	301
927	373
927	434
927	457
927	542
927	546
927	564
927	585
927	609
927	614
927	666
927	713
927	758
927	887
927	895
927	933
927	951
927	953
927	972
927	973
996	60
996	79
996	133
996	139
996	160
996	192
996	214
996	215
996	352
996	373
996	389
996	408
996	410
996	428
996	489
996	558
996	587
996	609
996	617
996	645
996	665
996	666
996	678
996	761
996	945
996	951
996	956
996	972
15	238
15	260
15	426
15	437
15	466
15	508
15	638
15	930
15	980
238	157
238	316
238	348
238	425
238	506
238	582
238	605
238	794
238	885
238	980
260	176
260	335
260	366
260	463
260	659
260	669
260	709
260	769
260	787
426	187
426	202
426	351
426	466
426	578
426	627
426	643
426	660
426	696
426	748
426	805
426	946
437	58
437	95
437	259
437	336
437	591
437	937
437	955
466	58
466	199
466	338
466	594
466	661
466	669
466	687
466	772
466	937
508	295
508	351
508	376
508	379
508	616
508	642
508	661
508	769
508	907
508	930
508	937
508	943
638	94
638	201
638	237
638	296
638	321
638	395
638	431
638	512
638	586
638	592
638	743
638	751
638	767
638	805
638	820
638	845
930	34
930	58
930	82
930	91
930	95
930	117
930	181
930	201
930	302
930	321
930	429
930	462
930	571
930	586
930	591
930	627
930	696
930	709
930	748
930	787
930	791
930	803
930	805
930	813
930	820
930	885
930	943
930	961
955	67
955	181
955	201
955	304
955	342
955	348
955	353
955	366
955	382
955	423
955	448
955	456
955	478
955	578
955	643
955	651
955	715
955	724
955	751
955	755
955	767
955	772
955	786
955	804
955	820
955	845
955	885
955	961
980	23
980	31
980	34
980	91
980	95
980	181
980	187
980	205
980	229
980	253
980	291
980	296
980	304
980	342
980	348
980	351
980	377
980	423
980	425
980	429
980	447
980	463
980	518
980	571
980	611
980	627
980	642
980	659
980	676
980	724
980	743
980	772
980	791
980	794
980	961
16	514
16	860
16	965
514	440
514	510
514	965
860	28
860	240
860	436
860	475
860	566
860	604
860	633
860	830
860	924
860	964
924	68
924	77
924	90
924	178
924	459
924	503
924	566
924	700
924	871
964	68
964	170
964	306
964	363
964	374
964	459
964	503
964	646
965	78
965	170
965	363
965	436
965	499
965	503
965	522
965	566
17	457
17	691
17	749
17	895
17	920
17	933
17	945
457	292
457	410
457	438
457	614
457	678
457	761
457	877
457	895
457	957
691	19
691	24
691	169
691	318
691	373
691	666
691	735
691	775
691	782
691	812
691	832
691	874
691	887
691	933
691	945
691	970
749	168
749	305
749	318
749	392
749	536
749	569
749	609
749	614
749	666
749	678
749	713
749	843
749	956
749	972
749	986
895	69
895	215
895	258
895	270
895	318
895	354
895	471
895	525
895	653
895	665
895	666
895	683
895	684
895	763
895	877
895	920
895	986
920	33
920	36
920	108
920	139
920	168
920	274
920	318
920	324
920	350
920	373
920	408
920	438
920	528
920	558
920	564
920	585
920	587
920	617
920	653
920	666
920	705
920	951
920	953
920	972
920	986
933	69
933	106
933	108
933	168
933	264
933	274
933	367
933	410
933	438
933	454
933	523
933	525
933	528
933	536
933	564
933	572
933	585
933	596
933	606
933	683
933	887
933	945
933	956
933	981
945	24
945	108
945	133
945	135
945	239
945	273
945	300
945	305
945	373
945	441
945	546
945	564
945	572
945	585
945	600
945	614
945	645
945	665
945	699
945	761
945	782
945	843
945	951
945	975
945	986
973	24
973	106
973	169
973	210
973	215
973	273
973	284
973	301
973	419
973	454
973	525
973	536
973	542
973	546
973	572
973	606
973	683
973	727
973	735
973	761
973	763
973	832
973	874
973	942
18	284
18	428
18	665
18	727
18	775
18	953
18	956
284	227
284	292
284	523
284	713
284	832
284	953
428	139
428	367
428	485
428	678
428	699
428	942
428	956
428	957
428	975
665	258
665	378
665	419
665	493
665	523
665	600
665	758
665	877
665	972
727	287
727	305
727	367
727	408
727	419
727	528
727	569
727	587
727	596
727	666
727	775
727	877
727	951
727	953
727	972
727	975
775	22
775	36
775	272
775	318
775	350
775	367
775	392
775	468
775	523
775	536
775	558
775	666
775	684
775	699
775	705
775	874
775	957
775	975
953	106
953	192
953	221
953	239
953	264
953	274
953	358
953	373
953	434
953	471
953	489
953	536
953	564
953	569
953	585
953	587
953	666
953	683
953	684
953	713
953	942
953	956
953	972
956	71
956	81
956	108
956	168
956	287
956	301
956	389
956	438
956	441
956	505
956	525
956	528
956	558
956	609
956	614
956	645
956	653
956	699
956	705
956	713
956	735
956	782
956	874
956	972
956	975
19	135
19	278
19	653
19	683
19	981
135	80
135	523
135	564
135	763
135	951
135	957
135	986
278	468
278	536
278	558
278	587
278	683
278	843
278	981
653	287
653	324
653	438
653	609
653	648
653	678
653	812
653	951
653	957
653	981
683	60
683	168
683	227
683	275
683	367
683	439
683	471
683	606
683	645
683	887
683	951
981	24
981	33
981	108
981	210
981	221
981	227
981	264
981	273
981	274
981	287
981	301
981	358
981	441
981	471
981	505
981	558
981	600
981	617
981	645
981	666
981	735
981	782
981	874
981	951
981	972
981	975
20	332
20	710
20	716
20	753
20	819
20	878
332	365
332	533
332	650
332	657
332	757
332	857
588	144
588	344
588	476
588	507
588	513
588	695
588	750
588	781
588	826
588	935
710	45
710	110
710	147
710	211
710	341
710	365
710	405
710	544
710	549
710	759
716	162
716	356
716	405
716	430
716	545
716	554
716	589
716	649
716	750
716	757
716	759
716	862
716	873
716	908
753	86
753	121
753	171
753	211
753	252
753	266
753	268
753	341
753	344
753	545
753	559
753	650
753	657
753	826
753	878
753	908
819	45
819	46
819	86
819	149
819	299
819	337
819	344
819	424
819	533
819	736
819	759
819	856
878	222
878	268
878	293
878	323
878	399
878	424
878	464
878	474
878	549
878	559
878	589
878	649
878	650
878	706
878	759
878	781
878	829
21	702
21	859
21	866
85	702
85	859
85	866
140	702
140	859
140	866
311	702
311	859
311	866
339	702
339	859
339	866
702	768
702	841
702	859
702	866
702	905
768	859
768	866
841	859
841	866
859	866
859	905
866	905
22	108
22	358
22	546
22	713
22	735
22	761
22	843
22	972
108	214
108	587
108	832
358	273
358	596
358	609
358	645
358	678
358	713
358	832
546	79
546	160
546	239
546	292
546	397
546	782
546	832
713	215
713	275
713	523
713	614
713	684
713	832
713	887
735	79
735	373
735	489
735	536
735	564
735	569
735	617
735	684
735	705
735	942
735	951
735	975
761	168
761	292
761	300
761	354
761	410
761	434
761	439
761	454
761	485
761	528
761	558
761	678
761	699
761	832
761	942
761	970
761	975
843	62
843	160
843	275
843	301
843	434
843	485
843	523
843	525
843	526
843	614
843	617
843	648
843	666
843	758
843	782
843	812
843	877
843	887
843	970
972	60
972	169
972	214
972	227
972	239
972	264
972	275
972	292
972	392
972	397
972	408
972	471
972	489
972	526
972	542
972	596
972	600
972	684
972	832
972	877
972	942
972	957
23	429
23	582
23	591
23	718
23	755
23	787
23	820
429	116
429	295
429	335
429	592
429	605
429	660
429	676
429	696
429	875
429	961
582	176
582	242
582	263
582	291
582	316
582	353
582	395
582	425
582	605
582	616
582	642
582	661
582	845
582	907
591	131
591	316
591	329
591	366
591	377
591	448
591	456
591	611
591	643
591	644
591	651
591	687
591	715
591	937
718	76
718	91
718	131
718	176
718	263
718	342
718	379
718	456
718	478
718	509
718	562
718	791
718	804
718	813
718	875
718	937
718	946
718	961
755	76
755	187
755	201
755	237
755	395
755	448
755	478
755	578
755	642
755	659
755	676
755	687
755	696
755	772
755	791
755	794
755	845
787	94
787	95
787	181
787	237
787	253
787	304
787	335
787	376
787	379
787	462
787	463
787	627
787	687
787	715
787	767
787	786
787	885
787	907
820	67
820	93
820	152
820	202
820	231
820	291
820	296
820	302
820	304
820	338
820	366
820	456
820	506
820	518
820	651
820	743
820	767
820	791
820	907
820	946
943	65
943	157
943	181
943	202
943	230
943	231
943	237
943	259
943	335
943	336
943	338
943	348
943	366
943	425
943	509
943	512
943	578
943	608
943	611
943	616
943	660
943	661
943	767
943	772
943	786
943	946
24	300
24	572
24	951
300	378
300	434
300	505
300	699
300	970
300	986
572	324
572	419
572	542
572	609
572	617
572	699
572	812
572	874
572	975
951	84
951	210
951	318
951	441
951	666
951	678
951	812
951	832
951	874
951	970
986	71
986	106
986	214
986	287
986	318
986	324
986	378
986	439
986	505
986	526
986	528
986	542
986	569
986	609
986	645
986	684
986	782
986	812
986	887
986	957
986	970
25	162
25	268
25	299
25	390
25	731
25	856
162	365
162	405
162	731
162	750
162	829
162	857
162	873
268	46
268	252
268	533
268	559
268	835
268	873
299	121
299	285
299	464
299	545
299	759
299	781
299	873
390	158
390	399
390	507
390	513
390	557
390	695
390	781
390	829
390	856
731	252
731	323
731	356
731	424
731	545
731	556
731	557
731	736
731	935
856	147
856	153
856	222
856	252
856	334
856	360
856	545
856	589
856	650
856	657
27	38
27	406
27	529
27	599
27	621
27	931
38	491
38	529
38	599
38	621
38	626
38	940
406	59
406	112
406	191
406	297
406	529
406	599
406	621
406	626
529	216
529	250
529	297
529	391
529	599
529	621
529	626
599	112
599	191
599	216
599	220
599	250
599	297
599	307
599	626
621	59
621	112
621	220
621	250
621	307
621	391
621	491
621	626
626	112
626	216
626	220
626	250
626	297
626	307
626	491
626	911
911	391
919	250
919	940
940	803
28	639
639	203
639	499
639	510
639	604
639	620
639	830
639	871
881	123
881	170
881	178
881	240
881	262
881	374
881	440
881	475
881	498
881	503
881	604
881	633
881	700
29	134
29	368
29	372
134	368
368	372
372	648
30	331
30	411
30	480
30	527
30	598
331	40
331	124
331	125
331	165
331	480
331	527
331	838
411	246
411	470
411	480
411	802
480	40
480	125
480	194
480	452
480	492
480	577
527	236
527	482
527	492
527	598
527	628
527	631
527	679
527	869
598	107
598	111
598	125
598	217
598	246
598	492
598	869
679	97
679	146
679	245
679	298
679	452
679	492
679	628
679	631
679	802
802	40
802	107
802	125
802	146
802	173
802	217
802	298
802	577
869	97
869	146
869	173
869	194
869	217
869	236
869	298
31	379
31	518
31	651
31	748
31	767
31	786
31	885
379	321
379	329
379	571
379	794
379	803
518	131
518	506
518	512
518	562
518	644
518	724
518	769
518	845
518	907
651	76
651	263
651	291
651	366
651	381
651	462
651	481
651	642
651	676
651	696
651	709
651	743
651	885
748	65
748	67
748	142
748	152
748	242
748	248
748	431
748	512
748	562
748	578
748	608
748	611
748	669
748	696
748	845
748	961
767	58
767	82
767	256
767	329
767	431
767	506
767	571
767	586
767	611
767	709
767	724
767	769
767	885
786	58
786	199
786	237
786	303
786	366
786	447
786	500
786	506
786	586
786	642
786	661
786	687
786	715
786	772
786	845
786	875
786	937
885	82
885	116
885	256
885	316
885	342
885	351
885	381
885	382
885	395
885	398
885	447
885	586
885	627
885	659
885	669
885	687
885	743
885	791
885	946
907	76
907	157
907	187
907	202
907	205
907	229
907	231
907	295
907	304
907	398
907	586
907	616
907	627
907	643
907	644
907	669
907	709
907	751
32	241
32	346
32	404
32	414
32	427
32	693
32	864
32	896
241	632
241	719
241	729
241	831
241	865
241	897
241	963
346	347
346	362
346	458
346	580
346	861
346	865
346	880
346	897
346	899
346	929
404	327
404	632
404	740
404	863
404	897
404	899
404	929
404	963
414	375
414	385
414	469
414	707
414	717
414	740
414	831
414	837
414	896
414	929
414	954
427	232
427	670
427	729
427	740
427	745
427	831
427	837
427	851
427	880
427	884
693	213
693	269
693	362
693	496
693	519
693	717
693	721
693	729
693	789
693	818
693	831
693	864
693	884
693	954
864	208
864	386
864	580
864	632
864	668
864	707
864	719
864	734
864	745
864	852
864	863
864	865
864	884
864	897
864	929
896	54
896	66
896	130
896	208
896	327
896	385
896	386
896	496
896	535
896	576
896	632
896	658
896	734
896	778
896	865
896	897
899	167
899	232
899	375
899	386
899	407
899	435
899	497
899	537
899	539
899	584
899	632
899	701
899	740
899	778
899	863
899	884
899	897
899	929
899	963
963	42
963	66
963	118
963	167
963	213
963	362
963	375
963	385
963	435
963	535
963	539
963	613
963	632
963	779
963	837
963	880
963	929
33	168
33	301
33	419
33	569
33	645
33	877
168	526
301	606
301	614
301	645
301	684
419	215
419	272
419	485
419	678
419	699
419	975
569	69
569	129
569	270
569	523
569	542
569	648
569	705
569	942
645	106
645	133
645	410
645	439
645	526
645	585
645	877
645	942
645	970
877	192
877	434
877	454
877	468
877	485
877	523
877	558
877	648
877	684
877	758
877	812
877	832
877	942
877	970
34	152
34	506
34	608
34	669
34	875
34	946
152	303
152	338
152	398
152	423
152	611
152	772
506	296
506	342
506	481
506	500
506	608
506	715
506	796
608	395
608	423
608	447
608	481
608	562
608	611
608	644
608	715
608	769
608	804
608	805
608	946
669	448
669	456
669	460
669	462
669	467
669	512
669	531
669	605
669	660
669	715
669	772
669	845
669	937
875	187
875	295
875	335
875	338
875	342
875	348
875	423
875	447
875	592
875	594
875	644
875	724
875	743
875	751
875	772
875	791
875	794
875	803
946	58
946	76
946	82
946	91
946	116
946	117
946	230
946	291
946	302
946	316
946	336
946	342
946	348
946	382
946	398
946	448
946	460
946	531
946	562
946	592
946	642
946	743
946	751
946	803
946	937
946	961
35	550
35	790
35	923
501	132
501	159
501	790
501	923
550	132
550	790
550	923
570	132
570	790
570	923
728	132
728	790
728	923
790	75
790	104
790	132
790	159
790	219
790	283
790	310
790	504
790	540
790	836
790	839
790	923
790	991
790	999
836	132
836	923
839	132
839	923
923	75
923	104
923	132
923	159
923	219
923	283
923	310
923	504
923	540
923	991
923	999
991	132
999	132
36	239
36	493
36	505
36	585
36	975
239	367
239	606
239	874
239	942
493	81
493	210
493	214
493	305
493	352
493	439
493	525
493	606
493	699
505	79
505	468
505	526
505	812
505	970
585	62
585	133
585	270
585	758
585	887
975	60
975	270
975	305
975	439
975	523
975	542
975	587
975	606
975	648
975	699
975	758
975	782
975	812
975	832
975	887
975	957
975	970
37	293
37	399
37	750
37	759
37	829
293	144
293	222
293	323
293	405
293	581
293	650
293	736
293	829
399	153
399	171
399	513
399	649
399	706
399	862
544	121
544	147
544	474
544	476
544	513
544	597
544	736
736	46
736	147
736	158
736	180
736	285
736	337
736	545
736	554
736	556
736	597
736	862
736	873
750	149
750	211
750	280
750	360
750	513
750	589
750	597
750	706
750	857
759	144
759	153
759	158
759	545
759	706
759	829
829	86
829	149
829	252
829	365
829	476
829	545
829	826
829	908
491	191
491	216
491	220
491	250
491	307
491	391
40	146
40	236
40	470
146	577
146	838
236	165
236	470
470	185
470	416
470	482
470	492
470	838
628	97
628	124
628	165
628	173
628	185
628	218
628	245
628	492
628	631
838	111
838	119
838	165
838	194
838	482
838	577
838	631
41	224
41	225
41	417
41	511
41	590
224	188
224	225
224	511
224	543
224	610
225	188
225	417
225	511
225	543
417	188
511	188
543	188
610	188
42	347
42	519
42	584
42	632
42	701
42	865
42	880
42	929
347	362
347	458
347	580
347	613
347	668
347	778
347	779
347	831
347	884
519	166
519	208
519	213
519	407
519	721
519	745
519	778
519	788
519	831
519	954
584	54
584	362
584	386
584	458
584	717
584	734
584	831
584	861
632	580
632	717
632	740
632	779
632	851
632	852
632	863
632	884
701	269
701	327
701	435
701	496
701	497
701	537
701	658
701	719
701	779
701	837
701	863
701	897
701	954
831	66
831	166
831	208
831	249
831	435
831	483
831	496
831	532
831	539
831	668
831	717
831	719
831	788
831	865
865	118
865	130
865	167
865	269
865	362
865	407
865	483
865	537
865	576
865	658
865	721
865	729
865	740
865	779
865	788
865	851
880	166
880	208
880	232
880	269
880	362
880	458
880	539
880	576
880	613
880	670
880	734
880	745
880	778
880	851
880	897
929	118
929	232
929	458
929	483
929	532
929	537
929	668
929	729
929	745
929	852
929	897
44	126
44	319
44	671
44	690
44	808
126	88
126	325
126	671
126	842
319	197
319	277
319	340
319	673
319	738
319	842
671	184
671	186
671	204
671	418
671	487
671	547
671	647
671	673
671	723
671	762
671	793
671	797
671	808
671	901
671	903
671	922
671	941
671	947
671	982
690	154
690	317
690	322
690	415
690	547
690	553
690	593
690	723
690	733
690	738
690	752
690	762
690	793
690	808
690	842
690	901
690	922
690	947
690	982
690	983
690	990
808	109
808	186
808	204
808	317
808	418
808	487
808	547
808	752
808	903
901	83
901	109
901	154
901	277
901	314
901	369
901	415
901	418
901	553
901	593
901	697
901	738
941	154
941	186
941	369
941	553
941	593
941	673
941	738
947	154
947	186
947	277
947	553
947	593
947	738
947	793
983	109
983	154
983	277
983	369
983	553
983	593
983	738
983	793
990	109
990	154
990	186
990	277
990	369
990	553
990	593
990	738
990	793
45	559
45	862
45	873
559	533
559	545
559	557
559	597
559	650
559	657
559	862
862	211
862	222
862	334
862	337
862	360
862	476
862	533
862	545
862	549
862	589
862	695
862	781
862	826
873	86
873	110
873	211
873	222
873	280
873	323
873	333
873	344
873	360
873	657
873	757
46	110
46	158
46	474
46	695
110	171
110	211
110	252
110	476
110	557
110	757
110	826
158	334
158	360
158	545
474	180
474	334
474	337
474	365
474	476
474	507
474	589
474	835
695	153
695	341
695	533
695	581
695	650
695	757
695	857
695	935
47	646
646	68
646	195
646	566
646	583
646	604
646	620
646	871
76	202
76	611
76	696
230	696
230	769
230	805
696	329
696	348
696	571
696	643
696	769
696	937
803	58
803	205
803	242
803	291
803	304
803	336
803	353
803	376
803	398
803	431
803	456
803	509
803	578
803	627
803	642
803	660
803	805
803	813
813	142
813	157
813	202
813	242
813	329
813	335
813	338
813	342
813	423
813	478
813	562
813	605
813	627
813	796
813	804
961	65
961	176
961	229
961	259
961	295
961	303
961	321
961	351
961	448
961	460
961	462
961	467
961	592
961	605
961	644
961	791
961	805
961	937
828	98
828	175
828	198
828	409
844	98
844	175
844	198
844	409
848	98
848	175
848	198
848	409
855	98
855	175
855	198
855	409
900	98
900	175
900	198
900	409
962	98
962	175
962	198
962	409
988	98
988	175
988	198
988	409
989	98
989	175
989	198
989	409
997	98
997	175
997	198
997	409
1000	98
1000	175
1000	198
1000	409
50	451
451	432
451	446
51	673
51	738
51	762
51	903
673	186
673	277
673	547
673	593
673	647
673	793
738	161
738	184
738	189
738	197
738	317
738	369
738	418
738	553
738	697
738	723
738	733
738	752
738	762
738	903
738	922
738	982
762	88
762	109
762	154
762	161
762	277
762	647
762	752
842	109
842	197
842	325
842	369
842	388
842	487
842	553
842	593
842	793
903	109
903	277
903	345
903	369
903	553
903	593
903	793
922	83
922	154
922	186
922	340
922	369
922	553
922	793
982	109
982	154
982	186
982	277
982	369
982	553
982	593
982	793
86	430
149	333
149	549
149	649
149	781
149	908
149	935
334	121
334	365
334	835
334	935
365	333
365	430
365	781
365	908
706	180
706	211
706	430
706	464
706	513
706	533
706	545
706	757
706	781
706	826
706	857
54	658
54	717
54	719
54	778
54	851
54	852
54	861
658	213
658	375
658	386
658	435
658	497
658	576
658	668
658	717
658	740
658	778
658	779
658	788
658	837
658	851
658	852
658	863
658	954
717	407
717	435
717	483
717	576
717	613
717	668
717	734
717	740
717	778
717	789
717	884
717	897
719	208
719	385
719	483
719	496
719	613
719	668
719	721
719	729
719	740
719	789
719	818
719	861
719	863
778	66
778	130
778	208
778	213
778	269
778	721
778	745
778	789
851	385
851	435
851	458
851	707
851	729
851	734
851	740
851	788
851	852
851	884
852	118
852	130
852	213
852	386
852	442
852	469
852	496
852	537
852	707
852	729
852	789
852	818
852	837
852	863
852	884
861	166
861	249
861	375
861	496
861	497
861	576
861	580
861	668
861	707
861	789
861	837
861	863
861	884
861	897
55	282
55	312
55	320
55	359
55	393
55	403
55	807
282	312
282	320
282	393
282	403
282	807
312	320
312	359
312	393
312	403
320	359
320	393
320	807
359	393
359	403
359	807
393	403
393	807
403	807
56	115
56	517
56	704
56	906
56	966
115	517
115	704
115	906
115	966
517	704
517	906
704	906
704	966
906	966
57	618
57	952
618	63
618	234
618	400
618	450
618	524
618	602
618	640
618	663
618	664
618	741
618	746
618	799
618	822
618	886
618	939
618	952
618	959
618	998
764	370
764	400
764	450
764	663
764	708
764	952
773	63
773	209
773	370
773	450
773	663
773	708
773	741
773	952
799	155
799	370
799	400
799	450
799	708
799	741
799	952
886	63
886	155
886	209
886	370
886	400
886	450
886	663
886	708
886	741
886	952
939	63
939	155
939	209
939	370
939	400
939	450
939	663
939	708
939	741
939	952
952	63
952	151
952	155
952	209
952	234
952	271
952	370
952	394
952	400
952	421
952	450
952	465
952	524
952	575
952	602
952	640
952	663
952	664
952	708
952	741
952	746
952	822
952	959
952	998
959	63
959	155
959	209
959	370
959	400
959	450
959	663
959	708
959	741
998	63
998	155
998	209
998	370
998	400
998	450
998	663
998	708
998	741
58	229
58	381
58	937
229	351
229	431
229	467
229	594
229	643
229	845
229	937
381	253
381	447
381	509
381	605
381	661
381	709
381	805
937	93
937	142
937	176
937	199
937	253
937	302
937	329
937	353
937	462
937	463
937	467
937	478
937	481
937	578
937	642
937	643
937	794
937	796
937	805
59	297
59	307
297	307
297	391
307	191
307	250
60	274
60	438
60	957
274	666
274	699
274	957
274	970
438	272
438	305
438	392
957	71
957	96
957	160
957	210
957	292
957	318
957	324
957	354
957	441
957	468
957	536
957	678
957	684
957	705
957	942
61	623
61	654
623	265
654	265
62	373
62	397
62	441
62	600
62	705
373	80
373	684
373	874
397	160
397	214
397	215
397	468
397	542
397	758
397	970
441	71
441	160
441	215
441	264
441	454
441	763
441	812
600	81
600	272
600	596
600	705
600	782
600	812
600	874
600	942
705	264
705	454
705	485
705	525
705	606
705	678
705	699
705	782
705	887
63	664
63	741
63	822
664	708
664	741
741	155
741	234
741	370
741	394
741	421
741	450
741	465
741	524
741	575
741	602
741	640
741	663
741	708
741	822
822	155
822	209
822	370
822	400
822	450
822	663
822	708
64	601
601	92
601	163
601	401
601	433
601	443
601	461
65	376
65	481
65	715
65	805
376	199
376	460
376	463
376	611
376	642
376	661
376	791
376	796
376	845
481	295
481	296
481	431
481	460
481	467
481	659
481	676
481	715
481	743
715	95
715	231
715	237
715	303
715	335
715	512
715	616
715	709
715	743
715	805
715	845
805	117
805	142
805	205
805	338
805	342
805	395
805	456
805	467
805	578
805	586
805	661
805	724
66	469
66	707
66	745
66	788
469	535
469	537
469	580
469	613
469	729
469	734
469	837
707	166
707	483
707	497
707	535
707	668
707	670
707	721
707	788
707	818
707	837
745	375
745	442
745	496
745	532
745	576
745	668
745	729
745	789
745	897
745	954
788	208
788	385
788	532
788	539
788	580
788	670
788	779
788	789
788	954
837	208
837	232
837	327
837	386
837	721
837	779
67	248
67	366
67	478
67	592
67	611
67	751
248	199
248	256
248	291
248	353
248	500
248	660
366	263
366	460
366	571
366	724
366	791
478	131
478	231
478	316
478	353
478	676
478	769
478	794
592	321
592	329
592	395
592	425
592	456
592	616
592	659
592	687
592	751
592	796
611	253
611	509
611	512
611	660
611	676
611	724
751	91
751	94
751	199
751	263
751	398
751	509
751	531
751	562
751	643
751	709
751	804
751	845
68	633
633	77
633	170
633	440
633	830
69	318
69	489
69	763
318	169
318	606
489	129
489	408
489	434
489	468
489	471
489	525
489	596
489	609
489	758
763	129
763	133
763	214
763	215
763	227
763	389
763	471
763	523
763	526
763	609
763	832
763	887
763	970
71	832
71	887
832	160
832	272
832	367
832	410
832	558
832	587
832	609
832	617
832	758
832	942
887	80
887	84
887	169
887	264
887	292
887	389
887	471
887	525
887	536
887	587
887	596
887	942
72	73
72	120
72	444
72	495
72	662
72	756
72	840
72	858
72	985
72	994
73	120
73	858
120	89
120	444
120	495
120	662
120	756
120	840
120	858
120	985
120	994
444	89
444	858
495	89
495	858
662	89
662	858
756	89
756	858
840	89
840	858
858	89
858	985
858	994
985	89
994	89
75	504
504	159
202	142
202	351
202	769
202	845
77	355
77	583
77	871
355	499
355	510
355	583
583	178
583	203
583	499
871	170
871	262
871	436
871	475
871	498
871	499
871	503
871	700
620	306
620	498
79	666
79	874
79	942
666	221
666	389
666	454
666	525
666	587
874	84
874	133
874	214
874	215
874	221
874	287
874	292
874	485
874	699
874	812
874	942
874	970
942	80
942	96
942	221
942	264
942	324
942	350
942	352
942	367
942	378
942	389
942	468
942	564
942	596
942	614
942	678
942	699
942	758
942	782
942	970
80	536
536	270
536	410
536	564
970	129
970	133
970	214
970	227
970	264
970	275
970	350
970	389
970	392
970	528
970	596
970	609
970	699
970	782
81	352
81	617
81	684
352	389
352	648
617	272
617	275
617	471
617	526
684	96
684	139
684	389
684	392
684	758
82	94
82	291
82	336
82	687
82	804
94	259
94	462
94	500
94	643
94	687
291	462
336	157
336	377
336	382
336	512
336	594
336	659
336	791
336	796
687	142
687	335
687	377
687	562
687	578
687	794
687	804
804	95
804	117
804	242
804	263
804	303
804	304
804	329
804	351
804	423
804	456
804	500
804	578
804	644
804	772
83	109
83	197
83	277
83	797
109	345
109	793
277	752
797	161
797	184
797	314
797	369
797	593
797	793
84	139
84	227
84	273
84	408
139	192
139	221
139	258
139	528
139	596
227	614
273	350
273	564
408	367
408	410
408	439
408	812
430	360
430	556
430	657
430	781
430	857
87	271
271	708
88	547
547	184
547	553
547	593
547	793
90	195
90	440
90	830
440	363
440	374
440	503
830	170
830	203
830	240
830	306
830	475
830	503
830	700
91	199
91	423
91	605
91	796
199	338
199	796
423	353
423	447
423	462
423	616
423	627
605	142
605	253
605	562
605	616
605	627
605	659
605	660
605	743
796	316
796	338
796	377
796	616
796	643
796	644
796	676
796	724
93	644
93	743
93	772
93	794
571	176
571	256
571	447
571	531
571	562
571	627
571	676
571	743
571	791
644	395
644	512
644	586
644	616
644	659
644	743
644	769
743	157
743	321
743	329
743	425
743	447
743	531
743	586
743	659
743	791
772	256
772	382
772	425
772	512
772	659
772	709
772	769
772	845
794	304
794	425
794	463
794	509
794	643
794	709
794	791
259	116
259	231
259	845
462	302
462	382
462	448
500	643
500	724
500	769
500	845
643	253
643	425
643	447
643	627
643	709
95	157
95	791
157	187
157	594
157	642
791	431
791	509
791	594
791	642
791	845
96	210
96	221
96	558
210	596
221	192
221	454
221	648
558	192
558	367
558	410
97	124
97	173
97	492
124	482
124	492
173	246
173	492
492	245
492	416
631	119
631	245
631	416
631	452
631	482
101	179
101	477
101	479
101	615
101	619
101	624
101	634
101	883
101	909
101	950
179	516
179	624
179	634
179	909
477	164
477	174
477	200
477	516
477	624
477	634
477	909
479	164
479	174
479	200
479	516
479	624
479	634
479	909
615	164
615	174
615	200
615	516
615	624
615	634
615	909
619	164
619	174
619	200
619	516
619	624
619	634
619	909
624	143
624	164
624	174
624	200
624	206
624	289
624	516
624	634
624	883
624	909
624	950
634	143
634	164
634	174
634	200
634	206
634	289
634	516
634	883
634	909
634	950
883	164
883	174
883	200
883	516
883	909
909	143
909	164
909	174
909	200
909	206
909	289
909	516
909	950
950	164
950	174
950	200
950	516
102	186
102	388
102	752
102	793
186	593
186	697
388	415
388	647
388	793
752	184
752	204
752	340
752	345
752	553
752	593
793	189
793	204
793	314
793	317
793	322
793	369
793	415
793	553
793	647
793	723
793	733
105	136
105	226
105	290
105	309
105	595
105	698
105	780
105	798
105	936
105	984
136	193
136	226
136	290
136	309
136	595
226	193
226	290
226	309
226	595
226	698
290	193
290	309
290	595
309	595
595	193
595	698
595	780
595	798
595	936
595	984
106	354
106	485
106	526
354	270
354	454
354	648
354	812
485	392
485	528
485	564
526	275
526	468
526	523
526	564
526	758
107	119
107	185
107	218
107	577
119	482
119	577
185	217
185	218
577	111
577	298
577	482
214	564
587	439
345	697
345	733
171	285
171	513
171	835
171	857
171	935
252	554
252	908
476	554
476	589
476	826
557	405
557	908
557	935
757	121
757	144
757	280
757	323
757	333
757	424
757	533
757	597
757	657
757	781
757	857
826	285
826	337
826	356
826	556
826	650
826	835
111	194
111	245
111	298
245	125
245	452
298	217
298	482
112	391
391	216
391	220
113	244
113	251
113	472
113	579
113	681
113	726
113	834
113	882
244	279
244	574
244	579
244	726
251	357
251	445
251	472
251	574
251	579
251	726
472	122
472	279
472	315
472	357
472	445
472	579
574	122
574	255
574	357
574	445
574	579
574	681
574	726
574	882
579	122
579	279
579	315
579	681
681	122
681	279
681	357
681	893
726	122
726	255
726	315
726	445
726	821
726	834
821	315
821	357
821	445
821	893
834	255
882	279
893	122
893	255
116	181
116	256
116	304
116	594
116	660
116	769
181	303
181	425
181	463
181	509
181	578
256	316
256	456
256	512
256	724
304	187
304	295
304	586
594	187
594	321
594	398
594	425
594	531
594	642
594	709
660	117
660	237
660	321
660	382
660	616
769	231
769	242
769	303
769	335
769	431
769	467
117	231
117	377
117	456
117	627
231	201
231	351
231	395
377	329
377	382
377	467
377	676
456	187
456	586
456	724
627	242
118	818
118	897
118	954
818	232
818	327
818	385
818	386
818	407
818	458
818	535
818	537
818	576
818	670
818	721
818	734
818	884
818	897
863	130
863	213
863	327
863	407
863	535
863	539
863	613
863	721
863	789
863	897
897	130
897	167
897	385
897	537
897	539
897	580
897	670
954	213
954	232
954	249
954	327
954	435
954	483
954	497
954	539
954	580
954	668
954	779
482	125
482	416
482	452
121	144
121	323
121	581
144	180
144	835
144	908
323	464
323	935
581	147
581	280
581	360
581	554
581	857
581	908
581	935
255	315
255	357
255	445
315	357
315	445
498	459
325	593
325	647
325	723
733	189
733	415
733	418
733	593
678	606
678	758
758	270
758	324
758	389
758	606
758	699
758	782
129	699
699	392
699	439
130	435
130	884
435	362
435	442
435	532
435	537
435	721
884	249
884	385
884	386
884	442
884	539
884	613
884	721
131	302
131	460
131	562
131	659
302	448
302	467
460	578
460	642
460	676
460	845
562	263
562	467
562	724
659	431
659	463
659	467
659	616
659	661
659	676
659	724
132	310
133	812
812	350
812	439
812	523
812	525
812	596
523	270
564	258
564	434
782	169
782	287
782	454
782	471
782	525
782	606
782	648
285	341
285	405
556	147
556	507
556	533
556	549
556	589
556	657
556	781
835	180
835	344
835	507
835	513
835	554
835	589
835	781
835	857
857	180
857	344
857	360
857	405
857	464
857	597
857	649
857	650
857	657
857	781
258	324
258	648
528	350
528	392
528	434
528	606
528	648
596	270
596	434
596	439
142	382
142	425
382	205
382	329
382	342
382	467
382	661
425	724
143	516
206	516
516	164
516	174
516	200
516	289
180	344
180	649
180	935
908	266
908	333
908	337
908	356
908	424
908	507
908	513
908	935
145	276
145	326
276	326
276	530
276	792
276	823
276	928
326	530
326	792
326	823
326	928
147	649
649	549
649	589
649	935
333	280
333	549
549	424
549	533
549	650
781	344
781	405
781	464
781	513
781	554
781	597
935	153
935	222
935	280
935	337
935	360
935	597
640	370
640	400
640	663
746	209
746	370
746	400
746	450
746	663
303	531
303	586
338	237
338	295
398	201
398	205
398	348
398	531
153	337
153	341
337	513
337	597
341	344
341	356
341	545
154	317
154	340
340	697
340	723
155	575
155	602
155	663
575	450
575	663
575	708
602	209
602	370
602	708
663	394
663	400
663	421
663	450
663	465
663	524
663	708
156	560
560	328
560	383
560	396
560	455
187	296
642	578
360	344
360	464
545	464
161	418
418	415
418	487
405	554
405	657
163	433
433	461
164	289
289	174
289	200
165	246
246	452
166	576
166	779
576	362
576	442
576	613
576	734
734	483
734	532
734	668
734	729
734	740
734	779
779	208
779	232
779	385
779	407
779	532
167	407
167	535
167	668
167	670
407	385
407	497
407	539
407	580
407	789
535	496
535	537
535	613
668	442
668	532
668	721
668	740
668	789
670	269
670	362
670	375
670	483
670	613
169	324
169	378
169	525
324	434
378	270
525	350
525	471
170	522
522	436
522	566
172	288
172	538
172	603
172	635
172	641
172	948
288	538
288	603
288	635
288	641
288	948
538	635
603	635
635	641
635	948
175	806
806	198
806	409
176	316
176	353
316	201
316	335
316	709
353	661
353	724
353	845
586	242
177	541
177	636
177	785
177	809
177	847
177	938
541	551
541	636
541	667
541	682
541	744
541	785
541	809
541	847
541	932
541	938
551	636
551	785
551	809
551	847
551	938
636	667
636	682
636	744
636	785
636	809
636	847
636	932
636	938
667	785
667	809
667	847
667	938
682	785
682	809
682	847
682	938
744	785
744	809
744	847
744	938
785	809
785	847
785	932
785	938
809	847
809	932
809	938
847	932
847	938
932	938
463	201
463	296
463	447
463	512
463	676
463	845
509	263
509	321
509	531
509	724
578	676
650	222
650	424
650	464
650	533
650	589
650	657
184	593
593	369
593	487
697	314
697	553
296	531
296	661
191	220
220	216
220	250
416	452
196	443
443	461
201	616
616	242
616	351
616	531
351	348
351	661
845	531
845	709
845	724
203	361
203	499
361	459
361	566
499	566
204	553
204	647
723	314
723	369
723	415
205	447
207	494
207	555
207	565
207	637
207	742
207	776
207	815
494	637
494	742
494	815
555	637
555	742
555	815
565	637
565	742
565	815
637	742
637	776
637	815
742	776
742	815
776	815
209	394
209	708
394	708
708	234
708	421
708	465
295	512
295	661
295	709
321	237
213	497
213	789
497	232
497	458
497	740
729	249
729	362
729	539
729	613
729	740
789	269
789	327
789	483
789	539
789	740
216	250
454	272
454	305
648	305
648	410
648	609
222	507
222	657
223	432
432	446
614	275
614	410
614	434
431	253
431	709
395	661
232	442
232	532
442	539
442	613
532	375
532	496
235	521
521	328
521	383
521	396
521	455
521	490
237	512
512	709
348	709
367	392
367	606
606	609
777	409
279	357
279	445
445	357
247	401
247	461
401	461
249	375
249	721
249	740
375	269
721	327
721	458
740	362
740	386
740	483
554	356
554	597
724	448
724	676
724	709
266	424
261	685
281	685
685	917
533	464
533	589
537	458
537	613
350	305
350	392
784	409
661	448
531	342
434	542
448	676
305	542
306	566
566	363
566	604
487	369
328	490
490	383
490	396
490	455
613	386
613	496
510	700
459	363
459	503
363	475
363	503
475	604
475	700
364	888
694	888
370	465
374	700
700	436
383	455
455	396
496	483
765	409
400	524
436	604
#End Newborn Edges

*Degree Changed Nodes
132	10	11
196	10	11
247	10	12
488	10	13
520	10	17
601	10	19
636	10	11
712	10	20
925	10	20
872	33	21
891	34	21
898	35	21
911	36	20
916	36	21
918	37	21
931	39	20
6	4	10
89	4	9
277	4	12
553	4	17
652	4	21
282	12	7
359	13	7
409	13	14
432	15	13
726	23	17
816	28	13
834	29	17
876	33	18
879	33	18
893	34	17
912	36	18
579	18	17
703	22	18
722	23	18
882	33	17
810	27	22
785	26	11
21	8	10
85	8	10
140	8	10
311	8	10
339	8	10
768	8	10
841	8	10
905	8	10
923	8	19
906	35	5
927	38	39
945	38	41
956	38	43
970	38	44
981	38	47
704	22	5
800	27	21
827	29	21
919	37	20
940	40	21
29	10	3
746	22	24
764	22	25
773	22	26
799	22	27
822	22	28
886	22	31
939	22	31
959	22	31
998	22	31
866	32	10
999	20	19
39	6	10
207	6	7
517	6	5
548	6	17
689	6	22
966	6	5
543	17	11
610	19	11
698	22	11
780	23	11
798	23	11
936	23	11
949	23	11
958	23	11
977	23	11
984	23	11
541	17	11
43	9	10
982	43	47
983	43	47
990	43	48
847	30	11
844	28	29
848	28	29
855	28	29
900	28	29
962	28	29
988	28	29
989	28	29
997	28	29
1000	29	30
574	18	17
681	21	17
795	26	18
821	28	17
53	9	3
99	9	3
134	10	3
148	9	3
372	9	4
612	9	3
663	9	21
671	9	21
790	9	19
909	9	17
55	10	7
56	10	5
654	19	21
655	19	21
672	19	21
738	19	24
760	19	22
801	19	22
825	19	22
850	19	22
57	10	9
59	10	9
824	28	21
815	28	7
64	9	10
92	9	10
172	9	6
401	9	14
433	9	15
443	9	15
634	9	17
720	9	20
910	9	20
968	9	20
811	27	22
817	28	20
72	3	10
312	3	7
363	3	14
807	3	7
403	11	7
593	11	19
888	11	2
121	10	11
101	4	10
164	4	11
288	4	6
393	4	7
952	4	31
104	10	9
105	5	10
155	5	11
368	5	3
400	5	14
450	5	15
708	5	22
113	10	11
680	21	18
858	31	11
115	11	5
127	10	11
143	10	11
702	22	10
141	11	10
711	23	21
179	9	11
206	9	11
289	9	13
477	9	16
479	9	16
615	9	17
619	9	17
883	9	17
950	9	17
145	8	6
502	8	13
530	8	6
685	8	3
792	8	6
823	8	6
928	8	6
938	8	11
978	8	20
154	5	11
261	5	3
281	5	3
566	5	18
809	5	11
917	5	3
158	11	10
161	10	11
859	31	10
167	10	11
177	9	11
228	8	12
337	8	13
551	8	11
667	8	11
682	8	11
744	8	11
793	8	26
932	8	11
183	7	3
192	7	11
330	7	3
364	7	2
694	7	2
913	7	3
942	7	41
971	7	3
188	11	10
590	19	11
193	11	10
309	13	11
446	15	12
451	15	14
224	12	11
417	15	11
225	12	11
226	12	11
511	16	11
777	24	23
806	24	25
422	15	14
784	23	22
290	13	11
595	19	11
320	10	7
326	13	6
624	20	17
765	22	21
524	16	17
575	16	18
538	7	6
637	20	7
714	20	18
494	3	7
555	4	7
565	3	7
776	3	7
635	20	6
630	6	13
650	6	21
742	6	7
552	16	15
