*Disappearing Nodes
#End Disappearing Nodes

*Newborn Nodes
#End Newborn Nodes

*Disappearing Edges
1	644
1	755
1	803
1	820
1	845
1	875
1	942
1	980
644	259
644	381
644	463
644	508
644	518
644	582
644	638
644	661
644	743
644	767
644	820
644	845
644	875
644	885
644	942
644	980
755	157
755	202
755	259
755	351
755	353
755	377
755	460
755	512
755	642
755	650
755	659
755	718
755	743
755	751
755	783
755	796
755	820
755	875
755	885
755	943
796	23
796	116
796	187
796	202
796	230
796	353
796	376
796	377
796	431
796	460
796	512
796	518
796	650
796	743
796	791
796	820
796	845
796	885
796	921
796	980
803	67
803	115
803	157
803	242
803	353
803	376
803	377
803	381
803	448
803	582
803	643
803	659
803	661
803	718
803	783
803	875
803	942
803	980
820	117
820	157
820	187
820	202
820	230
820	463
820	508
820	642
820	643
820	650
820	659
820	661
820	718
820	845
820	921
820	942
820	943
845	23
845	67
845	117
845	187
845	230
845	231
845	242
845	335
845	377
845	448
845	460
845	638
845	642
845	643
845	659
845	743
845	767
845	791
845	875
845	885
845	980
875	117
875	230
875	231
875	256
875	259
875	335
875	376
875	381
875	431
875	460
875	463
875	508
875	518
875	582
875	643
875	650
875	718
875	767
875	791
875	942
875	943
921	67
921	117
921	157
921	202
921	230
921	242
921	256
921	259
921	302
921	335
921	351
921	376
921	431
921	460
921	463
921	508
921	512
921	582
921	638
921	642
921	650
921	659
921	661
921	743
921	751
921	783
921	885
921	942
921	980
942	67
942	91
942	116
942	117
942	157
942	187
942	231
942	242
942	256
942	259
942	302
942	335
942	351
942	377
942	381
942	431
942	460
942	463
942	508
942	518
942	582
942	638
942	642
942	643
942	650
942	661
942	718
942	743
942	751
942	767
942	783
942	791
942	885
942	943
942	980
980	67
980	91
980	157
980	230
980	231
980	256
980	259
980	302
980	351
980	353
980	376
980	377
980	381
980	431
980	460
980	582
980	638
980	643
980	650
980	718
980	751
980	783
980	791
2	388
2	765
2	792
2	844
2	860
388	482
388	488
388	520
388	552
388	619
388	636
388	673
388	765
388	776
388	792
388	844
388	860
388	925
520	449
520	475
520	480
520	482
520	552
520	619
520	765
520	792
520	844
520	860
636	100
636	243
636	449
636	475
636	480
636	482
636	552
636	619
636	765
636	792
636	844
636	860
673	100
673	243
673	449
673	475
673	480
673	482
673	552
673	619
673	765
673	792
673	844
673	860
765	196
765	475
765	480
765	488
765	619
765	776
765	860
765	925
776	100
776	243
776	449
776	475
776	480
776	482
776	552
776	619
776	792
776	844
776	860
792	196
792	475
792	480
792	488
792	619
792	860
792	925
844	196
844	475
844	480
844	488
844	619
844	860
844	925
860	100
860	196
860	243
860	449
860	475
860	480
860	482
860	488
860	552
860	619
860	925
925	100
925	243
925	449
925	475
925	480
925	482
925	552
925	619
3	64
3	92
3	109
3	141
3	164
3	401
3	634
64	452
64	790
92	452
92	790
109	452
109	790
141	674
141	824
141	872
141	891
164	452
164	790
401	452
401	790
452	634
634	790
4	331
4	527
4	571
4	595
4	620
4	838
4	957
331	97
331	107
331	125
331	433
331	455
331	807
331	957
527	150
527	185
527	221
527	246
527	411
527	455
527	470
527	663
527	784
527	957
571	111
571	150
571	218
571	245
571	411
571	631
571	663
571	784
571	802
571	807
595	97
595	107
595	455
595	620
595	679
595	741
595	784
595	807
595	814
595	869
595	957
620	173
620	221
620	246
620	265
620	433
620	455
620	577
620	628
620	663
620	679
620	741
620	784
620	802
620	807
620	838
620	869
620	957
631	99
631	124
631	150
631	173
631	416
631	577
631	663
631	741
631	784
631	807
631	957
688	40
688	97
688	124
688	217
688	218
688	245
688	494
688	628
688	671
688	730
688	741
688	747
688	802
688	807
838	119
838	165
838	185
838	679
838	784
838	957
869	119
869	125
869	217
869	221
869	598
869	741
869	802
869	957
957	97
957	99
957	107
957	111
957	119
957	124
957	125
957	146
957	150
957	165
957	173
957	185
957	217
957	221
957	236
957	245
957	265
957	298
957	433
957	455
957	470
957	486
957	494
957	598
957	628
957	663
957	671
957	679
957	730
957	747
957	771
957	784
957	802
957	807
957	814
5	674
5	707
5	824
5	911
5	931
674	328
674	391
674	396
674	406
674	417
674	516
674	521
674	529
707	27
707	103
707	383
707	406
707	417
707	490
707	560
707	711
824	58
824	59
824	63
824	328
824	383
824	396
824	417
824	490
824	599
824	800
872	58
872	59
872	63
872	307
872	396
872	417
872	529
891	38
891	58
891	59
891	250
891	417
891	521
891	621
898	27
898	58
898	63
898	220
898	417
898	931
911	58
911	103
911	250
911	328
911	417
911	931
911	940
919	58
919	63
919	235
919	250
919	396
919	417
919	560
931	58
931	63
931	417
940	58
940	63
940	827
6	93
6	258
6	314
6	932
72	93
72	258
72	314
72	932
93	258
93	312
93	314
93	553
93	652
93	932
258	312
258	314
258	553
258	652
258	932
312	314
312	932
314	553
314	652
314	932
553	932
652	932
7	275
7	297
7	441
7	444
7	485
7	573
7	713
7	815
7	877
7	890
275	297
275	441
275	444
275	485
275	573
275	713
275	815
275	877
275	890
297	441
297	444
297	485
297	573
297	713
297	815
297	877
297	890
441	444
441	485
441	573
441	713
441	815
441	877
441	890
444	485
444	573
444	713
444	815
444	877
444	890
485	573
485	713
485	815
485	890
573	713
573	815
573	877
573	890
713	815
713	890
815	877
815	890
877	890
8	61
8	134
8	702
8	752
61	120
61	233
61	499
61	702
61	752
120	190
120	499
120	702
120	752
134	179
134	190
134	282
134	412
134	499
134	656
134	692
134	702
134	725
134	752
282	179
282	499
282	702
282	752
363	43
363	499
363	702
363	752
656	179
656	499
656	702
656	752
692	179
692	499
692	702
692	752
702	43
702	179
702	190
702	233
702	359
702	380
702	412
702	499
702	725
702	752
725	179
725	499
725	752
752	43
752	179
752	190
752	233
752	359
752	380
752	412
752	499
9	367
9	468
9	551
9	580
9	788
9	789
9	818
9	863
9	896
9	981
367	66
367	122
367	670
367	682
367	734
367	812
367	865
367	866
367	884
367	896
367	929
367	945
468	432
468	496
468	519
468	526
468	613
468	624
468	682
468	719
468	726
468	739
468	778
468	879
551	113
551	170
551	354
551	451
551	574
551	693
551	721
551	729
551	740
551	779
551	837
551	858
551	897
551	945
551	968
580	127
580	489
580	536
580	579
580	622
580	703
580	719
580	727
580	739
580	821
580	851
580	866
580	893
580	968
580	981
788	22
788	232
788	251
788	279
788	292
788	435
788	445
788	579
788	584
788	618
788	675
788	852
788	863
788	867
788	876
788	882
788	897
788	920
788	956
788	963
788	981
789	42
789	122
789	170
789	251
789	279
789	375
789	386
789	427
789	489
789	624
789	648
789	680
789	703
789	721
789	739
789	816
789	831
789	884
789	920
789	981
818	118
818	160
818	327
818	346
818	454
818	483
818	496
818	519
818	682
818	722
818	727
818	739
818	779
818	812
818	832
818	863
818	866
818	879
818	882
818	906
818	920
818	927
818	968
818	981
863	69
863	193
863	318
863	427
863	446
863	469
863	483
863	579
863	648
863	680
863	682
863	684
863	721
863	816
863	837
863	858
863	867
863	882
863	912
863	920
863	927
863	981
896	122
896	269
896	292
896	315
896	357
896	442
896	489
896	539
896	548
896	618
896	622
896	635
896	680
896	682
896	812
896	817
896	821
896	858
896	879
896	897
896	906
896	954
896	956
896	968
896	981
981	54
981	113
981	223
981	241
981	347
981	419
981	427
981	435
981	469
981	497
981	526
981	563
981	574
981	632
981	668
981	682
981	684
981	693
981	721
981	734
981	740
981	745
981	778
981	831
981	865
981	866
981	879
981	897
981	912
981	927
981	929
10	474
10	554
10	710
10	753
10	757
10	850
10	926
474	182
474	332
474	534
474	581
474	588
474	589
474	654
474	698
474	710
474	737
474	857
474	859
474	908
474	915
554	137
554	153
554	365
554	390
554	476
554	503
554	710
554	716
554	759
554	826
554	878
554	908
649	144
649	222
649	323
649	333
649	430
649	476
649	559
649	589
649	770
649	781
649	847
649	894
649	904
649	934
710	334
710	533
710	557
710	654
710	757
710	829
710	847
710	850
710	856
710	862
710	894
710	904
710	935
753	86
753	222
753	280
753	464
753	507
753	513
753	534
753	544
753	654
753	657
753	698
753	757
753	759
753	819
753	826
753	850
753	856
753	857
753	915
753	926
753	979
757	45
757	137
757	180
757	285
757	333
757	369
757	399
757	503
757	533
757	854
757	856
757	862
757	873
757	926
757	934
757	979
850	268
850	280
850	294
850	334
850	344
850	356
850	399
850	405
850	544
850	589
850	698
850	716
850	717
850	737
850	781
850	847
850	856
850	862
850	934
850	935
908	12
908	20
908	144
908	211
908	222
908	293
908	294
908	320
908	332
908	334
908	341
908	390
908	399
908	464
908	544
908	581
908	589
908	698
908	731
908	750
908	759
908	781
908	854
908	873
908	935
926	20
926	86
926	110
926	137
926	149
926	285
926	323
926	332
926	333
926	344
926	371
926	390
926	405
926	424
926	549
926	557
926	568
926	589
926	657
926	698
926	706
926	759
926	847
926	878
934	20
934	86
934	222
934	252
934	323
934	332
934	344
934	356
934	365
934	399
934	503
934	568
934	589
934	607
934	657
934	698
934	736
934	759
934	770
934	826
934	873
934	894
934	915
11	440
11	700
11	833
11	883
440	374
440	514
440	633
440	704
440	883
633	98
633	374
633	514
633	639
633	883
700	203
700	514
700	694
700	704
700	883
810	78
810	90
810	98
810	203
810	639
810	754
810	883
833	78
833	90
833	510
833	514
833	883
871	68
871	98
871	210
871	883
883	68
883	78
883	90
883	98
883	195
883	203
883	210
883	240
883	306
883	374
883	436
883	498
883	510
883	514
883	522
883	561
883	604
883	639
883	694
883	704
883	754
883	846
883	964
883	969
883	976
964	98
964	210
969	98
969	210
976	98
976	210
12	556
12	677
12	819
12	859
12	904
12	915
12	979
556	45
556	180
556	266
556	285
556	360
556	430
556	549
556	588
556	737
556	847
556	904
556	915
556	935
625	266
625	333
625	369
625	464
625	476
625	581
625	607
625	695
625	698
625	736
625	770
625	878
677	162
677	293
677	333
677	360
677	464
677	476
677	559
677	568
677	588
677	589
677	759
677	826
677	878
677	894
677	979
819	20
819	25
819	110
819	266
819	360
819	430
819	559
819	568
819	589
819	716
819	750
819	856
819	894
859	20
859	86
859	121
859	137
859	144
859	162
859	252
859	320
859	332
859	356
859	369
859	430
859	503
859	513
859	534
859	568
859	607
859	717
859	759
859	826
859	829
859	835
859	862
859	979
904	20
904	45
904	144
904	211
904	222
904	320
904	323
904	371
904	424
904	507
904	534
904	557
904	559
904	607
904	695
904	750
904	781
904	826
904	857
904	873
915	121
915	137
915	285
915	299
915	365
915	405
915	424
915	430
915	533
915	557
915	597
915	654
915	731
915	856
915	862
915	894
935	110
935	149
935	158
935	323
935	341
935	390
935	405
935	424
935	464
935	568
935	581
935	588
935	589
935	695
935	781
935	862
935	979
979	20
979	45
979	149
979	182
979	252
979	285
979	299
979	323
979	341
979	360
979	399
979	588
979	589
979	654
979	657
979	695
979	716
979	717
979	759
979	835
979	862
13	50
13	362
13	414
13	584
13	834
13	852
13	893
13	920
13	970
50	347
50	618
50	778
50	834
50	867
50	893
50	956
50	968
362	497
362	681
362	684
362	722
362	778
362	785
362	837
362	864
362	879
362	882
362	906
362	956
362	970
414	80
414	208
414	249
414	292
414	473
414	489
414	526
414	684
414	722
414	884
414	897
584	208
584	223
584	251
584	375
584	407
584	472
584	613
584	675
584	739
584	831
584	834
584	865
584	884
584	912
618	442
618	446
618	497
618	541
618	613
618	624
618	632
618	745
618	831
618	865
618	880
618	899
618	945
618	968
834	62
834	167
834	315
834	427
834	532
834	613
834	624
834	632
834	680
834	703
834	729
834	778
834	811
834	821
834	832
834	837
834	864
834	884
834	899
834	970
852	30
852	127
852	213
852	223
852	469
852	519
852	574
852	648
852	681
852	721
852	739
852	745
852	867
852	882
852	893
852	897
852	912
852	927
852	945
852	956
852	963
893	122
893	170
893	174
893	208
893	232
893	244
893	249
893	327
893	432
893	442
893	451
893	458
893	537
893	563
893	613
893	682
893	683
893	701
893	785
893	821
893	861
893	897
893	899
893	912
893	929
920	42
920	54
920	130
920	163
920	167
920	193
920	244
920	327
920	489
920	539
920	574
920	624
920	668
920	670
920	701
920	727
920	740
920	778
920	785
920	811
920	832
920	861
920	864
920	876
920	929
920	945
970	32
970	80
970	113
970	127
970	130
970	167
970	170
970	193
970	375
970	451
970	472
970	489
970	541
970	624
970	668
970	670
970	675
970	693
970	726
970	734
970	740
970	779
970	831
970	866
970	884
970	899
970	912
970	929
970	954
970	963
15	330
15	601
15	666
15	768
15	806
15	905
15	913
15	916
15	923
15	971
330	305
330	601
330	666
601	77
601	85
601	183
601	192
601	200
601	305
601	339
601	364
601	461
601	666
601	768
601	806
601	905
601	913
601	916
601	923
601	971
666	21
666	77
666	85
666	140
666	183
666	192
666	305
666	311
666	339
666	364
666	461
666	768
666	806
666	905
666	913
666	916
666	923
666	971
768	200
768	305
768	461
806	200
806	305
806	461
905	200
905	305
905	461
913	200
913	305
913	461
916	200
916	305
916	461
923	200
923	305
923	461
971	200
971	305
971	461
16	355
16	361
16	583
355	28
355	209
361	26
361	178
361	262
583	26
583	28
17	500
17	594
17	608
17	748
17	772
17	774
17	794
17	813
17	930
17	946
500	48
500	296
500	437
500	506
500	605
500	715
500	794
500	804
500	813
500	870
500	946
594	199
594	253
594	423
594	478
594	586
594	605
594	651
594	669
594	715
594	732
594	794
594	804
594	805
594	813
594	870
594	946
608	175
608	238
608	247
608	382
608	426
608	467
608	478
608	586
608	611
608	616
608	676
608	696
608	805
608	841
608	907
608	946
748	31
748	34
748	247
748	248
748	291
748	342
748	382
748	398
748	462
748	467
748	478
748	591
748	605
748	616
748	907
748	961
748	967
772	131
772	176
772	260
772	338
772	348
772	382
772	426
772	456
772	481
772	531
772	565
772	676
772	715
772	732
772	774
772	794
772	804
772	805
772	937
772	946
772	967
774	82
774	94
774	175
774	201
774	237
774	253
774	321
774	342
774	348
774	379
774	423
774	429
774	467
774	478
774	481
774	531
774	562
774	565
774	946
774	961
794	31
794	229
794	238
794	291
794	304
794	321
794	379
794	493
794	509
794	660
794	724
794	769
794	787
794	813
794	841
813	199
813	248
813	316
813	562
813	578
813	591
813	611
813	651
813	660
813	715
813	732
813	841
813	930
813	955
930	34
930	48
930	65
930	142
930	152
930	181
930	205
930	295
930	321
930	338
930	345
930	429
930	456
930	462
930	481
930	531
930	562
930	578
930	627
930	676
930	769
930	805
930	907
930	937
930	967
946	94
946	166
946	176
946	181
946	201
946	229
946	303
946	336
946	342
946	345
946	348
946	366
946	379
946	395
946	398
946	423
946	456
946	462
946	592
946	669
946	696
946	786
946	787
946	937
946	967
18	352
18	705
18	766
18	775
18	874
18	887
18	895
18	975
18	987
352	373
352	397
352	457
352	528
352	606
352	691
352	699
352	849
705	270
705	358
705	389
705	443
705	505
705	572
705	596
705	614
705	617
705	658
705	749
705	868
705	895
705	914
705	944
705	973
766	33
766	96
766	128
766	264
766	350
766	373
766	392
766	428
766	457
766	505
766	587
766	606
766	686
766	691
766	762
766	914
766	944
775	60
775	264
775	284
775	287
775	358
775	378
775	457
775	477
775	479
775	606
775	658
775	699
775	735
775	843
775	849
775	868
775	933
775	951
775	973
874	106
874	139
874	270
874	300
874	378
874	397
874	428
874	505
874	528
874	542
874	600
874	606
874	614
874	658
874	686
874	762
874	782
874	849
874	868
874	889
874	895
874	944
874	951
874	975
887	264
887	278
887	284
887	287
887	368
887	397
887	410
887	439
887	443
887	471
887	477
887	505
887	528
887	653
887	782
887	933
887	944
887	953
887	975
887	987
895	60
895	81
895	128
895	287
895	300
895	368
895	392
895	397
895	439
895	477
895	587
895	629
895	645
895	653
895	686
895	889
895	914
895	933
895	951
895	975
895	987
933	96
933	135
933	239
933	270
933	287
933	350
933	358
933	373
933	378
933	410
933	443
933	471
933	528
933	558
933	600
933	617
933	653
933	686
933	691
933	699
933	735
933	843
933	849
933	868
933	914
933	953
933	973
975	33
975	60
975	81
975	128
975	135
975	168
975	239
975	270
975	284
975	368
975	378
975	397
975	477
975	505
975	528
975	550
975	558
975	587
975	600
975	606
975	614
975	617
975	782
975	849
975	889
987	33
987	81
987	128
987	135
987	168
987	215
987	227
987	239
987	270
987	284
987	349
987	358
987	368
987	389
987	392
987	408
987	428
987	443
987	457
987	528
987	596
987	600
987	614
987	617
987	629
987	658
987	665
987	686
987	735
987	762
987	889
987	951
19	70
19	301
19	434
19	547
19	609
19	758
19	761
19	972
19	993
19	996
70	438
70	564
70	585
70	609
70	758
70	761
70	972
70	993
301	53
301	79
301	114
301	546
301	585
301	685
301	758
301	761
301	972
301	993
434	108
434	272
434	337
434	523
434	546
434	564
434	569
434	609
434	685
434	761
434	972
434	996
547	71
547	114
547	272
547	324
547	337
547	438
547	546
547	564
547	569
547	609
547	685
547	758
547	761
547	972
547	993
547	996
609	24
609	53
609	114
609	272
609	324
609	523
609	546
609	585
609	685
609	758
609	761
609	972
758	24
758	71
758	79
758	108
758	114
758	169
758	272
758	324
758	337
758	438
758	523
758	546
758	564
758	585
758	685
758	761
758	972
761	24
761	108
761	114
761	169
761	337
761	438
761	523
761	564
761	569
761	685
761	993
761	996
972	53
972	71
972	114
972	169
972	272
972	324
972	337
972	438
972	523
972	546
972	564
972	685
993	24
993	53
993	71
993	79
993	108
993	114
993	438
993	546
993	564
993	569
993	585
993	996
996	24
996	53
996	71
996	79
996	108
996	114
996	169
996	272
996	324
996	438
996	523
996	546
996	569
20	657
20	706
657	149
657	254
657	268
657	356
657	369
657	464
657	503
657	507
657	695
657	706
657	731
657	829
657	857
706	52
706	110
706	211
706	293
706	320
706	503
706	588
706	750
706	781
706	873
21	311
192	461
311	200
311	305
311	461
22	80
22	435
22	812
22	897
22	899
22	912
22	954
22	968
80	269
80	427
80	701
80	817
80	912
80	954
80	956
435	442
435	532
435	684
435	703
435	727
435	858
435	864
435	867
435	912
812	66
812	69
812	104
812	347
812	442
812	445
812	535
812	576
812	579
812	670
812	675
812	680
812	722
812	734
812	740
812	832
812	858
812	866
812	884
812	897
812	929
812	956
812	963
876	30
876	54
876	66
876	244
876	279
876	354
876	496
876	519
876	532
876	537
876	563
876	574
876	576
876	670
876	678
876	778
876	811
876	817
876	861
876	866
876	884
876	897
876	912
876	927
876	929
876	963
897	130
897	244
897	318
897	357
897	445
897	532
897	536
897	537
897	548
897	576
897	683
897	684
897	722
897	785
897	816
897	821
897	867
897	880
897	882
897	956
899	69
899	223
899	249
899	251
899	386
899	404
899	442
899	473
899	496
899	526
899	563
899	579
899	624
899	680
899	681
899	682
899	703
899	726
899	811
899	831
899	832
899	867
899	927
912	66
912	104
912	113
912	163
912	375
912	419
912	442
912	535
912	541
912	574
912	622
912	670
912	682
912	683
912	719
912	734
912	739
912	779
912	817
912	879
912	963
954	54
954	118
954	160
954	163
954	167
954	170
954	292
954	326
954	357
954	404
954	454
954	483
954	496
954	536
954	574
954	632
954	668
954	675
954	681
954	684
954	721
954	729
954	739
954	832
954	858
954	879
954	968
968	62
968	118
968	122
968	130
968	160
968	194
968	315
968	346
968	347
968	354
968	375
968	419
968	427
968	451
968	458
968	473
968	483
968	526
968	535
968	576
968	668
968	719
968	721
968	726
968	727
968	734
968	831
968	832
968	837
968	861
968	865
968	866
968	880
968	882
968	929
968	956
23	256
23	335
23	518
23	638
23	643
23	791
23	943
256	381
256	460
256	518
256	751
256	767
256	885
256	943
335	115
335	448
335	643
335	661
335	718
335	783
518	202
518	242
518	642
518	650
518	718
518	767
638	91
638	230
638	431
638	460
638	508
638	643
638	659
638	718
638	743
638	767
638	783
643	67
643	353
643	463
643	642
643	650
643	659
643	751
791	115
791	117
791	187
791	231
791	377
791	508
791	512
791	582
791	642
791	650
791	751
791	783
791	885
791	943
943	67
943	115
943	116
943	187
943	202
943	231
943	242
943	259
943	302
943	351
943	353
943	431
943	448
943	463
943	508
943	512
943	659
943	718
943	767
943	885
24	108
24	564
24	685
108	523
108	546
108	685
337	272
337	564
337	585
337	685
564	71
564	79
564	114
564	523
564	685
685	53
685	79
685	114
685	169
685	272
685	523
685	585
25	334
25	365
25	654
25	716
25	737
25	781
25	829
25	857
334	254
334	285
334	534
334	654
334	731
334	750
334	770
365	581
365	829
365	854
365	856
365	862
365	878
654	252
654	343
654	503
654	559
654	607
654	759
654	781
654	857
654	894
716	158
716	171
716	180
716	280
716	333
716	344
716	356
716	369
716	507
716	533
716	607
716	826
716	856
737	211
737	252
737	268
737	280
737	294
737	333
737	343
737	424
737	464
737	568
737	581
737	835
737	854
737	894
781	182
781	285
781	405
781	430
781	513
781	533
781	549
781	695
781	770
781	854
781	857
781	878
829	180
829	285
829	294
829	323
829	333
829	341
829	356
829	405
829	513
829	533
829	557
829	607
829	695
829	847
829	854
829	873
857	52
857	162
857	171
857	182
857	299
857	371
857	399
857	515
857	533
857	557
857	695
857	698
857	835
857	847
857	873
857	878
26	459
459	28
459	178
459	209
27	216
27	529
27	827
216	516
216	521
216	560
216	599
529	112
529	156
529	235
529	491
529	827
827	63
827	156
827	391
827	417
827	621
918	58
918	59
918	63
918	391
918	417
29	848
29	948
746	198
746	848
746	948
764	198
764	848
764	948
797	198
797	848
797	948
799	198
799	848
799	948
848	57
848	151
848	198
848	234
848	271
848	394
848	421
848	465
848	492
848	524
848	575
848	602
848	640
848	664
848	886
848	939
848	948
848	959
848	998
886	198
886	948
939	198
939	948
948	57
948	151
948	198
948	234
948	271
948	394
948	421
948	465
948	492
948	524
948	575
948	602
948	640
948	664
948	959
948	998
959	198
998	198
30	407
30	445
30	446
30	469
30	880
30	945
407	213
407	292
407	326
407	445
407	563
407	719
407	722
407	879
407	882
407	927
445	213
445	232
445	473
445	721
445	729
445	831
445	858
445	906
445	945
446	251
446	386
446	451
446	734
446	779
446	821
446	832
446	837
446	858
446	956
469	54
469	539
469	563
469	682
469	727
469	729
469	734
469	851
469	884
624	315
624	354
624	648
624	675
624	821
624	851
624	864
624	879
624	945
624	956
880	127
880	163
880	472
880	497
880	536
880	563
880	579
880	675
880	678
880	680
880	701
880	722
880	727
880	816
880	858
880	865
880	879
880	882
880	906
880	945
945	32
945	127
945	193
945	255
945	375
945	386
945	458
945	536
945	576
945	637
945	682
945	683
945	684
945	721
945	734
945	778
945	811
945	861
945	866
945	867
945	882
31	345
31	481
31	562
31	578
31	676
31	709
31	870
31	961
345	295
345	426
345	531
345	586
345	592
345	787
345	804
345	841
345	955
345	961
481	176
481	295
481	329
481	509
481	562
481	565
481	586
481	676
481	709
481	715
481	724
481	804
562	291
562	379
562	429
562	447
562	715
562	804
562	805
562	841
562	955
562	967
578	34
578	142
578	152
578	260
578	295
578	329
578	447
578	466
578	591
578	627
578	786
578	955
578	961
578	967
676	65
676	82
676	152
676	212
676	229
676	291
676	338
676	342
676	426
676	787
676	841
676	870
676	937
676	961
709	94
709	175
709	291
709	304
709	398
709	429
709	456
709	493
709	531
709	591
709	616
709	660
709	786
709	870
709	937
870	142
870	205
870	212
870	316
870	321
870	329
870	342
870	348
870	395
870	423
870	429
870	586
870	592
870	605
870	651
870	660
870	732
870	769
870	804
870	841
870	967
961	76
961	82
961	94
961	131
961	199
961	201
961	238
961	248
961	336
961	379
961	382
961	423
961	425
961	447
961	456
961	466
961	565
961	660
961	669
961	696
961	724
961	787
961	804
961	841
961	907
961	955
32	326
32	536
32	574
32	683
32	722
32	779
32	864
32	927
326	354
326	386
326	648
326	719
326	722
326	745
326	929
536	54
536	167
536	208
536	347
536	442
536	519
536	637
536	866
536	882
574	194
574	244
574	269
574	279
574	497
574	526
574	537
574	816
683	255
683	327
683	357
683	548
683	635
683	637
683	719
683	740
683	785
683	811
683	927
683	956
683	963
722	118
722	451
722	532
722	563
722	622
722	675
722	721
722	729
722	811
722	832
722	837
722	851
779	170
779	223
779	244
779	451
779	532
779	548
779	670
779	675
779	726
779	865
779	867
779	882
779	927
864	163
864	208
864	251
864	255
864	269
864	292
864	315
864	375
864	454
864	497
864	563
864	648
864	680
864	703
864	721
864	734
864	745
864	821
864	884
927	62
927	208
927	241
927	251
927	375
927	419
927	537
927	541
927	548
927	613
927	637
927	684
927	701
927	719
927	721
927	729
927	817
927	861
927	866
927	884
927	963
33	358
33	587
33	699
33	843
33	973
358	264
358	439
358	542
358	550
358	658
358	665
358	762
358	849
358	953
587	300
587	428
587	542
587	550
587	614
587	617
587	665
587	749
587	849
587	868
587	889
587	944
587	951
587	973
699	60
699	227
699	349
699	368
699	397
699	443
699	477
699	505
699	629
699	653
699	658
699	762
699	843
699	951
843	81
843	239
843	278
843	349
843	350
843	368
843	397
843	428
843	479
843	558
843	572
843	653
843	762
843	782
843	868
843	914
843	951
843	953
944	81
944	128
944	133
944	139
944	214
944	215
944	300
944	368
944	373
944	410
944	471
944	596
944	614
944	617
944	629
944	658
944	665
944	686
944	691
944	735
944	749
944	953
951	106
951	128
951	239
951	264
951	278
951	284
951	349
951	378
951	392
951	408
951	428
951	443
951	471
951	477
951	479
951	596
951	600
951	606
951	614
951	653
951	658
951	735
951	782
951	914
973	81
973	96
973	106
973	349
973	350
973	368
973	389
973	408
973	428
973	443
973	471
973	505
973	528
973	558
973	596
973	653
973	658
973	735
973	749
973	889
34	248
34	478
34	669
34	715
34	724
34	769
34	805
248	82
248	316
248	437
248	531
248	586
248	696
478	152
478	166
478	175
478	316
478	382
478	437
478	462
478	651
478	669
478	937
669	65
669	131
669	181
669	253
669	291
669	296
669	382
669	398
669	531
669	565
669	660
669	769
669	804
669	841
669	907
715	175
715	199
715	237
715	238
715	253
715	423
715	447
715	462
715	467
715	660
715	696
715	769
715	804
715	907
724	229
724	260
724	316
724	329
724	379
724	466
724	493
724	531
724	565
724	592
724	786
724	805
724	967
769	48
769	181
769	296
769	336
769	338
769	366
769	382
769	395
769	398
769	462
769	531
769	732
769	804
805	48
805	199
805	295
805	303
805	338
805	342
805	382
805	398
805	447
805	462
805	493
805	586
805	592
805	696
805	937
35	962
35	978
35	988
35	989
35	997
35	1000
950	49
950	219
950	273
950	286
950	387
950	402
950	420
950	453
950	504
950	777
950	795
950	855
950	962
950	978
950	988
950	989
950	997
950	1000
952	49
952	219
952	273
952	286
952	387
952	402
952	420
952	453
952	504
952	777
952	795
952	855
952	962
952	978
952	988
952	989
952	997
952	1000
962	159
962	172
962	283
962	372
962	415
962	504
962	540
962	545
962	570
962	626
962	795
962	978
962	991
962	999
978	49
978	159
978	172
978	219
978	273
978	283
978	286
978	372
978	387
978	402
978	415
978	420
978	453
978	504
978	540
978	545
978	570
978	626
978	777
978	795
978	855
978	988
978	989
978	991
978	997
978	999
978	1000
988	159
988	172
988	283
988	372
988	415
988	504
988	540
988	545
988	570
988	626
988	795
988	991
988	999
989	159
989	172
989	283
989	372
989	415
989	504
989	540
989	545
989	570
989	626
989	795
989	991
989	999
991	49
991	219
991	273
991	286
991	387
991	402
991	420
991	453
991	504
991	777
991	795
991	855
991	997
991	1000
997	159
997	172
997	283
997	372
997	415
997	504
997	540
997	545
997	570
997	626
997	795
997	999
999	49
999	219
999	273
999	286
999	387
999	402
999	420
999	453
999	504
999	777
999	795
999	855
999	1000
1000	159
1000	172
1000	283
1000	372
1000	415
1000	504
1000	540
1000	545
1000	570
1000	626
1000	795
36	697
36	723
36	733
36	780
36	842
36	960
697	44
697	46
697	51
697	189
697	543
697	780
697	960
723	44
723	46
723	102
723	543
723	780
723	960
733	44
733	46
733	51
733	102
733	189
733	543
733	780
733	960
780	44
780	46
780	51
780	102
780	189
780	823
780	842
780	901
780	960
780	983
780	990
823	46
823	51
823	102
823	543
823	960
842	44
842	46
842	51
842	543
842	960
901	46
901	543
901	960
960	44
960	46
960	51
960	102
960	189
960	543
960	983
960	990
983	46
983	543
990	46
990	543
37	88
37	143
88	105
88	143
88	288
88	400
88	450
88	708
105	143
143	288
143	400
143	450
143	708
38	516
516	63
516	220
516	490
516	599
621	112
621	220
621	383
621	711
800	63
800	156
800	220
800	328
800	711
39	207
39	277
207	277
276	277
277	281
277	566
277	689
277	809
40	217
40	236
40	433
40	671
40	679
40	747
40	802
217	97
217	411
217	470
217	628
236	265
236	411
236	455
236	663
236	741
236	784
236	802
433	146
433	218
433	221
433	411
433	628
433	730
433	747
433	814
628	245
628	416
628	470
628	577
628	671
628	771
628	784
628	807
671	99
671	125
671	150
671	185
671	246
671	298
671	416
671	784
679	97
679	99
679	119
679	185
679	221
679	411
679	730
679	784
747	107
747	124
747	146
747	221
747	245
747	265
747	298
747	455
747	577
747	663
747	807
802	99
802	111
802	185
802	221
802	245
802	265
802	455
802	577
802	771
802	784
802	807
41	763
41	822
41	836
41	917
690	136
690	763
690	822
690	836
690	917
763	56
763	84
763	101
763	136
763	188
763	224
763	225
763	226
763	290
763	511
763	590
763	610
763	798
763	822
763	836
763	917
763	949
763	958
763	977
763	984
798	822
798	836
798	917
822	56
822	84
822	101
822	136
822	188
822	224
822	225
822	226
822	290
822	511
822	590
822	610
822	836
822	917
822	949
822	958
822	977
822	984
836	56
836	84
836	101
836	136
836	188
836	224
836	225
836	226
836	290
836	511
836	590
836	610
836	917
836	949
836	958
836	977
836	984
917	56
917	84
917	101
917	136
917	188
917	224
917	225
917	226
917	290
917	511
917	590
917	610
917	949
917	958
917	977
917	984
42	170
42	354
42	680
42	681
42	837
42	867
170	127
170	483
170	535
170	866
354	472
354	684
354	831
354	866
680	66
680	130
680	223
680	244
680	576
680	635
680	684
680	816
680	817
680	865
680	866
681	208
681	327
681	419
681	622
681	693
681	726
681	745
681	817
681	851
681	865
681	929
837	66
837	193
837	255
837	318
837	419
837	432
837	451
837	473
837	483
837	532
837	635
837	675
837	729
837	740
837	858
837	906
865	104
865	193
865	419
865	454
865	489
865	537
865	682
865	729
865	734
865	745
865	821
865	832
865	866
865	879
865	906
867	54
867	160
867	404
867	458
867	472
867	473
867	497
867	539
867	684
867	719
867	721
867	861
867	866
867	879
43	179
43	499
179	359
179	380
179	412
359	233
359	499
380	499
499	190
499	233
499	412
45	153
45	607
45	698
45	826
45	878
153	424
153	588
153	847
153	862
153	873
607	110
607	180
607	222
607	293
607	320
607	399
607	549
607	597
698	341
698	533
698	544
698	568
698	588
698	589
698	770
698	835
698	847
698	856
826	158
826	268
826	293
826	341
826	360
826	390
826	464
826	549
826	557
826	695
826	770
856	222
856	285
856	341
856	476
856	503
856	507
856	515
856	534
856	549
856	597
856	717
856	736
856	878
878	137
878	149
878	332
878	343
878	424
878	430
878	507
878	513
878	515
878	533
878	534
878	568
878	695
878	854
47	55
47	95
47	525
47	555
47	902
55	95
55	525
55	555
55	902
95	525
525	555
525	902
48	338
48	447
48	586
48	651
48	967
338	175
338	212
338	509
338	531
338	651
447	94
447	142
447	175
447	304
447	316
447	342
447	786
447	907
447	967
586	199
586	342
586	437
586	531
586	565
586	591
586	786
586	955
651	94
651	201
651	205
651	303
651	426
651	466
651	592
651	660
651	786
651	787
651	907
651	955
651	967
907	181
907	205
907	238
907	303
907	329
907	336
907	342
907	398
907	426
907	437
907	493
907	565
907	592
907	627
907	696
907	786
907	787
907	937
907	967
967	76
967	142
967	152
967	176
967	181
967	201
967	205
967	247
967	260
967	291
967	295
967	304
967	316
967	336
967	366
967	493
967	506
967	627
967	660
967	786
967	955
347	66
347	113
347	251
347	357
347	541
347	579
347	745
778	249
778	269
778	404
778	432
778	632
778	635
778	675
778	703
778	785
778	851
778	882
778	963
906	113
906	127
906	163
906	167
906	223
906	279
906	386
906	404
906	427
906	632
906	719
906	721
906	734
906	740
906	745
906	811
906	831
906	861
906	866
906	879
906	882
906	884
906	929
906	963
956	118
956	232
956	241
956	386
956	419
956	489
956	496
956	519
956	537
956	539
956	622
956	670
956	678
956	684
956	721
956	734
956	785
956	817
956	831
956	832
956	851
956	879
956	963
52	158
52	252
52	430
52	476
52	513
52	750
158	149
158	369
158	430
158	533
158	559
158	588
158	770
252	110
252	162
252	182
252	399
252	835
430	534
430	589
430	770
430	873
476	344
476	405
476	731
476	847
476	862
513	86
513	149
513	332
513	371
513	390
513	557
513	568
513	835
717	121
717	182
717	390
717	399
717	515
717	549
717	731
717	736
717	854
717	862
717	873
750	149
750	171
750	180
750	254
750	280
750	320
750	360
750	464
750	544
750	835
750	894
53	438
53	546
53	585
438	169
438	272
438	523
438	585
546	169
546	324
546	523
546	569
546	585
585	71
585	79
585	523
585	569
54	69
54	816
54	851
69	678
69	817
69	858
69	963
816	208
816	241
816	327
816	432
816	483
816	497
816	579
816	668
816	670
816	682
816	785
816	811
816	817
816	831
816	858
816	884
816	929
816	963
851	167
851	241
851	318
851	375
851	432
851	519
851	535
851	613
851	632
851	682
851	693
851	727
851	739
851	832
58	711
711	220
711	250
711	406
711	417
711	490
711	521
59	112
59	220
112	417
220	491
560	250
560	391
560	417
60	349
60	477
60	505
60	550
349	214
349	227
349	350
349	550
349	691
349	889
349	953
477	133
477	392
477	542
477	606
477	653
477	658
477	868
477	889
505	389
505	410
505	479
505	572
505	617
505	658
550	81
550	106
550	457
550	471
550	528
550	558
550	572
550	596
550	617
550	665
550	691
550	914
62	118
62	194
62	292
62	785
118	241
118	579
118	613
118	858
194	113
194	251
194	404
194	473
292	174
292	637
292	668
292	740
292	929
292	963
727	318
727	346
727	427
727	537
727	576
727	693
727	745
727	811
727	884
727	963
785	130
785	160
785	255
785	427
785	458
785	489
785	537
785	576
785	635
785	678
785	740
785	858
785	861
785	929
785	963
65	304
65	437
65	565
65	616
65	627
304	212
304	253
304	425
304	506
304	509
304	591
304	660
437	142
437	176
437	199
437	291
437	348
437	379
437	611
565	237
565	303
565	366
565	398
565	429
565	493
565	787
565	937
565	955
616	76
616	82
616	329
616	336
616	348
616	429
616	787
616	841
627	94
627	131
627	181
627	247
627	253
627	260
627	296
627	336
627	398
627	509
627	611
627	660
627	696
627	787
627	937
66	684
684	104
684	241
684	427
684	861
684	963
67	376
67	448
67	582
376	115
376	508
376	650
376	743
376	751
376	767
448	242
448	381
448	582
448	650
448	751
448	783
448	885
582	115
582	230
582	302
582	463
582	783
582	885
68	436
68	846
436	374
436	604
436	704
754	90
754	98
754	210
754	240
754	306
754	374
846	98
846	210
846	306
846	694
846	704
678	160
678	193
678	318
678	346
678	454
678	497
678	729
678	734
678	740
678	745
678	811
678	832
817	213
817	346
817	386
817	483
817	489
817	613
817	622
817	703
817	821
817	866
817	929
858	104
858	279
858	327
858	432
858	526
858	548
858	632
858	703
858	745
858	832
858	861
858	879
858	884
963	127
963	346
963	375
963	472
963	535
963	682
963	703
963	729
963	739
963	811
963	832
963	866
963	884
71	523
71	569
523	569
569	79
569	169
569	272
569	324
73	986
593	89
593	263
593	289
593	370
593	538
593	986
630	89
630	263
630	289
630	370
630	538
630	986
662	89
662	263
662	289
662	370
662	538
662	986
756	89
756	263
756	289
756	370
756	538
756	986
828	89
828	263
828	289
828	370
828	538
828	986
840	89
840	263
840	289
840	370
840	538
840	986
888	89
888	263
888	289
888	370
888	538
888	986
985	89
985	263
985	289
985	370
985	538
985	986
986	89
986	263
986	289
986	370
986	409
986	538
986	994
994	89
994	263
994	289
994	370
994	538
74	892
655	384
655	892
687	384
687	892
712	384
712	892
714	384
714	892
738	384
738	892
760	384
760	892
801	384
801	892
825	384
825	892
892	132
892	138
892	145
892	148
892	186
892	308
892	313
892	384
892	413
892	422
892	484
892	623
75	403
75	502
75	530
75	853
75	910
75	928
75	938
403	87
403	147
403	310
403	501
403	502
403	530
403	728
403	839
403	853
403	910
403	928
403	938
501	87
501	502
501	530
501	853
501	910
501	928
501	938
502	147
502	310
502	728
502	839
502	910
530	147
530	310
530	728
530	839
530	910
728	87
728	853
728	910
728	928
728	938
839	87
839	853
839	910
839	928
839	938
853	147
853	310
853	910
910	87
910	147
910	310
910	928
910	938
928	147
928	310
938	147
938	310
76	237
76	379
76	425
76	591
76	592
76	696
76	955
237	152
237	201
237	366
237	423
237	429
237	605
237	732
379	348
379	425
379	509
379	786
379	955
425	175
425	456
425	462
425	506
425	509
425	531
425	592
425	955
591	131
591	166
591	321
591	342
591	398
591	423
591	611
591	955
592	94
592	166
592	199
592	229
592	238
592	786
592	841
696	181
696	238
696	321
696	336
696	398
696	423
696	426
696	466
696	611
696	955
955	131
955	166
955	181
955	205
955	229
955	238
955	247
955	253
955	260
955	291
955	295
955	316
955	329
955	342
955	395
955	462
955	466
955	493
955	506
955	509
955	605
955	787
955	937
339	140
78	306
78	604
306	704
604	510
604	514
604	522
269	167
269	473
269	532
269	668
269	675
427	318
701	127
701	160
701	241
701	315
701	327
701	404
701	432
701	532
701	648
701	703
701	866
701	882
81	889
849	133
849	215
849	287
849	373
849	378
849	392
849	408
849	443
849	528
849	572
849	600
849	606
849	665
849	914
849	953
889	96
889	133
889	139
889	168
889	264
889	278
889	300
889	368
889	378
889	410
889	443
889	479
889	606
889	645
889	653
889	691
889	868
82	247
82	506
82	804
82	841
247	382
247	423
247	429
247	605
247	787
247	804
260	509
260	605
260	611
260	841
260	937
506	212
506	462
506	466
506	732
506	786
506	804
506	841
506	937
804	229
804	321
804	366
804	426
804	466
804	531
804	611
804	660
804	841
841	142
841	176
841	212
841	291
841	295
841	316
841	348
841	366
841	382
841	398
841	429
841	466
841	732
841	787
841	937
83	319
83	418
83	487
83	647
83	808
319	123
319	322
319	340
319	418
319	487
319	647
418	123
418	161
418	317
418	322
418	325
418	340
487	123
487	161
487	197
487	317
487	322
487	325
487	340
647	123
647	126
647	161
647	197
647	317
647	322
647	325
647	340
808	123
808	161
808	197
808	340
903	123
922	123
941	123
947	123
982	123
86	343
86	862
86	873
343	323
343	332
343	405
343	533
343	695
343	862
343	873
862	180
862	182
862	254
862	280
862	294
862	320
862	424
862	515
862	597
862	731
862	770
862	835
862	854
873	162
873	293
873	341
873	356
873	371
873	399
873	515
873	557
873	559
90	498
498	240
498	522
498	639
498	704
91	377
91	512
91	650
91	783
91	885
377	116
377	431
377	767
377	885
512	116
512	230
512	351
512	431
512	661
512	718
512	783
512	885
650	231
650	642
650	659
650	661
650	743
650	751
650	767
650	885
783	116
783	202
783	230
783	231
783	351
783	508
783	659
783	885
885	202
885	230
885	302
885	351
885	353
885	381
885	508
885	642
885	659
885	743
885	767
94	509
94	787
509	303
509	321
509	395
509	937
787	176
787	201
787	212
787	321
787	348
787	366
787	395
787	467
787	531
787	732
787	937
96	106
96	214
96	373
96	691
96	914
106	596
106	691
106	735
106	953
214	215
214	350
214	410
214	471
214	558
214	735
373	428
373	528
373	542
373	691
373	762
373	914
691	128
691	278
691	389
691	479
691	629
691	665
691	686
691	735
691	868
914	133
914	168
914	378
914	397
914	408
914	471
914	542
914	558
914	606
914	614
914	629
914	658
914	665
914	735
914	749
914	762
953	135
953	139
953	215
953	227
953	264
953	270
953	287
953	350
953	397
953	439
953	443
953	528
953	596
953	600
953	614
953	658
953	749
953	762
953	782
97	245
97	663
245	486
245	807
663	99
663	119
663	165
663	173
663	246
663	455
663	470
98	639
639	195
639	374
639	510
639	514
99	221
99	577
99	741
99	771
221	416
221	577
221	814
577	111
577	246
577	730
577	784
577	807
741	107
741	125
741	150
741	185
741	416
741	494
741	784
741	807
741	814
771	107
771	416
771	470
771	486
771	784
771	807
771	814
100	619
619	196
619	243
619	449
619	475
619	480
619	482
619	488
619	552
103	406
406	156
406	328
104	386
104	576
104	637
104	734
104	884
386	404
386	451
386	541
386	635
576	318
576	682
576	703
576	811
576	831
576	832
576	879
637	113
637	122
637	213
637	279
637	375
637	454
637	483
637	726
637	831
637	861
637	884
734	122
734	375
734	497
734	548
734	563
734	721
734	811
884	113
884	315
884	346
884	451
884	473
884	497
884	526
884	622
884	879
596	392
596	397
596	408
596	471
596	617
596	629
596	645
596	735
596	762
735	215
735	227
735	392
735	457
735	542
735	686
107	185
107	246
185	265
185	807
246	494
246	807
814	146
814	218
814	265
814	298
814	598
814	784
110	171
110	534
110	847
110	894
171	144
171	581
171	759
171	770
534	285
534	549
534	557
534	759
534	847
847	211
847	280
847	299
847	323
847	549
847	589
847	770
847	835
847	894
894	268
894	293
894	294
894	320
894	390
894	588
894	731
894	736
894	854
111	146
111	298
111	486
111	598
111	784
146	173
146	598
146	807
298	218
298	411
298	494
298	598
298	730
298	784
486	119
486	150
486	165
486	218
486	416
486	455
486	784
486	807
598	119
598	265
598	455
598	494
598	784
598	807
784	125
784	218
784	411
784	455
784	470
784	807
417	599
113	442
113	729
442	473
442	632
442	668
729	130
729	223
729	279
729	404
729	539
729	719
729	832
729	929
114	324
324	169
115	117
115	187
115	463
115	743
117	463
117	661
117	718
117	767
187	642
187	659
463	381
463	661
463	718
743	116
743	202
743	231
743	242
743	353
743	659
743	661
743	718
743	751
743	767
116	718
116	751
508	767
718	351
718	381
718	431
718	751
718	767
751	231
751	259
751	302
751	381
751	460
751	642
751	661
751	767
661	242
661	302
661	353
661	431
661	659
767	157
767	231
767	353
767	642
767	659
241	357
241	526
241	648
241	929
579	223
579	473
579	532
579	548
579	635
579	929
613	483
613	537
613	548
613	675
613	821
613	879
613	929
119	150
119	165
119	730
165	124
165	455
165	730
730	124
730	807
121	180
121	549
121	588
121	736
180	405
180	759
424	360
424	581
424	731
424	770
549	137
549	405
549	731
549	835
588	254
588	344
588	507
588	544
588	557
588	731
736	162
736	211
736	293
736	323
736	332
736	344
736	356
736	371
736	464
736	695
122	483
122	548
122	719
483	163
483	244
483	635
483	831
548	167
548	404
548	726
548	831
548	879
719	232
719	375
719	454
719	472
719	537
719	648
719	693
719	832
123	325
325	126
325	197
325	317
124	173
124	807
173	125
173	455
173	494
807	125
807	218
807	411
807	416
807	470
494	265
494	411
494	416
126	161
126	317
126	322
161	197
317	322
317	340
322	340
127	739
127	821
739	213
739	249
739	375
739	526
739	532
739	668
739	670
739	821
739	861
739	929
821	160
821	249
821	251
821	357
821	496
821	670
821	675
821	693
821	740
128	558
128	606
128	653
558	133
558	439
558	443
558	572
558	614
558	782
606	215
606	227
606	479
606	749
606	782
653	133
653	135
653	139
653	378
653	389
653	645
653	658
129	261
129	393
129	517
129	909
129	966
261	909
393	909
517	909
909	966
130	315
130	622
130	632
315	193
315	244
315	357
315	882
622	223
622	454
622	496
622	526
622	535
622	541
622	648
622	670
622	831
632	163
632	193
632	539
632	541
632	670
632	703
632	726
632	882
131	238
131	291
131	456
131	611
131	732
238	176
238	786
291	605
456	303
456	531
456	605
456	937
611	205
611	212
611	426
611	660
611	732
611	937
732	175
732	199
732	205
732	253
732	329
732	366
732	426
732	531
732	605
732	660
732	937
132	384
384	148
384	422
384	484
384	623
133	300
133	572
133	782
300	139
300	215
300	542
300	749
300	782
572	278
572	350
572	389
572	392
572	410
572	665
572	686
572	782
782	139
782	215
782	270
782	439
782	629
782	749
135	392
135	686
135	749
135	868
392	479
392	629
392	658
686	168
686	227
686	239
686	284
686	457
686	542
686	600
686	665
686	868
749	227
749	284
749	368
749	389
749	457
749	471
749	617
749	665
868	139
868	168
868	284
868	389
868	410
868	443
868	542
868	600
868	614
868	629
868	645
137	371
162	266
162	405
162	731
162	854
371	149
371	341
371	507
371	568
138	145
139	215
215	479
140	183
140	461
183	364
461	200
461	305
461	364
391	491
391	599
142	175
142	429
429	152
429	348
429	937
144	211
144	360
144	503
211	544
211	731
211	854
360	280
360	320
360	854
503	344
503	559
503	581
503	597
503	835
854	293
854	294
854	299
854	320
854	323
854	356
854	390
854	464
854	507
854	515
854	559
854	597
854	759
854	835
149	254
254	507
254	544
254	731
254	835
568	533
568	559
568	770
602	394
152	166
152	467
152	660
166	296
166	348
166	493
166	660
467	212
467	316
467	382
467	426
467	493
467	605
467	786
467	937
660	395
660	466
660	786
154	177
154	204
154	228
154	603
154	615
154	667
154	720
154	744
154	793
154	965
177	603
177	965
204	603
204	965
228	603
228	965
603	615
603	667
603	720
603	744
603	793
603	965
615	965
667	567
667	965
720	965
744	965
793	965
155	974
612	974
641	974
742	974
157	259
157	353
157	659
259	202
259	642
659	302
659	381
659	642
369	344
369	464
369	507
369	835
533	544
533	770
559	182
559	544
559	557
559	597
559	759
559	770
770	222
770	320
770	515
770	835
159	855
855	172
855	283
855	372
855	415
855	504
855	540
855	545
855	570
855	626
855	795
160	831
831	249
831	419
831	535
831	635
831	682
831	861
831	882
197	340
266	507
266	597
405	333
405	515
405	581
731	285
731	835
163	318
163	721
163	745
318	208
318	327
318	929
721	244
721	635
745	174
745	193
745	327
745	472
745	519
745	648
745	929
455	416
296	199
296	303
296	937
348	366
493	176
493	229
493	295
493	321
493	336
493	342
167	255
167	454
255	357
255	675
255	693
255	879
454	174
454	346
454	519
454	535
454	811
168	239
168	278
168	378
168	658
239	542
239	629
278	350
278	410
278	614
278	665
378	389
378	479
658	428
658	443
658	457
658	629
658	762
169	272
535	244
535	458
535	519
535	668
535	703
866	223
866	472
866	670
866	726
866	740
222	320
222	581
222	835
581	544
759	294
759	323
759	333
759	356
759	589
759	695
174	473
174	489
174	675
174	693
174	740
174	882
473	279
473	811
489	404
489	541
489	668
489	832
489	882
675	519
675	541
675	832
693	496
693	635
693	703
693	740
693	832
693	861
693	879
693	929
740	327
740	357
740	541
740	670
740	726
740	929
882	327
882	357
882	682
882	703
882	811
882	861
176	342
176	937
937	199
937	201
937	253
937	382
937	395
937	605
178	262
262	209
181	786
786	201
786	253
786	395
786	398
786	423
786	462
182	544
544	344
544	835
364	200
364	305
184	385
184	495
184	936
385	495
385	567
385	936
495	567
495	936
567	936
642	381
189	543
193	519
519	232
519	432
519	472
251	635
404	432
404	861
563	232
563	832
563	879
195	210
195	510
210	522
210	694
210	704
510	514
704	522
704	561
196	480
196	552
480	449
480	475
480	482
480	488
480	552
552	475
552	488
198	664
201	295
295	531
295	605
203	263
203	694
263	538
694	240
694	522
205	321
205	329
329	212
329	395
329	398
206	257
206	267
257	267
257	309
257	773
267	309
267	773
208	451
451	232
451	244
522	561
212	395
395	229
213	472
213	648
472	537
472	726
472	861
648	279
648	458
648	526
648	670
648	682
350	479
350	645
350	762
410	443
410	600
410	665
471	617
614	287
614	762
479	439
479	542
479	617
479	762
521	383
521	599
599	235
599	491
411	470
470	218
777	283
777	372
777	415
777	504
777	540
777	545
777	570
777	626
777	795
491	250
320	341
835	390
835	507
835	589
835	597
223	541
541	346
541	458
541	532
541	537
541	879
227	629
227	645
629	287
629	542
629	645
629	762
645	528
645	542
645	600
645	617
229	462
462	466
230	460
460	336
231	431
431	351
232	496
232	537
232	668
232	929
496	279
496	419
537	703
537	726
668	532
668	635
929	458
929	682
929	832
366	253
366	336
423	303
423	382
423	605
605	466
264	428
264	600
264	762
542	389
357	726
357	861
526	539
526	861
243	475
449	475
449	488
475	482
475	488
382	336
249	458
249	532
458	419
532	682
811	279
811	539
811	726
635	346
635	726
635	861
635	879
399	341
399	515
399	695
879	346
879	670
879	861
538	289
538	370
538	409
428	443
428	600
600	287
600	439
600	528
762	397
762	439
762	665
597	268
597	285
597	344
597	515
597	695
695	268
695	299
695	344
268	332
268	515
332	390
515	299
861	497
861	539
861	703
270	389
270	408
408	284
408	457
408	665
273	795
795	283
795	286
795	372
795	387
795	402
795	415
795	420
795	453
795	504
795	540
795	545
795	570
795	626
665	287
665	457
665	617
280	293
293	589
284	368
368	397
368	617
285	557
557	589
287	439
439	528
289	370
289	409
370	409
294	341
299	344
299	356
356	333
302	351
307	383
308	422
413	313
422	313
327	832
726	419
726	682
497	539
670	432
626	402
626	420
626	453
387	504
504	540
504	570
482	488
432	419
420	545
703	539
453	570
#End Disappearing Edges

*Newborn Edges
1	253
1	774
1	786
1	787
1	794
1	813
1	943
1	961
253	605
253	616
253	651
253	772
253	796
253	820
253	845
253	870
253	890
253	946
774	67
774	91
774	93
774	212
774	316
774	335
774	376
774	398
774	426
774	605
774	611
774	616
774	627
774	643
774	676
774	696
774	767
774	820
774	907
774	955
774	980
786	34
786	176
786	229
786	230
786	338
786	382
786	425
786	512
786	531
786	638
786	659
786	715
786	755
786	767
786	772
786	787
786	805
786	845
786	885
786	930
786	943
787	48
787	116
787	142
787	157
787	238
787	259
787	336
787	338
787	351
787	382
787	423
787	462
787	478
787	481
787	506
787	562
787	578
787	659
787	755
787	772
787	791
787	813
787	943
794	34
794	212
794	335
794	398
794	423
794	431
794	456
794	462
794	466
794	508
794	578
794	751
794	791
794	875
794	921
794	930
794	967
794	980
796	117
796	131
796	199
796	256
796	291
796	336
796	463
796	467
796	578
796	586
796	608
796	611
796	660
796	661
796	715
796	718
796	804
796	805
796	907
796	967
813	31
813	67
813	116
813	117
813	303
813	348
813	353
813	398
813	448
813	460
813	462
813	506
813	592
813	676
813	755
813	820
921	31
921	34
921	91
921	93
921	152
921	166
921	175
921	181
921	231
921	291
921	366
921	395
921	429
921	447
921	456
921	478
921	481
921	586
921	592
921	594
921	643
921	676
921	767
921	769
921	803
921	845
921	875
921	907
921	961
921	967
943	34
943	48
943	152
943	157
943	181
943	199
943	230
943	237
943	238
943	366
943	398
943	423
943	429
943	467
943	531
943	578
943	651
943	709
943	715
943	769
943	805
943	890
943	907
943	946
961	23
961	91
961	142
961	181
961	205
961	256
961	259
961	291
961	295
961	321
961	353
961	381
961	398
961	426
961	437
961	481
961	509
961	518
961	531
961	592
961	594
961	616
961	651
961	661
961	732
961	743
961	769
961	870
961	885
961	980
2	63
2	196
2	488
2	601
63	196
63	488
63	520
63	601
63	636
63	673
63	776
63	925
196	488
196	520
196	601
488	601
520	601
601	636
601	673
601	776
601	925
3	99
3	134
3	384
3	461
3	909
99	134
99	384
99	452
99	461
99	790
99	909
134	384
134	452
134	461
134	790
134	909
384	452
384	461
384	790
384	909
452	461
452	909
461	790
461	909
790	909
909	916
4	111
4	298
4	411
4	494
4	741
4	747
4	892
111	411
111	416
111	663
111	730
111	741
111	814
111	869
111	892
298	119
298	125
298	146
298	165
298	246
298	486
298	631
298	679
298	741
298	892
411	119
411	124
411	173
411	577
411	671
411	688
411	802
411	869
411	892
494	119
494	185
494	470
494	486
494	730
494	747
494	771
494	802
494	838
631	40
631	119
631	146
631	236
631	265
631	470
631	480
631	486
631	527
631	814
631	892
688	146
688	150
688	265
688	331
688	433
688	470
688	480
688	486
688	571
688	663
688	814
688	869
688	892
741	40
741	97
741	173
741	245
741	265
741	331
741	470
741	527
741	671
741	730
741	747
741	838
741	892
747	97
747	119
747	150
747	218
747	246
747	416
747	628
747	671
747	679
747	771
747	802
747	892
869	218
869	236
869	470
869	480
869	730
869	771
869	892
892	40
892	97
892	124
892	146
892	150
892	165
892	185
892	217
892	218
892	236
892	245
892	265
892	331
892	486
892	571
892	598
892	628
892	663
892	671
892	679
892	730
892	771
892	802
892	814
892	838
5	38
5	235
5	491
5	521
5	711
38	824
235	27
235	707
491	328
491	455
491	504
491	911
521	27
521	59
521	220
521	529
521	560
711	59
711	103
711	156
711	297
711	391
711	504
711	529
711	674
711	898
872	27
872	216
872	250
872	328
872	383
872	455
872	516
872	560
891	27
891	103
891	220
891	297
891	406
891	455
891	504
891	827
898	297
898	307
898	455
898	599
898	707
919	59
919	216
919	297
919	455
919	504
919	824
919	918
940	297
940	455
940	504
940	516
6	277
6	807
6	948
72	277
72	807
72	948
277	312
277	553
277	652
277	807
277	948
312	807
312	948
553	807
553	948
652	807
652	948
807	948
7	135
7	169
7	300
7	301
7	392
7	600
7	782
7	953
7	986
7	993
135	270
135	428
135	493
135	629
135	762
135	951
135	986
135	996
169	301
169	528
169	713
169	762
169	843
169	849
169	933
169	951
169	987
300	258
300	389
300	457
300	528
300	606
300	645
300	713
300	775
300	849
300	972
301	96
301	214
301	350
301	358
301	558
301	699
301	766
301	843
301	895
392	214
392	358
392	438
392	443
392	457
392	471
392	815
392	889
392	972
392	975
392	993
392	996
600	60
600	70
600	129
600	275
600	358
600	389
600	408
600	546
600	606
600	614
600	666
600	889
600	895
600	944
600	993
782	19
782	96
782	287
782	368
782	438
782	443
782	542
782	564
782	587
782	614
782	653
782	665
782	713
782	889
782	973
782	986
953	79
953	81
953	114
953	133
953	239
953	258
953	272
953	305
953	337
953	352
953	434
953	587
953	609
953	629
953	645
953	653
953	685
953	713
953	761
953	766
953	775
953	815
953	877
953	914
953	951
953	986
986	24
986	60
986	79
986	106
986	108
986	114
986	129
986	139
986	239
986	264
986	270
986	272
986	275
986	284
986	305
986	337
986	389
986	410
986	438
986	471
986	523
986	525
986	528
986	558
986	564
986	569
986	585
986	606
986	629
986	645
986	666
986	686
986	705
986	713
986	735
986	761
986	766
986	843
986	849
986	914
986	972
986	973
986	975
986	987
993	60
993	106
993	128
993	139
993	168
993	214
993	227
993	264
993	278
993	287
993	350
993	352
993	439
993	441
993	443
993	471
993	485
993	587
993	596
993	606
993	617
993	653
993	665
993	666
993	686
993	699
993	766
993	775
993	843
993	849
993	868
993	874
993	889
993	914
993	933
993	987
8	233
8	359
8	412
8	841
120	233
120	247
120	363
120	380
120	841
233	247
233	282
233	841
282	43
282	247
282	412
282	841
359	61
359	190
359	247
359	841
363	61
363	247
363	841
412	43
412	61
412	841
656	247
656	841
692	247
692	841
725	247
725	841
841	43
841	61
841	190
841	247
841	380
9	489
9	648
9	821
9	832
9	867
9	876
9	893
9	906
9	956
9	970
489	223
489	354
489	367
489	468
489	473
489	551
489	680
489	739
489	816
489	834
489	879
489	893
489	927
489	945
489	981
648	50
648	255
648	354
648	635
648	658
648	678
648	727
648	739
648	832
648	876
648	879
648	882
648	893
648	912
648	920
648	970
821	22
821	69
821	163
821	292
821	445
821	451
821	536
821	563
821	658
821	678
821	722
821	795
821	812
821	816
821	832
821	858
821	867
821	879
821	912
821	920
821	956
832	22
832	80
832	122
832	193
832	326
832	367
832	432
832	472
832	551
832	579
832	680
832	684
832	739
832	876
832	879
832	882
832	906
832	912
832	927
832	970
832	981
867	13
867	127
867	194
867	244
867	279
867	292
867	315
867	419
867	445
867	454
867	468
867	635
867	658
867	681
867	683
867	722
867	812
867	816
867	876
867	920
867	956
867	970
876	13
876	80
876	318
876	419
876	432
876	445
876	446
876	451
876	472
876	526
876	536
876	675
876	680
876	681
876	684
876	703
876	795
876	858
876	882
876	893
876	906
876	945
876	956
876	981
893	80
893	223
893	251
893	279
893	315
893	419
893	468
893	473
893	536
893	551
893	579
893	618
893	635
893	658
893	680
893	681
893	722
893	726
893	795
893	812
893	834
893	858
893	879
893	927
893	945
906	62
906	69
906	170
906	193
906	255
906	315
906	357
906	419
906	451
906	472
906	473
906	526
906	579
906	618
906	678
906	681
906	684
906	703
906	727
906	739
906	795
906	816
906	858
906	912
906	920
906	956
906	970
906	981
956	62
956	127
956	160
956	163
956	170
956	174
956	193
956	223
956	279
956	354
956	367
956	432
956	445
956	473
956	526
956	536
956	548
956	551
956	574
956	579
956	618
956	635
956	658
956	680
956	726
956	795
956	834
956	858
956	912
956	945
970	69
970	174
970	255
970	292
970	326
970	357
970	367
970	419
970	445
970	454
970	526
970	536
970	548
970	551
970	563
970	579
970	618
970	635
970	658
970	680
970	703
970	722
970	812
970	816
970	879
970	920
970	927
970	981
10	341
10	513
10	770
10	835
10	854
10	873
10	915
341	252
341	334
341	534
341	544
341	556
341	710
341	750
341	753
341	757
341	759
341	862
513	344
513	369
513	533
513	544
513	554
513	559
513	588
513	695
513	757
513	894
513	904
513	926
513	934
649	149
649	153
649	285
649	334
649	344
649	349
649	360
649	515
649	557
649	654
649	677
649	757
649	857
649	878
770	20
770	52
770	180
770	252
770	257
770	294
770	332
770	333
770	349
770	476
770	534
770	589
770	597
770	657
770	677
770	695
770	857
770	904
770	979
835	12
835	25
835	86
835	162
835	180
835	349
835	371
835	464
835	533
835	559
835	568
835	607
835	625
835	654
835	657
835	717
835	736
835	757
835	826
835	850
835	894
835	915
854	12
854	25
854	52
854	222
854	252
854	285
854	371
854	405
854	424
854	533
854	554
854	556
854	581
854	588
854	625
854	657
854	706
854	710
854	731
854	753
854	850
854	859
854	873
854	926
854	934
854	935
873	110
873	149
873	254
873	285
873	299
873	323
873	474
873	554
873	568
873	589
873	597
873	654
873	736
873	759
873	781
873	847
873	850
873	878
873	979
908	52
908	149
908	153
908	158
908	162
908	252
908	257
908	280
908	344
908	349
908	356
908	365
908	515
908	533
908	559
908	597
908	607
908	677
908	737
908	753
908	757
908	829
908	857
908	859
908	904
908	926
908	979
915	46
915	182
915	211
915	268
915	293
915	334
915	343
915	369
915	371
915	568
915	581
915	695
915	750
915	819
915	829
915	850
915	859
915	904
915	979
934	144
934	254
934	257
934	294
934	334
934	349
934	405
934	424
934	474
934	476
934	549
934	556
934	588
934	716
934	717
934	731
934	781
934	819
934	829
934	856
934	857
934	862
934	878
934	935
11	694
11	704
11	846
11	974
633	195
633	203
633	604
633	620
633	704
633	974
694	440
694	475
694	510
694	514
694	620
694	974
704	78
704	90
704	374
704	475
704	499
704	620
704	639
704	974
810	68
810	306
810	374
810	475
810	499
810	620
810	974
846	47
846	436
846	475
846	499
846	620
846	974
871	47
871	475
871	499
871	620
871	974
964	47
964	475
964	499
964	620
964	974
969	47
969	475
969	499
969	620
969	974
974	47
974	68
974	78
974	90
974	195
974	203
974	240
974	306
974	374
974	436
974	440
974	475
974	498
974	499
974	510
974	514
974	522
974	561
974	604
974	620
974	639
974	700
974	754
974	833
974	976
976	47
976	475
976	499
976	620
12	211
12	405
12	753
12	781
12	862
12	878
211	46
211	121
211	137
211	252
211	293
211	695
211	781
211	850
405	254
405	285
405	356
405	399
405	474
405	533
405	706
405	717
405	826
405	859
405	904
625	45
625	294
625	430
625	474
625	515
625	556
625	557
625	753
625	847
625	856
753	153
753	158
753	294
753	360
753	365
753	399
753	424
753	515
753	557
753	589
753	597
753	607
753	695
753	731
753	750
753	862
753	894
781	20
781	52
781	222
781	268
781	280
781	293
781	332
781	349
781	474
781	503
781	534
781	677
781	716
781	847
781	856
781	926
862	20
862	45
862	46
862	158
862	162
862	299
862	332
862	333
862	356
862	430
862	533
862	544
862	568
862	589
862	698
862	706
862	737
862	759
862	829
862	857
862	904
862	926
878	20
878	121
878	144
878	162
878	257
878	285
878	299
878	344
878	360
878	390
878	588
878	607
878	657
878	710
878	716
878	759
878	847
878	859
878	904
935	20
935	45
935	46
935	180
935	182
935	266
935	285
935	343
935	344
935	430
935	474
935	503
935	544
935	559
935	698
935	717
935	750
935	819
935	847
13	174
13	194
13	468
13	858
13	879
13	927
13	981
174	419
174	536
174	548
174	579
174	678
174	680
174	834
194	318
194	675
194	726
194	879
194	882
468	446
468	574
468	680
468	795
468	812
468	858
468	882
468	912
468	981
618	22
618	69
618	122
618	160
618	223
618	244
618	279
618	318
618	579
618	879
618	912
618	927
618	981
858	122
858	127
858	170
858	193
858	292
858	357
858	367
858	419
858	451
858	454
858	579
858	635
858	658
858	675
858	722
858	726
858	795
858	882
858	912
858	927
879	160
879	163
879	292
879	326
879	354
879	367
879	432
879	473
879	551
879	574
879	683
879	722
879	726
879	727
879	795
879	816
879	882
879	927
927	127
927	163
927	170
927	193
927	244
927	315
927	318
927	451
927	454
927	472
927	574
927	579
927	635
927	658
927	675
927	678
927	680
927	727
927	795
927	812
927	816
927	882
927	912
981	22
981	127
981	170
981	193
981	292
981	315
981	326
981	354
981	357
981	432
981	445
981	446
981	451
981	472
981	548
981	635
981	675
981	678
981	680
981	681
981	683
981	703
981	722
981	727
981	739
981	795
981	812
981	834
981	882
981	945
14	210
191	210
191	394
210	274
210	672
15	152
15	448
15	591
15	643
15	659
15	743
15	870
15	930
15	955
15	980
152	58
152	605
152	616
152	820
152	907
152	937
152	980
448	82
448	202
448	456
448	531
448	562
448	608
448	644
448	669
448	696
448	732
591	117
591	175
591	248
591	348
591	429
591	531
591	608
591	651
591	659
591	660
591	669
591	769
591	804
591	980
643	31
643	93
643	256
643	260
643	291
643	351
643	382
643	437
643	772
643	805
643	885
643	907
643	967
659	238
659	295
659	335
659	351
659	376
659	377
659	467
659	478
659	481
659	506
659	578
659	582
659	724
659	748
659	791
743	31
743	48
743	58
743	260
743	296
743	302
743	366
743	431
743	467
743	478
743	506
743	508
743	531
743	642
743	676
743	732
743	772
743	820
743	955
870	65
870	76
870	116
870	117
870	131
870	157
870	175
870	302
870	335
870	382
870	462
870	642
870	661
870	669
870	748
870	791
870	845
870	875
870	885
870	907
870	930
870	937
870	946
930	23
930	31
930	67
930	176
930	187
930	199
930	238
930	260
930	329
930	335
930	381
930	437
930	463
930	466
930	506
930	512
930	518
930	608
930	718
930	751
930	767
930	791
930	845
955	34
955	93
955	116
955	176
955	187
955	230
955	237
955	242
955	256
955	296
955	303
955	335
955	353
955	376
955	381
955	429
955	437
955	447
955	460
955	463
955	518
955	531
955	592
955	627
955	644
955	660
955	676
955	709
955	715
955	751
955	755
955	805
955	875
955	980
980	76
980	82
980	175
980	176
980	181
980	201
980	212
980	229
980	296
980	342
980	425
980	467
980	586
980	594
980	608
980	660
980	669
980	676
980	724
980	732
980	772
980	890
980	967
16	860
16	960
16	965
646	123
646	860
646	960
646	965
830	123
830	860
830	960
830	965
860	26
860	28
860	123
860	178
860	209
860	262
860	355
860	361
860	459
860	583
860	881
860	900
860	924
860	960
860	965
860	992
860	995
881	123
881	960
881	965
900	123
900	960
900	965
924	123
924	960
924	965
960	26
960	28
960	123
960	178
960	209
960	262
960	355
960	361
960	459
960	583
960	965
960	992
960	995
965	26
965	28
965	123
965	178
965	209
965	262
965	355
965	361
965	459
965	583
965	992
965	995
992	123
995	123
17	258
17	438
17	439
17	525
17	587
17	609
17	758
17	843
17	914
17	987
258	324
258	434
258	505
258	685
258	699
258	749
258	761
258	951
258	996
438	60
438	214
438	666
438	749
438	762
438	849
438	868
438	975
439	278
439	352
439	368
439	587
439	596
439	705
439	972
439	973
439	987
525	33
525	81
525	128
525	215
525	227
525	239
525	352
525	410
525	735
525	868
525	874
525	895
525	972
525	975
525	996
587	79
587	106
587	168
587	215
587	221
587	457
587	505
587	572
587	686
587	735
587	874
587	933
587	996
609	33
609	378
609	428
609	485
609	558
609	666
609	762
609	763
609	849
609	874
609	877
609	914
609	951
609	973
758	60
758	139
758	264
758	284
758	287
758	397
758	505
758	596
758	606
758	614
758	699
758	705
758	763
758	766
758	849
758	868
758	874
758	933
758	951
758	975
758	987
843	128
843	284
843	337
843	408
843	457
843	471
843	493
843	629
843	665
843	735
843	766
843	815
843	887
843	895
843	944
843	987
843	996
914	18
914	71
914	79
914	129
914	278
914	305
914	352
914	441
914	505
914	528
914	546
914	564
914	569
914	617
914	653
914	713
914	763
914	815
914	877
914	972
914	973
987	24
987	71
987	96
987	114
987	221
987	272
987	275
987	287
987	324
987	378
987	397
987	441
987	493
987	523
987	542
987	564
987	569
987	572
987	585
987	645
987	666
987	685
987	705
987	713
987	868
987	877
987	944
987	996
18	287
18	408
18	686
18	762
18	868
18	944
18	972
18	996
287	653
287	762
287	815
287	889
287	951
287	973
408	133
408	227
408	378
408	666
408	815
408	975
408	996
686	24
686	133
686	278
686	358
686	368
686	441
686	528
686	585
686	775
686	815
686	877
686	889
686	951
686	972
686	973
762	19
762	106
762	114
762	168
762	270
762	368
762	410
762	441
762	542
762	761
762	877
762	887
762	972
868	106
868	108
868	133
868	239
868	305
868	485
868	505
868	572
868	596
868	617
868	666
868	699
868	713
868	877
868	973
868	996
933	70
933	81
933	129
933	168
933	214
933	221
933	278
933	324
933	368
933	428
933	485
933	493
933	546
933	569
933	572
933	585
933	666
933	685
933	705
933	763
933	766
933	815
933	889
933	944
933	975
933	996
944	19
944	60
944	70
944	114
944	221
944	272
944	337
944	350
944	441
944	443
944	485
944	546
944	653
944	699
944	713
944	761
944	763
944	815
944	877
944	889
944	951
944	973
972	81
972	96
972	215
972	278
972	378
972	397
972	443
972	542
972	558
972	596
972	614
972	629
972	645
972	653
972	665
972	691
972	699
972	735
972	749
972	763
972	766
972	775
972	849
972	877
972	889
972	895
972	951
972	975
996	33
996	81
996	106
996	221
996	270
996	275
996	278
996	284
996	305
996	350
996	358
996	378
996	389
996	457
996	528
996	596
996	614
996	617
996	629
996	653
996	665
996	666
996	691
996	705
996	735
996	815
996	849
996	889
996	895
996	951
19	270
19	368
19	505
19	569
19	766
19	877
19	887
270	505
270	523
270	666
270	763
368	350
368	546
368	572
368	713
368	775
368	815
368	951
505	33
505	221
505	428
505	528
505	564
505	629
505	653
569	139
569	350
569	572
569	749
569	877
569	895
569	951
569	975
766	70
766	215
766	275
766	378
766	397
766	735
766	761
766	951
766	973
877	96
877	108
877	129
877	264
877	324
877	350
877	373
877	434
877	443
877	528
877	542
877	572
877	606
877	617
877	685
877	699
877	749
877	763
877	887
877	895
887	114
887	133
887	139
887	221
887	324
887	373
887	389
887	558
887	606
887	629
887	665
887	685
887	691
887	705
887	713
887	763
887	775
20	677
20	698
20	710
20	750
677	46
677	110
677	323
677	343
677	344
677	399
677	554
677	695
677	737
677	859
677	904
698	137
698	180
698	285
698	344
698	349
698	356
698	556
698	597
698	607
698	706
698	737
698	750
698	829
698	859
698	904
698	979
710	110
710	144
710	371
710	399
710	549
710	568
710	588
710	589
710	706
710	717
710	731
710	857
750	144
750	293
750	294
750	333
750	424
750	515
750	554
750	588
750	597
750	847
750	859
21	364
21	942
192	339
192	364
192	942
364	140
364	311
364	330
364	942
768	942
806	942
905	942
913	942
916	942
923	942
942	77
942	85
942	140
942	183
942	311
942	330
942	339
942	971
22	472
22	681
22	683
22	703
22	945
472	279
472	446
472	574
472	681
472	684
472	795
472	816
472	945
681	69
681	193
681	446
681	536
681	563
681	579
681	675
681	680
681	812
683	113
683	122
683	163
683	223
683	318
683	354
683	451
683	536
683	579
683	703
683	726
683	834
683	882
683	920
703	170
703	315
703	354
703	536
703	675
703	680
703	726
703	739
703	795
703	816
703	912
703	920
703	945
945	50
945	69
945	80
945	113
945	163
945	170
945	223
945	244
945	279
945	292
945	318
945	357
945	419
945	446
945	451
945	473
945	574
945	635
945	739
945	812
945	834
945	912
23	117
23	260
23	336
23	478
23	644
23	718
23	804
117	205
117	230
117	237
117	336
117	512
117	907
260	65
260	395
260	398
260	426
260	845
260	875
260	885
336	256
336	295
336	348
336	638
336	709
336	748
336	803
336	885
478	229
478	248
478	259
478	395
478	425
478	562
478	582
478	616
478	791
478	803
644	58
644	230
644	231
644	429
644	431
644	456
644	509
644	562
644	586
644	611
644	627
644	724
644	769
644	967
718	115
718	212
718	231
718	316
718	398
718	437
718	462
718	509
718	562
718	582
718	642
718	669
718	709
718	715
718	783
718	890
718	946
804	65
804	131
804	205
804	237
804	242
804	256
804	342
804	351
804	376
804	431
804	518
804	578
804	582
804	627
804	676
804	696
804	748
804	751
804	907
804	967
24	221
24	523
24	614
24	629
24	951
221	129
221	434
221	558
221	815
337	471
337	691
337	735
337	874
337	889
523	305
523	389
523	410
523	493
523	542
523	596
523	653
523	665
523	874
523	951
614	106
614	114
614	441
614	443
614	685
614	691
614	889
614	973
629	60
629	128
629	215
629	378
629	666
629	705
629	749
629	951
951	70
951	129
951	168
951	324
951	358
951	410
951	441
951	542
951	617
951	685
951	749
951	761
951	763
951	815
25	171
25	464
25	554
25	757
25	850
25	856
25	926
171	137
171	503
171	589
171	731
171	737
171	847
171	926
464	45
464	153
464	182
464	257
464	268
464	371
464	424
464	544
464	559
464	856
554	280
554	343
554	344
554	736
554	757
554	847
554	979
757	162
757	222
757	334
757	356
757	607
757	716
757	731
757	736
757	759
757	857
757	859
757	894
850	46
850	86
850	222
850	257
850	333
850	343
850	360
850	533
850	549
850	556
850	557
850	588
850	654
850	657
850	759
850	859
850	926
856	144
856	149
856	158
856	162
856	356
856	390
856	399
856	556
856	559
856	589
856	657
856	731
856	737
856	847
856	857
856	904
856	926
926	45
926	46
926	266
926	293
926	299
926	360
926	399
926	430
926	474
926	533
926	581
926	597
926	695
926	731
926	737
926	829
926	859
926	979
27	824
824	112
824	220
824	250
824	297
824	391
824	504
824	621
824	827
824	931
911	141
911	216
911	220
911	297
911	406
911	455
911	504
918	297
918	455
918	504
918	516
931	297
931	383
931	455
931	504
931	674
29	664
29	822
664	200
664	822
746	200
746	822
764	200
764	822
797	200
797	822
799	200
799	822
822	57
822	151
822	200
822	234
822	271
822	394
822	421
822	465
822	492
822	524
822	575
822	602
822	640
822	886
822	939
822	959
822	998
886	200
939	200
959	200
998	200
30	386
30	537
30	539
30	637
30	851
30	865
30	954
30	963
386	32
386	362
386	442
386	537
386	580
386	719
386	745
386	852
386	861
386	864
386	865
386	954
537	208
537	458
537	532
537	539
537	576
537	580
537	837
537	851
537	852
537	864
537	866
537	896
537	929
537	963
539	32
539	346
539	362
539	404
539	414
539	496
539	535
539	584
539	622
539	785
624	269
624	404
624	497
624	580
624	584
624	622
624	637
624	740
624	745
624	778
624	817
624	831
624	837
624	861
624	884
624	929
624	954
637	42
637	54
637	118
637	249
637	362
637	414
637	458
637	632
637	693
637	740
637	779
637	811
637	864
637	896
637	929
851	66
851	269
851	414
851	442
851	532
851	670
851	701
851	719
851	721
851	729
851	734
851	785
851	817
851	831
851	863
851	864
851	897
851	899
851	954
851	963
865	327
865	347
865	404
865	435
865	458
865	483
865	497
865	535
865	541
865	576
865	670
865	693
865	701
865	719
865	788
865	818
865	884
865	896
865	897
865	899
865	929
865	954
899	130
899	167
899	208
899	327
899	346
899	407
899	427
899	435
899	532
899	535
899	576
899	584
899	632
899	668
899	701
899	721
899	729
899	740
899	818
899	864
899	880
899	884
899	896
899	897
899	929
899	954
954	232
954	347
954	469
954	497
954	519
954	532
954	535
954	580
954	613
954	670
954	778
954	779
954	789
954	811
954	818
954	831
954	837
954	852
954	861
954	863
954	866
954	884
954	897
954	929
954	963
963	54
963	66
963	208
963	232
963	241
963	269
963	327
963	404
963	435
963	458
963	519
963	541
963	580
963	613
963	632
963	668
963	670
963	693
963	701
963	719
963	721
963	734
963	740
963	745
963	861
963	863
31	263
31	426
31	592
31	661
31	967
263	93
263	379
263	381
263	508
263	578
263	582
263	676
263	724
263	755
263	890
263	937
426	238
426	248
426	429
426	509
426	769
426	803
426	875
592	157
592	231
592	379
592	463
592	531
592	562
592	608
592	696
592	767
592	791
592	967
661	67
661	115
661	166
661	291
661	295
661	423
661	437
661	651
661	696
661	767
661	769
661	885
661	890
967	34
967	82
967	91
967	199
967	238
967	256
967	351
967	353
967	377
967	379
967	382
967	423
967	429
967	508
967	531
967	605
967	709
967	732
967	751
967	755
967	803
967	820
967	890
967	937
32	241
32	483
32	721
32	789
32	880
32	896
32	897
32	929
241	327
241	632
241	719
241	721
241	729
241	778
241	779
241	785
241	861
241	884
483	54
483	362
483	469
483	497
483	519
483	580
483	668
483	701
483	778
483	811
483	866
483	896
483	929
721	42
721	167
721	208
721	362
721	435
721	693
721	729
721	745
721	788
721	811
721	818
721	884
721	897
721	929
789	213
789	249
789	347
789	362
789	404
789	407
789	532
789	576
789	632
789	693
789	719
789	729
789	734
789	837
789	863
789	864
789	896
789	897
789	929
880	42
880	269
880	346
880	362
880	385
880	532
880	541
880	622
880	632
880	693
880	729
880	740
880	778
880	785
880	788
880	811
880	818
880	861
880	864
880	866
880	884
880	896
896	130
896	249
896	327
896	385
896	414
896	427
896	496
896	576
896	584
896	670
896	701
896	740
896	745
896	778
896	785
896	788
896	831
896	837
896	852
897	167
897	347
897	427
897	442
897	458
897	469
897	496
897	580
897	584
897	622
897	670
897	719
897	734
897	740
897	745
897	778
897	779
897	811
897	818
897	837
897	864
897	866
897	929
929	42
929	118
929	130
929	213
929	346
929	347
929	385
929	435
929	519
929	576
929	584
929	632
929	778
929	831
929	837
929	861
929	863
33	215
33	493
33	691
33	849
215	284
215	350
215	358
215	443
215	653
493	168
493	358
493	397
493	665
493	761
493	775
493	874
493	895
493	973
493	975
691	139
691	239
691	485
691	558
691	564
691	572
691	585
691	606
691	645
691	699
691	713
691	849
691	874
849	128
849	278
849	305
849	350
849	397
849	471
849	542
849	585
849	749
849	763
849	889
34	291
34	382
34	582
34	696
291	316
291	398
291	820
291	845
291	937
291	946
382	176
382	242
382	329
382	463
382	751
382	820
382	885
382	907
582	201
582	366
582	447
582	518
582	594
582	608
582	627
582	769
582	890
696	82
696	176
696	353
696	463
696	509
696	594
696	638
696	660
696	724
696	732
696	772
696	845
696	890
35	372
35	540
35	545
35	550
35	570
35	626
372	159
372	172
372	283
372	415
372	540
372	545
372	550
372	570
540	159
540	172
540	283
540	415
540	550
545	159
545	172
545	283
545	415
545	550
550	159
550	172
550	283
550	415
550	570
550	626
550	950
550	952
550	991
550	999
570	159
570	172
570	283
570	415
626	159
626	172
626	283
626	415
36	808
36	903
36	922
36	941
36	947
36	982
808	44
808	51
808	55
808	547
808	697
808	723
808	733
808	752
808	823
808	842
808	901
808	983
808	990
823	88
823	126
823	197
823	317
823	319
823	322
823	340
823	418
823	487
823	547
823	647
823	752
823	903
823	922
823	941
823	947
823	982
901	55
901	83
901	88
901	98
901	126
901	161
901	197
901	317
901	319
901	322
901	325
901	340
901	418
901	487
901	547
901	647
901	752
901	903
901	922
901	941
901	947
901	982
903	44
903	51
903	55
903	88
903	98
903	102
903	189
903	547
903	697
903	723
903	733
903	752
903	842
903	983
903	990
922	44
922	51
922	55
922	88
922	98
922	102
922	189
922	547
922	697
922	723
922	733
922	752
922	842
922	983
922	990
941	44
941	51
941	55
941	88
941	98
941	102
941	189
941	547
941	697
941	723
941	733
941	752
941	842
941	983
941	990
947	44
947	51
947	55
947	88
947	98
947	102
947	189
947	547
947	697
947	723
947	733
947	752
947	842
947	983
947	990
982	44
982	51
982	55
982	88
982	98
982	102
982	189
982	547
982	697
982	723
982	733
982	752
982	842
982	983
982	990
983	55
983	83
983	88
983	98
983	126
983	161
983	197
983	317
983	319
983	322
983	325
983	340
983	418
983	487
983	547
983	647
983	752
990	55
990	83
990	88
990	98
990	126
990	161
990	197
990	317
990	319
990	322
990	325
990	340
990	418
990	487
990	547
990	647
990	752
37	370
37	375
105	370
105	375
288	370
288	375
370	375
370	400
370	450
370	708
375	400
375	450
375	708
621	328
621	391
621	396
621	599
621	674
800	59
800	112
800	391
800	455
800	504
800	599
39	261
39	393
39	517
39	917
39	966
261	154
261	207
261	276
261	281
261	566
261	689
261	809
261	917
276	154
276	393
276	517
276	917
276	966
281	154
281	393
281	517
281	917
281	966
393	154
393	207
393	566
393	689
393	809
393	917
517	154
517	207
517	566
517	689
517	809
517	917
566	154
566	917
566	966
689	154
689	917
689	966
809	154
809	792
809	917
809	966
917	154
917	207
917	966
966	154
966	207
40	119
40	124
40	577
40	598
40	730
119	527
119	577
119	628
119	814
124	150
124	595
124	598
124	802
124	814
577	107
577	125
577	218
577	416
577	433
577	480
577	486
577	663
577	679
598	165
598	217
598	236
598	433
598	480
598	571
598	595
598	663
598	679
628	97
628	146
628	165
628	173
628	236
628	246
628	571
628	679
628	730
628	802
730	146
730	571
730	663
838	150
838	217
838	246
838	265
838	480
41	590
41	702
41	780
41	936
590	84
590	417
590	543
590	702
590	780
590	936
690	417
690	543
690	702
690	780
690	936
702	56
702	84
702	101
702	188
702	224
702	225
702	226
702	290
702	417
702	511
702	543
702	610
702	780
702	798
702	936
702	949
702	958
702	977
702	984
780	56
780	84
780	101
780	136
780	188
780	224
780	225
780	226
780	290
780	417
780	511
780	610
780	798
780	936
780	949
780	958
780	977
780	984
798	417
798	543
798	936
936	56
936	84
936	101
936	136
936	188
936	224
936	225
936	226
936	290
936	417
936	511
936	543
936	610
936	949
936	958
936	977
936	984
949	417
949	543
958	417
958	543
977	417
977	543
984	417
984	543
42	442
42	734
42	861
42	864
442	347
442	532
442	613
442	622
442	693
442	740
442	788
442	863
734	347
734	404
734	541
734	576
734	584
734	613
734	622
734	632
734	719
734	740
734	785
734	788
734	837
734	852
734	861
734	866
734	884
818	208
818	269
818	404
818	414
818	435
818	497
818	535
818	541
818	576
818	580
818	584
818	622
818	745
818	785
818	788
818	831
818	852
818	861
818	864
861	118
861	347
861	385
861	407
861	427
861	469
861	541
861	613
861	622
861	701
861	719
861	817
861	837
861	864
861	884
864	54
864	66
864	385
864	576
864	580
864	622
864	701
864	779
864	785
864	811
864	817
864	831
864	837
864	863
43	190
43	247
190	61
190	380
247	61
247	380
45	360
45	589
45	847
45	894
360	149
360	390
360	399
360	533
360	857
589	121
589	280
589	323
589	343
589	503
589	654
589	706
589	829
589	904
847	52
847	180
847	252
847	254
847	390
847	503
847	507
847	559
847	717
847	826
847	859
894	52
894	137
894	144
894	162
894	180
894	252
894	332
894	343
894	344
894	365
894	559
894	607
894	657
894	826
894	829
46	369
46	859
46	979
369	323
369	717
369	737
369	759
369	819
369	857
369	979
859	110
859	149
859	153
859	182
859	266
859	293
859	371
859	533
859	556
859	557
859	657
859	695
859	736
979	86
979	110
979	153
979	158
979	180
979	254
979	257
979	293
979	294
979	332
979	333
979	334
979	343
979	424
979	474
979	476
979	736
979	857
47	440
47	522
47	754
47	833
440	240
440	499
440	510
522	68
522	436
522	514
522	620
522	639
754	203
754	475
754	498
754	514
754	620
754	639
833	374
833	475
833	499
833	620
48	302
48	366
48	506
48	605
48	875
48	937
302	212
302	379
302	481
302	506
302	586
302	627
302	755
366	423
366	518
366	724
366	748
366	885
366	890
366	937
506	202
506	321
506	447
506	586
506	642
506	669
506	875
605	94
605	116
605	230
605	462
605	508
605	611
605	755
605	805
605	820
605	885
605	907
875	157
875	181
875	295
875	303
875	353
875	425
875	429
875	500
875	562
875	578
875	586
875	594
875	627
875	642
875	669
875	769
875	820
875	946
907	166
907	212
907	242
907	296
907	321
907	423
907	508
907	512
907	578
907	594
907	611
907	642
907	767
907	783
907	803
907	885
937	58
937	131
937	202
937	256
937	295
937	304
937	329
937	342
937	353
937	379
937	462
937	481
937	594
937	608
937	642
937	660
937	669
937	724
937	791
937	803
937	845
937	890
49	420
49	453
49	777
49	848
49	855
420	219
420	273
420	286
420	387
420	402
420	453
420	848
453	219
453	273
453	286
453	387
453	402
453	848
777	273
777	848
848	219
848	273
848	286
848	387
848	402
848	855
848	962
848	988
848	989
848	997
848	1000
1000	53
50	80
50	315
50	548
50	551
50	722
50	882
50	920
80	127
80	526
80	574
80	816
80	834
315	675
315	727
315	816
315	912
315	920
548	244
548	255
548	357
548	536
548	563
548	795
548	812
548	834
548	882
548	912
551	160
551	244
551	318
551	563
551	739
551	834
551	882
551	912
551	920
722	127
722	163
722	244
722	445
722	446
722	574
722	635
722	680
722	726
722	727
722	739
722	882
722	920
882	170
882	244
882	367
882	446
882	451
882	473
882	526
882	579
882	795
882	812
882	816
882	920
920	122
920	160
920	170
920	251
920	326
920	357
920	419
920	432
920	445
920	451
920	454
920	526
920	658
920	678
920	684
920	726
920	812
920	816
920	834
723	55
723	161
723	197
723	322
723	487
723	547
723	647
723	752
52	424
52	826
424	180
424	334
424	568
424	588
424	716
717	110
717	153
717	285
717	333
717	476
717	559
717	716
717	826
737	158
737	254
737	285
737	334
737	503
737	559
737	597
737	731
737	759
737	857
826	149
826	299
826	323
826	333
826	476
826	507
826	515
826	568
826	581
826	588
826	657
826	731
826	819
53	184
53	320
53	345
53	567
184	320
184	345
320	345
320	567
345	567
54	213
54	497
54	811
54	817
54	831
54	863
213	532
213	745
213	831
213	837
213	866
497	249
497	414
497	668
497	740
497	788
497	811
497	852
811	232
811	519
811	613
811	668
811	745
811	778
811	779
811	785
811	852
811	866
811	884
817	66
817	118
817	232
817	249
817	269
817	407
817	496
817	541
817	670
817	701
817	719
817	729
817	745
817	779
817	785
817	837
831	66
831	167
831	347
831	362
831	414
831	427
831	458
831	496
831	580
831	670
831	701
831	745
831	779
831	785
831	837
831	866
863	130
863	167
863	346
863	362
863	404
863	407
863	435
863	541
863	576
863	613
863	670
863	719
863	729
863	778
863	785
863	852
863	884
56	543
543	136
543	224
543	290
543	417
543	511
543	610
58	176
58	296
58	669
58	676
58	715
58	803
176	157
176	431
176	512
176	616
296	353
296	398
296	946
669	157
669	212
669	304
669	379
669	395
669	481
669	724
669	732
669	751
669	772
669	805
676	94
676	259
676	304
676	437
676	518
676	562
676	586
676	751
676	805
676	820
715	76
715	342
715	379
715	425
715	429
715	466
715	509
715	512
715	531
715	616
715	638
715	651
715	748
715	755
715	946
803	142
803	329
803	425
803	431
803	447
803	509
803	611
803	772
803	805
803	885
803	890
59	383
59	391
383	141
383	599
391	529
560	103
560	328
560	490
560	674
60	735
735	272
735	358
735	397
735	441
735	546
735	705
735	749
735	895
874	129
874	214
874	264
874	272
874	284
874	352
874	373
874	443
874	457
874	572
874	596
874	665
874	666
874	705
874	749
874	815
62	680
62	739
62	795
62	812
62	816
680	251
680	326
680	445
680	473
680	658
680	739
727	113
727	122
727	170
727	279
727	326
727	473
727	563
727	675
727	739
727	816
727	912
739	193
739	223
739	432
739	635
739	658
739	675
739	678
739	684
739	812
795	113
795	160
795	193
795	223
795	255
795	419
795	473
795	536
795	684
795	834
795	912
812	113
812	163
812	244
812	292
812	318
812	357
812	446
812	454
812	526
812	574
812	658
812	726
812	834
816	113
816	193
816	446
816	454
816	473
816	658
816	678
816	684
816	726
816	912
912	69
912	193
912	223
912	251
912	292
912	367
912	445
912	446
912	454
912	635
912	658
912	675
912	726
912	834
64	910
92	910
109	910
164	910
401	910
634	910
65	316
65	732
65	772
65	820
65	890
316	93
316	377
316	381
316	463
316	732
316	767
651	166
651	304
651	335
651	353
651	398
651	481
651	500
651	755
651	783
651	845
651	885
651	890
651	946
732	82
732	93
732	342
732	431
732	512
732	518
732	627
732	709
732	751
732	767
732	845
732	885
732	946
772	93
772	187
772	295
772	335
772	460
772	512
772	642
772	724
772	751
772	755
772	820
772	845
820	205
820	376
820	395
820	423
820	460
820	466
820	586
820	611
890	67
890	131
890	181
890	199
890	205
890	230
890	304
890	377
890	431
890	447
890	456
890	466
890	531
890	562
890	578
890	627
890	638
890	751
890	755
890	946
946	67
946	82
946	115
946	157
946	231
946	256
946	259
946	351
946	381
946	460
946	466
946	508
946	509
946	512
946	611
946	627
946	638
946	709
946	724
946	769
66	208
66	745
66	884
208	541
208	576
208	719
745	346
745	407
745	469
745	670
745	701
745	729
745	778
745	884
779	118
779	269
779	407
779	414
779	427
779	469
779	535
779	584
779	740
779	788
779	852
884	249
884	327
884	362
884	407
884	435
884	519
884	541
884	613
884	632
884	670
884	740
884	778
884	837
884	852
67	116
67	500
67	767
67	783
116	395
116	638
116	767
500	82
500	199
500	237
500	321
500	425
500	431
500	460
500	791
500	805
767	93
767	181
767	230
767	466
767	481
767	531
767	660
767	709
767	724
767	769
767	791
783	94
783	142
783	157
783	187
783	199
783	229
783	237
783	329
783	338
783	395
783	467
783	594
783	611
783	660
783	724
783	748
68	700
700	90
700	475
700	499
700	620
69	675
675	163
675	223
675	445
675	574
675	635
675	678
675	726
70	278
70	528
70	546
70	713
278	699
278	895
528	410
528	428
528	685
528	699
528	889
546	71
546	264
546	352
546	358
546	645
546	749
546	775
546	973
713	71
713	133
713	227
713	572
713	596
713	653
713	763
713	973
713	975
71	264
71	397
71	542
71	685
71	889
264	443
264	749
264	761
397	133
397	358
397	373
397	558
542	79
542	108
542	168
542	305
542	572
542	895
685	350
685	358
685	645
685	665
685	775
685	815
685	889
685	895
761	81
761	128
761	129
761	227
761	352
761	666
761	705
761	895
761	973
761	975
889	227
889	324
889	373
889	434
889	441
889	471
889	558
889	564
889	705
889	763
73	495
495	403
495	409
495	444
495	593
495	630
495	662
495	756
495	828
495	840
495	888
495	985
495	994
593	403
593	444
630	403
630	444
662	403
662	444
756	403
756	444
828	403
828	444
840	403
840	444
888	403
888	444
985	403
985	444
994	403
994	444
74	968
655	267
655	968
687	267
687	968
712	267
712	968
714	267
714	968
738	267
738	968
760	267
760	968
801	267
801	968
825	267
825	968
968	132
968	138
968	145
968	148
968	186
968	267
968	308
968	313
968	413
968	422
968	484
968	623
75	147
75	198
75	310
75	573
147	198
147	573
198	310
198	501
198	573
198	728
198	839
310	573
501	573
573	728
573	839
76	201
76	304
76	429
76	460
76	508
76	642
76	751
201	115
201	199
201	202
201	256
201	303
201	321
201	509
304	231
304	456
304	463
304	481
304	805
304	885
429	303
429	381
429	437
429	791
460	205
460	338
460	518
460	709
460	748
508	423
508	456
508	467
508	755
642	131
642	303
642	329
642	467
642	562
642	611
642	627
751	166
751	242
751	342
751	348
751	379
751	425
751	462
751	578
751	724
77	311
311	85
311	183
339	183
78	90
78	498
78	510
90	604
498	306
498	514
498	620
510	306
510	620
79	305
79	558
79	815
305	272
305	485
305	585
305	617
558	239
558	457
558	596
558	606
815	96
815	128
815	129
815	272
815	350
815	389
815	443
815	572
815	585
815	617
815	666
815	973
127	122
127	446
127	678
127	726
526	160
526	251
526	357
526	454
526	684
526	726
574	255
574	354
574	367
574	432
574	678
574	684
834	113
834	122
834	244
834	255
834	432
834	445
834	451
834	454
834	473
81	428
81	606
428	227
428	457
428	485
428	585
428	606
428	895
606	96
606	378
606	410
606	434
606	572
705	108
705	373
705	485
705	564
705	975
82	202
82	462
202	377
202	466
202	608
202	748
202	769
462	518
462	531
462	845
462	885
83	733
83	752
733	161
733	317
733	319
733	325
733	340
733	418
733	487
733	547
733	647
733	752
752	317
752	319
752	322
752	325
752	340
752	418
752	487
752	547
752	647
752	697
752	842
85	140
140	330
86	390
86	549
86	731
86	759
86	829
390	356
390	399
390	476
390	534
390	588
390	607
549	158
549	293
549	365
549	399
549	503
549	507
549	515
549	557
549	759
549	904
654	144
654	299
654	344
654	365
654	534
654	544
654	557
654	588
654	657
654	819
654	829
731	222
731	293
731	323
731	399
731	716
759	254
759	344
759	365
759	507
759	533
759	544
759	556
759	588
759	657
759	736
829	137
829	222
829	332
829	343
829	349
829	371
829	430
829	534
829	544
829	559
829	904
87	978
502	978
530	978
853	978
928	978
938	978
88	842
842	98
842	126
842	161
842	197
842	317
842	319
842	322
842	325
842	340
842	418
842	487
842	547
842	647
89	104
89	155
89	538
89	603
89	612
89	641
89	650
89	742
104	155
104	538
104	603
104	612
104	641
104	650
104	742
155	538
155	603
155	650
538	544
538	603
538	612
538	641
538	650
538	742
603	612
603	641
603	650
603	742
612	650
641	650
650	742
604	195
604	203
604	499
91	175
91	229
91	456
91	791
175	181
175	248
175	348
175	351
175	805
229	377
229	398
229	467
229	586
229	845
456	447
456	481
456	885
791	94
791	423
791	437
791	509
791	578
791	616
791	660
791	755
93	885
885	205
885	237
885	425
885	437
885	509
885	594
885	608
885	616
885	748
94	237
94	329
94	351
94	466
94	608
94	755
237	115
237	748
237	755
329	425
329	447
329	586
329	608
329	638
351	212
351	627
351	769
466	463
466	594
466	805
608	321
608	381
608	423
608	463
608	845
755	242
755	342
755	447
755	611
755	660
95	565
95	836
95	957
555	565
555	836
555	957
565	836
565	902
565	957
836	902
836	957
902	957
96	895
96	975
895	139
895	168
895	275
895	284
895	457
895	485
895	564
895	763
975	106
975	114
975	139
975	214
975	275
975	434
975	441
975	443
975	471
975	564
975	572
975	665
975	666
975	699
975	973
97	185
97	218
97	486
97	814
185	245
185	416
185	433
185	480
185	595
185	663
185	814
218	165
218	245
218	527
218	771
486	146
486	527
486	663
486	679
486	814
814	125
814	236
814	802
98	697
697	325
697	340
697	418
697	487
697	547
697	647
100	243
100	449
100	482
100	552
100	784
243	482
243	784
449	552
449	784
482	784
552	784
765	784
784	792
784	844
101	511
511	136
511	226
490	328
490	674
490	827
827	112
827	141
827	455
827	504
827	707
106	275
275	133
275	272
275	665
275	775
107	173
107	416
107	527
107	571
107	671
107	679
107	802
173	217
173	527
173	679
173	771
173	802
416	245
416	246
416	595
416	663
416	802
527	165
527	217
527	480
527	595
571	236
571	331
571	480
571	595
571	771
671	265
671	331
671	433
671	470
671	595
671	663
671	802
679	331
679	480
679	663
679	771
802	125
802	150
802	217
802	246
802	433
802	470
802	480
108	373
108	653
108	699
108	973
373	139
373	434
373	441
373	617
373	763
653	284
653	441
653	485
653	665
699	284
699	410
699	471
699	572
699	665
973	352
973	378
973	434
973	441
973	564
973	585
973	665
110	293
110	515
110	695
110	736
293	559
515	149
515	349
515	430
515	474
515	503
695	121
695	222
695	280
695	323
695	568
695	581
695	607
695	706
695	716
736	257
736	503
736	533
736	559
736	581
736	657
736	716
736	819
663	217
663	265
663	433
663	480
112	516
516	250
516	504
516	707
113	122
113	244
113	318
113	635
122	726
244	473
318	251
318	563
318	658
635	279
635	292
635	367
635	563
114	389
114	617
114	666
389	284
389	358
389	596
389	665
617	227
617	410
617	457
617	763
617	775
666	128
666	471
666	645
666	763
115	166
115	342
115	594
115	805
115	845
166	199
166	248
166	295
166	616
342	259
342	295
342	376
342	512
342	627
594	259
594	425
594	431
594	709
594	748
805	248
805	259
805	321
805	348
805	395
805	467
805	638
805	660
845	205
845	238
845	376
845	431
845	531
845	562
845	616
845	660
845	709
395	131
395	248
395	437
395	512
638	187
638	321
638	338
638	377
638	381
638	463
638	627
638	769
205	447
205	481
230	398
230	578
230	586
230	660
512	248
512	338
512	709
118	167
118	232
118	580
118	740
118	866
167	427
167	469
167	532
167	693
167	740
232	130
232	414
232	435
232	541
232	613
232	729
232	866
580	404
580	427
580	496
580	668
580	785
740	249
740	269
740	668
740	701
740	729
740	788
740	852
866	327
866	385
866	407
866	414
866	469
866	496
866	519
866	532
866	535
866	668
866	729
866	785
866	788
866	837
121	503
121	706
121	857
503	371
503	557
503	607
503	716
556	294
556	356
556	476
556	581
556	607
706	299
706	332
706	544
706	819
706	857
857	222
857	257
857	332
857	334
857	365
857	430
857	534
857	588
857	597
726	163
726	454
123	583
150	595
150	771
595	245
595	433
595	470
595	480
125	165
125	245
125	433
125	470
165	245
245	480
433	217
433	236
433	265
470	246
446	354
678	279
678	419
678	451
678	579
678	684
128	129
128	596
596	239
596	324
596	358
596	749
596	763
130	584
130	613
130	701
130	778
130	852
584	427
584	469
584	541
584	719
584	729
584	837
613	385
613	541
613	622
613	632
613	778
613	837
701	385
701	535
701	729
701	837
778	327
778	458
778	469
778	622
778	670
778	693
852	362
852	385
852	407
852	458
852	532
852	632
852	668
852	670
852	693
852	729
131	187
131	256
131	447
187	256
187	321
187	578
447	321
447	377
447	709
447	724
132	422
422	148
422	267
623	267
133	378
133	564
378	434
378	763
564	214
564	585
136	417
417	188
417	225
417	610
137	158
137	280
137	365
158	285
158	476
158	819
162	557
162	657
162	904
280	182
280	334
280	476
365	268
365	819
474	257
474	294
474	344
474	507
474	716
474	819
138	413
330	183
141	297
141	406
297	406
297	455
297	674
406	504
406	529
142	212
142	376
142	398
142	518
142	660
212	481
212	616
376	348
376	437
376	709
376	748
398	181
518	431
660	379
660	381
660	425
660	562
660	724
724	303
724	509
748	238
748	348
748	379
748	481
748	562
143	179
143	206
143	289
143	309
143	314
143	477
143	479
143	619
143	773
143	883
179	206
179	289
179	309
179	314
179	477
179	479
179	619
179	773
179	883
206	289
206	314
206	477
206	479
206	619
206	883
289	309
289	314
289	477
289	479
289	619
289	773
289	883
309	314
309	477
309	479
309	619
309	883
314	477
314	479
314	619
314	773
314	883
477	619
477	773
477	883
479	619
479	773
479	883
619	773
619	883
773	883
144	507
507	153
507	349
507	399
507	430
507	533
507	597
507	607
588	268
588	399
588	568
588	597
145	313
313	308
146	771
771	331
149	349
149	904
349	182
349	534
568	252
568	332
568	333
568	657
568	904
904	182
904	252
904	285
904	294
904	356
904	533
904	544
904	657
151	575
602	234
602	271
154	207
156	220
156	674
156	707
220	250
220	529
674	250
674	307
674	599
707	396
707	455
707	529
707	599
157	381
381	199
381	238
285	332
285	559
476	607
476	716
819	252
819	268
819	299
819	581
159	415
415	172
415	283
160	279
160	684
279	658
279	684
684	223
684	251
684	419
684	473
684	536
684	563
557	333
557	430
557	581
557	607
557	716
657	180
657	559
657	581
163	223
199	509
248	463
248	769
295	348
295	586
295	611
427	519
427	788
469	519
469	576
469	693
532	693
532	719
532	729
532	788
693	327
693	632
693	668
693	670
693	729
693	788
168	665
168	775
665	585
775	227
775	272
775	324
775	443
775	485
775	749
775	763
170	536
536	357
536	367
222	257
222	266
222	716
419	658
579	292
579	432
181	467
348	303
348	338
348	562
431	562
177	388
177	682
177	932
204	388
204	682
204	932
228	388
228	682
228	932
388	615
388	667
388	682
388	720
388	744
388	793
388	932
615	682
615	932
667	682
667	932
682	720
682	744
682	793
682	932
720	932
744	932
793	932
180	534
534	254
534	356
534	371
534	544
534	607
467	379
467	481
467	769
182	266
182	716
266	371
581	268
581	343
716	252
716	430
716	597
480	236
480	265
484	267
321	586
578	303
578	335
578	338
394	524
563	292
563	357
563	454
563	658
195	620
620	374
620	639
509	259
200	640
377	231
377	481
377	531
377	627
769	231
769	611
769	627
203	639
639	306
639	475
639	499
541	362
541	496
541	535
541	788
576	327
576	362
576	670
576	719
719	347
719	404
719	458
719	622
719	785
837	327
837	346
837	385
837	407
837	496
837	632
214	239
239	645
350	585
443	471
443	749
216	504
216	529
504	396
504	455
529	599
219	387
219	402
387	273
387	286
387	402
402	273
402	286
250	599
434	410
434	457
434	749
257	430
227	763
763	272
763	485
763	585
763	749
586	231
586	238
231	242
231	353
231	379
242	437
242	611
353	709
379	531
414	362
414	788
435	458
435	622
435	785
729	385
729	519
729	535
396	455
238	335
335	709
645	410
645	485
240	475
240	514
475	436
475	561
514	499
514	561
327	632
327	785
632	269
632	346
632	519
632	788
785	346
785	347
785	496
785	519
785	668
785	670
785	788
611	709
246	331
463	627
249	622
249	788
622	347
622	385
622	404
622	668
788	269
788	496
788	668
251	292
251	367
251	454
251	658
367	445
454	432
658	255
658	357
254	344
254	607
255	326
255	445
326	357
326	432
430	323
430	399
749	441
259	338
259	423
338	423
338	627
423	627
371	323
268	333
268	334
333	299
332	323
559	356
627	531
485	410
323	356
323	597
597	544
544	343
346	385
346	535
385	496
535	404
535	407
535	670
354	451
374	499
499	436
403	409
403	444
409	444
404	519
519	458
519	668
647	547
421	492
492	465
668	670
#End Newborn Edges

*Degree Changed Nodes
942	41	17
2	10	9
388	14	10
520	17	9
636	20	9
673	20	9
765	20	8
776	20	9
792	20	9
844	20	8
925	20	9
3	9	7
64	8	6
92	8	6
109	8	6
164	8	6
401	8	6
452	8	7
634	8	6
790	8	7
957	43	5
6	8	7
72	8	7
93	8	10
258	8	12
312	8	7
314	8	10
553	8	7
652	8	7
932	8	10
275	10	12
297	10	13
441	10	15
444	10	12
485	10	16
573	10	7
713	10	23
815	10	28
877	10	33
890	10	34
134	11	7
656	18	15
692	18	15
702	18	22
725	18	15
752	18	24
871	32	33
883	32	10
964	32	34
969	32	34
976	32	34
14	3	4
191	3	5
274	3	4
672	3	4
601	19	9
768	22	17
806	22	17
905	22	17
913	22	17
916	22	18
923	22	17
971	22	17
361	14	13
583	16	17
646	16	20
830	16	20
881	16	20
900	16	20
924	16	20
992	16	20
995	16	20
547	17	16
972	27	45
993	27	49
996	27	50
968	44	21
459	15	14
746	24	23
764	24	23
797	24	23
799	24	23
848	24	15
886	24	23
939	24	23
948	24	7
959	24	23
998	24	23
345	13	4
950	31	14
952	31	14
962	31	15
978	31	6
988	31	15
989	31	15
991	31	14
997	31	15
999	31	14
1000	31	16
697	16	22
723	16	23
733	16	24
780	16	23
823	16	28
842	16	30
901	16	35
960	16	20
983	16	35
990	16	35
88	7	10
143	7	10
39	7	10
207	7	11
276	7	12
281	7	12
566	7	12
689	7	12
809	7	13
763	22	25
798	22	23
822	22	23
836	22	5
917	22	12
949	22	23
958	22	23
977	22	23
984	22	23
179	11	10
153	10	11
47	5	10
55	5	10
525	5	17
53	9	5
57	10	9
477	16	10
550	17	14
63	10	9
565	18	5
593	16	13
630	16	13
662	16	13
756	16	13
828	16	13
840	16	13
888	16	13
985	16	13
986	16	48
994	16	13
892	21	34
75	10	7
403	13	12
501	13	7
502	13	6
530	13	6
728	13	7
839	13	7
853	13	6
910	13	6
928	13	6
938	13	6
841	30	15
808	18	27
903	18	35
922	18	35
941	18	35
947	18	35
982	18	35
85	9	10
87	10	6
89	10	8
650	21	8
99	10	7
100	9	8
619	19	10
104	10	8
784	26	8
807	27	7
129	5	11
261	5	12
393	5	12
517	5	12
909	5	8
966	5	12
131	11	10
384	14	7
610	18	19
461	15	7
147	11	7
310	11	7
154	10	11
603	10	8
667	11	10
965	10	20
155	4	8
612	4	8
641	4	8
742	4	8
974	4	34
855	29	15
385	4	14
495	4	13
567	5	4
936	4	23
543	11	17
210	11	4
196	11	9
552	17	8
198	11	7
206	4	10
257	4	12
267	4	12
309	4	10
773	4	10
208	11	10
479	16	10
777	26	15
320	13	4
590	16	19
243	12	8
449	15	8
538	14	9
283	13	11
286	13	12
289	13	10
370	13	7
409	13	12
511	13	16
682	22	10
626	20	14
375	14	7
482	16	8
488	16	9
545	17	14
570	18	14
492	15	16
540	17	14
