*Disappearing Nodes
#End Disappearing Nodes

*Newborn Nodes
#End Newborn Nodes

*Disappearing Edges
1	230
1	376
1	741
1	751
1	755
1	767
1	791
1	803
1	943
230	150
230	217
230	494
230	718
230	727
230	741
230	767
230	921
230	942
376	40
376	208
376	245
376	416
376	718
376	747
376	784
376	796
376	802
376	885
376	942
376	957
741	75
741	107
741	411
741	448
741	571
741	595
741	598
741	659
741	783
741	814
741	838
741	845
751	23
751	67
751	150
751	256
751	377
751	527
751	577
751	650
751	652
751	725
751	727
751	747
751	784
751	802
751	807
751	814
751	875
751	943
751	957
755	40
755	115
755	146
755	165
755	173
755	258
755	433
755	448
755	577
755	644
755	659
755	688
755	727
755	730
755	784
755	875
755	921
767	67
767	416
767	486
767	508
767	577
767	638
767	642
767	652
767	679
767	838
767	869
767	875
767	943
791	23
791	111
791	115
791	146
791	150
791	165
791	208
791	218
791	351
791	431
791	460
791	577
791	595
791	652
791	679
791	807
791	875
791	885
791	942
803	115
803	164
803	246
803	377
803	411
803	431
803	433
803	448
803	486
803	577
803	582
803	643
803	679
803	727
803	747
803	845
803	885
803	921
803	957
885	40
885	107
885	111
885	115
885	157
885	218
885	256
885	353
885	377
885	416
885	582
885	642
885	661
885	663
885	727
885	747
885	763
885	796
885	869
885	875
943	124
943	165
943	185
943	187
943	202
943	245
943	256
943	265
943	416
943	431
943	463
943	595
943	628
943	642
943	643
943	725
943	727
943	743
943	747
943	814
943	957
2	501
2	590
2	610
2	690
2	798
2	917
2	949
2	958
2	977
2	984
501	101
501	136
501	188
501	225
590	3
590	101
590	136
590	188
610	3
610	101
690	3
798	3
917	3
949	3
958	3
977	3
984	3
3	511
511	136
511	188
511	225
4	157
4	335
4	377
4	431
4	659
4	730
4	814
4	838
4	875
157	91
157	448
157	455
157	644
157	652
157	718
157	725
157	869
157	921
335	99
335	208
335	571
335	628
335	688
335	725
335	783
335	784
335	869
335	875
377	302
377	411
377	643
377	644
377	659
377	688
377	718
377	783
377	807
377	921
431	67
431	111
431	146
431	258
431	433
431	598
431	620
431	638
431	659
431	869
659	217
659	221
659	455
659	508
659	577
659	620
659	642
659	652
659	688
659	718
659	743
659	807
659	957
730	67
730	75
730	116
730	119
730	173
730	217
730	256
730	411
730	494
730	527
730	628
730	642
730	652
730	661
730	718
730	869
730	875
730	921
814	99
814	107
814	111
814	124
814	185
814	202
814	218
814	231
814	246
814	331
814	508
814	598
814	642
814	796
814	838
814	845
814	957
838	23
838	107
838	115
838	116
838	150
838	202
838	246
838	351
838	486
838	527
838	571
838	620
838	638
838	650
838	652
838	663
838	747
838	763
845	119
845	202
845	256
845	258
845	302
845	411
845	638
845	642
845	661
845	663
845	679
845	725
845	747
845	771
845	796
845	921
845	942
875	107
875	115
875	119
875	146
875	150
875	246
875	331
875	433
875	486
875	620
875	628
875	652
875	747
875	771
875	796
875	807
5	490
5	711
5	902
490	417
490	491
490	516
490	529
490	641
490	827
490	902
711	235
711	328
711	391
711	417
711	443
711	902
711	911
898	103
898	220
898	250
898	267
898	328
898	491
898	599
898	800
898	824
898	902
902	27
902	38
902	58
902	63
902	103
902	141
902	156
902	216
902	235
902	250
902	313
902	328
902	383
902	391
902	417
902	443
902	516
902	521
902	529
902	599
902	641
902	707
902	800
902	824
902	872
902	911
902	918
902	919
902	931
902	940
902	975
911	58
911	267
911	313
911	516
911	521
918	63
918	216
918	267
918	307
918	707
918	872
918	931
919	63
919	267
919	328
919	443
919	674
931	491
931	516
931	529
940	103
940	267
940	313
940	417
940	800
975	267
6	14
6	64
6	330
6	422
6	517
6	546
14	72
14	312
14	314
14	553
48	43
48	226
48	330
48	422
48	517
48	546
64	60
64	72
64	312
64	553
312	43
312	60
312	226
312	330
312	422
312	517
312	546
314	43
314	60
314	226
314	330
314	422
314	517
314	546
330	43
330	60
330	553
422	43
422	60
422	72
422	553
517	43
517	60
517	72
517	553
546	43
546	60
546	72
546	553
553	43
553	60
553	226
7	820
7	823
713	358
713	689
713	752
713	820
713	823
793	109
793	358
793	689
793	752
793	820
793	823
815	109
815	358
815	689
815	752
815	820
815	823
820	109
820	154
820	228
820	297
820	358
820	441
820	485
820	573
820	603
820	615
820	689
820	692
820	720
820	744
820	752
820	823
820	852
820	867
820	877
820	890
820	965
823	109
823	154
823	228
823	297
823	358
823	441
823	485
823	573
823	603
823	615
823	689
823	692
823	720
823	744
823	752
823	852
823	867
823	877
823	890
823	965
852	109
852	358
852	689
852	752
867	109
867	358
867	689
867	752
877	109
877	358
877	689
877	752
890	109
890	358
890	689
890	752
965	109
965	358
965	689
965	752
8	42
8	672
8	789
8	811
8	837
8	884
8	893
8	906
8	954
8	956
42	251
42	432
42	739
42	834
42	876
42	884
42	893
42	912
672	255
672	370
672	404
672	406
672	483
672	519
672	541
672	613
672	648
672	703
672	722
672	817
672	851
672	899
672	903
672	912
672	970
789	9
789	255
789	327
789	346
789	404
789	406
789	427
789	576
789	670
789	719
789	851
789	866
789	884
789	897
789	906
811	170
811	326
811	354
811	357
811	446
811	458
811	469
811	541
811	563
811	576
811	670
811	703
811	832
811	882
811	896
811	903
811	920
811	929
811	954
811	963
837	22
837	37
837	118
837	170
837	174
837	249
837	269
837	362
837	432
837	446
837	637
837	785
837	832
837	858
837	863
837	866
837	884
837	903
837	954
884	22
884	69
884	249
884	251
884	318
884	327
884	414
884	483
884	543
884	579
884	613
884	668
884	817
884	865
884	880
884	956
893	127
893	174
893	279
893	427
893	536
893	563
893	576
893	632
893	670
893	693
893	701
893	703
893	721
893	722
893	851
893	858
893	876
893	879
893	896
893	899
893	920
893	929
906	167
906	213
906	279
906	318
906	357
906	370
906	404
906	407
906	419
906	446
906	454
906	468
906	519
906	541
906	579
906	613
906	632
906	722
906	739
906	863
906	876
906	903
906	956
954	223
954	255
954	357
954	362
954	386
954	407
954	414
954	446
954	458
954	526
954	574
954	579
954	648
954	668
954	680
954	683
954	693
954	701
954	703
954	719
954	722
954	740
954	880
956	22
956	62
956	130
956	346
956	357
956	386
956	406
956	469
956	473
956	489
956	541
956	543
956	574
956	632
956	635
956	668
956	683
956	703
956	865
956	896
956	963
9	326
9	543
9	574
9	668
9	903
9	912
326	454
326	637
326	693
326	701
326	739
326	834
326	866
326	897
326	929
419	451
419	613
419	632
419	648
419	851
419	858
419	865
419	882
419	896
419	899
419	970
543	483
543	541
543	613
543	632
543	721
543	740
543	851
543	864
543	865
543	879
543	882
543	903
543	929
543	963
574	193
574	251
574	469
574	576
574	579
574	648
574	866
574	879
574	880
668	69
668	130
668	318
668	346
668	386
668	489
668	739
668	817
668	865
668	882
668	897
668	920
668	929
668	963
739	213
739	244
739	357
739	362
739	407
739	432
739	579
739	635
739	637
739	681
739	851
739	863
739	876
739	879
896	22
896	62
896	118
896	160
896	279
896	318
896	327
896	370
896	469
896	519
896	563
896	678
896	681
896	701
896	851
896	863
896	864
896	882
896	897
896	920
896	963
903	22
903	223
903	244
903	251
903	386
903	427
903	446
903	451
903	536
903	563
903	576
903	579
903	635
903	648
903	680
903	703
903	722
903	817
903	832
903	864
903	865
903	876
903	879
903	882
903	897
903	899
903	920
903	963
903	970
912	22
912	37
912	130
912	160
912	213
912	269
912	346
912	406
912	637
912	648
912	683
912	740
912	785
912	817
912	851
912	863
912	864
912	879
10	388
10	475
10	488
10	839
10	924
388	104
388	281
388	675
388	705
388	821
388	839
388	924
475	51
475	159
475	301
475	633
475	675
475	705
475	788
475	924
488	61
488	315
488	535
488	675
488	684
488	705
488	821
488	839
488	924
636	301
636	315
636	538
636	584
636	618
636	633
636	675
636	684
636	788
636	821
636	839
636	924
792	51
792	61
792	159
792	232
792	281
792	347
792	532
792	618
792	675
792	684
792	705
792	788
792	924
839	301
839	480
839	482
839	520
839	538
839	619
839	655
839	673
839	765
839	776
839	844
839	860
839	924
839	925
844	104
844	159
844	232
844	241
844	281
844	301
844	347
844	532
844	535
844	538
844	618
844	705
844	924
860	51
860	61
860	104
860	232
860	241
860	301
860	315
860	347
860	535
860	538
860	618
860	675
860	684
860	788
860	821
860	924
924	61
924	100
924	104
924	232
924	241
924	281
924	301
924	315
924	347
924	449
924	480
924	482
924	520
924	532
924	535
924	538
924	552
924	584
924	618
924	619
924	633
924	655
924	673
924	675
924	684
924	765
924	788
924	821
924	925
925	51
925	104
925	159
925	232
925	241
925	281
925	301
925	315
925	347
925	532
925	535
925	538
925	584
925	618
925	633
925	684
925	705
925	788
925	821
11	440
11	522
11	561
11	691
11	742
11	810
11	846
11	901
440	78
440	90
440	195
440	317
440	397
440	604
440	691
440	742
440	810
440	901
522	78
522	98
522	195
522	317
522	397
522	604
522	691
522	742
522	901
561	78
561	90
561	98
561	195
561	317
561	397
561	536
561	691
561	742
561	810
561	901
604	78
604	90
604	98
604	195
604	317
604	397
604	691
604	742
604	846
604	901
691	78
691	90
691	98
691	195
691	317
691	397
691	742
691	810
691	846
691	901
691	969
742	78
742	90
742	98
742	195
742	317
742	397
742	810
742	846
742	901
742	969
810	78
810	195
810	317
810	397
810	901
846	78
846	317
846	397
846	901
901	78
901	90
901	98
901	195
901	317
901	397
901	969
969	317
969	397
12	110
12	268
12	556
12	568
12	716
12	737
12	770
12	878
12	908
12	926
110	137
110	474
110	507
110	819
110	826
110	850
110	854
110	894
110	904
110	909
268	424
268	533
268	556
268	625
268	654
268	706
268	710
268	729
556	171
556	415
556	534
556	549
556	625
556	695
556	717
556	757
556	826
556	850
556	857
556	926
556	935
556	998
568	178
568	293
568	507
568	588
568	597
568	657
568	677
568	737
568	750
568	779
568	854
568	857
568	862
568	904
568	909
568	998
716	137
716	149
716	171
716	182
716	266
716	280
716	320
716	343
716	399
716	424
716	430
716	533
716	654
716	729
716	759
716	850
716	859
716	878
737	158
737	280
737	294
737	332
737	415
737	430
737	847
737	854
737	857
737	862
737	909
737	926
737	998
770	180
770	211
770	254
770	323
770	415
770	464
770	533
770	534
770	588
770	757
770	826
770	854
770	857
770	904
770	908
770	926
878	158
878	182
878	211
878	252
878	332
878	349
878	371
878	544
878	588
878	589
878	607
878	657
878	729
878	736
878	856
878	909
878	934
878	998
908	121
908	162
908	180
908	320
908	323
908	356
908	360
908	369
908	371
908	533
908	534
908	607
908	625
908	677
908	695
908	759
908	781
908	819
908	850
908	873
908	935
926	137
926	149
926	162
926	178
926	180
926	211
926	320
926	356
926	390
926	405
926	430
926	607
926	649
926	706
926	750
926	757
926	850
926	909
13	368
13	634
13	790
368	634
368	790
634	790
72	226
226	43
15	714
15	738
15	806
15	825
15	966
714	138
714	413
714	548
714	671
714	712
714	738
714	966
738	74
738	461
738	548
738	671
738	892
738	966
762	148
762	192
762	200
762	364
762	461
762	548
762	671
762	966
768	21
768	132
768	143
768	413
768	671
768	687
768	966
806	74
806	77
806	132
806	148
806	200
806	364
806	671
806	966
825	140
825	143
825	308
825	413
825	548
825	671
825	966
913	143
913	186
913	548
913	671
913	966
916	143
916	548
916	671
916	801
916	966
923	143
923	548
923	671
923	966
966	21
966	74
966	77
966	85
966	132
966	138
966	140
966	143
966	148
966	183
966	186
966	192
966	200
966	308
966	311
966	364
966	384
966	413
966	461
966	484
966	548
966	601
966	623
966	671
966	687
966	712
966	760
966	801
966	892
16	704
16	728
16	853
16	928
16	932
16	938
583	87
583	403
583	452
583	502
583	530
583	666
583	704
583	728
583	853
583	928
583	932
583	938
702	59
702	286
702	310
702	403
702	452
702	502
702	530
702	666
702	704
702	728
702	853
702	928
702	932
702	938
704	28
704	87
704	209
704	262
704	286
704	310
704	355
704	403
704	452
704	459
704	502
704	530
704	666
704	853
704	881
704	900
704	928
704	932
704	938
728	59
728	209
728	262
728	355
728	452
728	459
728	881
728	900
853	28
853	59
853	209
853	262
853	355
853	452
853	459
853	881
853	900
881	56
881	59
881	87
881	286
881	310
881	403
881	452
881	502
881	530
881	666
881	928
881	932
881	938
900	56
900	59
900	87
900	286
900	310
900	403
900	452
900	502
900	530
900	666
900	928
900	932
900	938
928	28
928	59
928	209
928	262
928	355
928	452
928	459
932	28
932	59
932	209
932	262
932	355
932	452
932	459
938	28
938	59
938	209
938	262
938	355
938	452
938	459
17	31
17	379
17	627
17	696
17	794
17	955
17	961
31	303
31	316
31	398
31	509
31	594
31	611
31	769
31	786
31	805
379	253
379	605
379	651
379	660
379	676
379	805
379	841
379	953
379	955
379	967
627	181
627	212
627	253
627	296
627	316
627	345
627	437
627	531
627	562
627	565
627	660
627	772
627	804
627	946
627	953
627	955
627	961
696	296
696	382
696	456
696	478
696	500
696	509
696	578
696	616
696	631
696	709
696	774
696	813
696	907
696	955
794	201
794	212
794	237
794	398
794	423
794	467
794	592
794	594
794	651
794	769
794	772
794	774
794	805
794	813
794	907
794	961
907	65
907	189
907	238
907	253
907	295
907	342
907	345
907	366
907	382
907	456
907	462
907	466
907	493
907	531
907	611
907	631
907	676
907	732
907	946
937	229
937	237
937	238
937	248
937	296
937	338
937	348
937	425
937	462
937	478
937	481
937	495
937	500
937	509
937	531
937	592
937	608
937	611
937	715
937	804
937	805
937	841
937	870
937	930
937	946
937	953
946	94
946	166
946	176
946	238
946	247
946	248
946	291
946	462
946	467
946	481
946	493
946	565
946	592
946	594
946	608
946	676
946	748
946	769
946	813
946	841
955	65
955	175
955	176
955	181
955	212
955	303
955	382
955	395
955	481
955	493
955	500
955	506
955	562
955	565
955	591
955	608
955	631
955	651
955	709
955	715
955	804
955	841
955	953
961	82
961	189
961	212
961	238
961	247
961	253
961	296
961	303
961	338
961	345
961	348
961	382
961	425
961	429
961	466
961	500
961	531
961	715
961	748
961	772
961	804
18	284
18	528
18	542
18	600
18	782
18	843
18	895
18	933
81	278
81	457
81	545
81	653
81	735
81	782
81	887
81	951
284	410
284	550
284	554
284	606
284	614
284	645
284	868
284	874
284	887
284	973
528	135
528	139
528	378
528	410
528	596
528	699
528	782
528	849
528	944
528	951
542	203
542	428
542	439
542	606
542	614
542	617
542	629
542	645
542	653
542	686
542	843
542	874
600	139
600	270
600	479
600	545
600	606
600	629
600	665
600	735
600	895
600	914
600	944
600	973
782	135
782	214
782	350
782	373
782	410
782	554
782	558
782	629
782	699
782	735
782	849
782	914
843	168
843	214
843	389
843	428
843	479
843	545
843	645
843	665
843	775
843	889
843	973
895	29
895	133
895	270
895	352
895	378
895	505
895	554
895	596
895	614
895	617
895	629
895	653
895	686
895	766
895	874
895	933
895	951
933	29
933	33
933	139
933	215
933	239
933	287
933	428
933	545
933	572
933	587
933	653
933	698
933	766
933	868
933	889
944	29
944	106
944	133
944	135
944	239
944	378
944	439
944	545
944	554
944	645
944	686
944	889
944	914
944	951
19	55
19	333
19	337
19	434
55	79
55	333
55	523
55	547
55	555
55	685
55	758
55	761
55	972
333	114
333	272
333	447
337	53
337	70
337	224
337	272
337	324
337	547
337	555
434	70
434	145
434	169
434	224
434	447
434	555
585	108
585	145
585	224
585	272
585	438
585	447
685	71
685	224
685	272
685	555
734	145
734	224
734	447
734	555
758	145
758	224
758	447
758	555
761	145
761	224
761	447
761	555
972	145
972	224
972	447
972	555
20	222
20	430
20	515
20	695
20	706
20	850
20	862
20	998
222	371
222	589
222	677
222	759
222	819
222	850
222	909
430	178
430	254
430	341
430	390
430	717
430	731
430	753
430	891
430	915
515	162
515	299
515	320
515	344
515	513
515	717
515	731
515	850
515	859
515	873
515	935
695	52
695	349
695	356
695	507
695	544
695	597
695	607
695	819
695	826
695	829
695	835
695	873
695	891
695	904
706	25
706	323
706	405
706	597
706	753
706	759
706	781
706	829
706	850
706	891
706	915
706	934
706	998
850	25
850	149
850	182
850	294
850	299
850	399
850	503
850	544
850	731
850	736
850	835
850	856
850	862
850	873
850	904
850	935
856	52
856	86
856	121
856	254
856	320
856	332
856	341
856	360
856	399
856	544
856	657
856	677
856	710
856	750
856	826
856	829
856	859
856	873
856	894
856	904
856	909
862	162
862	341
862	399
862	405
862	424
862	534
862	654
862	710
862	717
862	757
862	759
862	779
862	781
862	854
862	859
862	891
862	904
862	909
862	915
998	121
998	180
998	294
998	320
998	323
998	334
998	343
998	349
998	356
998	390
998	399
998	415
998	464
998	474
998	533
998	588
998	589
998	597
998	753
998	904
998	935
21	192
21	484
21	623
21	671
192	623
192	712
484	143
484	311
484	384
484	461
623	143
623	183
623	311
623	364
623	548
671	138
671	148
671	308
671	311
671	413
671	461
671	548
671	601
671	801
671	892
22	80
22	879
80	37
80	193
80	386
80	407
80	537
80	880
80	882
864	69
864	244
864	249
864	279
864	375
864	406
864	427
864	454
864	536
864	537
864	632
864	701
864	719
864	722
864	832
864	865
864	899
879	30
879	62
879	127
879	213
879	327
879	357
879	362
879	375
879	407
879	427
879	451
879	454
879	563
879	576
879	579
879	613
879	693
879	863
879	865
879	963
882	37
882	130
882	249
882	269
882	354
882	362
882	370
882	458
882	469
882	472
882	541
882	576
882	680
882	683
882	876
23	124
23	598
23	642
23	763
23	942
23	957
124	119
124	455
124	494
124	727
124	796
598	40
598	75
598	173
598	221
598	416
598	455
598	460
598	642
598	663
598	718
598	727
598	771
598	942
642	119
642	221
642	265
642	455
642	628
642	784
642	957
763	75
763	115
763	146
763	231
763	258
763	351
763	353
763	486
763	571
763	595
763	661
763	679
763	783
763	921
763	957
771	91
771	187
771	202
771	245
771	246
771	460
771	463
771	486
771	643
771	650
771	652
771	718
771	725
771	783
771	796
771	802
942	40
942	67
942	75
942	185
942	218
942	246
942	265
942	353
942	416
942	448
942	460
942	486
942	508
942	577
942	595
942	628
942	644
942	688
942	718
942	727
942	783
942	796
942	802
957	67
957	97
957	107
957	185
957	258
957	411
957	463
957	527
957	571
957	628
957	688
957	725
957	743
957	784
957	796
957	802
957	807
24	570
24	639
24	754
24	764
24	822
570	240
570	306
570	514
570	658
570	764
570	822
639	92
639	210
639	288
639	374
639	514
639	658
639	764
754	68
754	92
754	204
754	210
754	288
754	374
754	658
754	700
754	764
764	68
764	92
764	147
764	204
764	210
764	240
764	288
764	306
764	374
764	436
764	510
764	514
764	658
764	694
764	700
764	822
764	833
764	871
764	883
764	964
764	976
822	92
822	204
822	210
822	240
822	288
822	306
822	436
822	658
822	833
833	92
833	204
833	288
833	306
833	436
833	658
871	92
871	147
871	204
871	288
871	658
883	92
883	147
883	204
883	288
883	436
883	658
964	92
964	204
964	288
964	658
976	92
976	204
976	288
976	658
25	293
25	677
25	736
25	757
25	835
25	891
25	915
293	252
293	294
293	476
293	507
293	544
293	654
293	717
293	826
293	894
677	299
677	320
677	544
677	581
677	588
677	625
677	657
677	710
677	757
677	759
677	835
677	854
677	873
677	891
677	909
736	254
736	320
736	343
736	415
736	476
736	544
736	557
736	559
736	731
736	757
736	759
736	829
736	847
736	904
736	934
736	935
757	180
757	266
757	341
757	559
757	729
757	819
757	859
757	891
757	894
757	909
757	915
757	935
835	294
835	299
835	343
835	349
835	356
835	371
835	474
835	549
835	557
835	559
835	588
835	607
835	729
835	847
835	859
835	904
835	909
873	294
873	356
873	415
873	424
873	476
873	507
873	533
873	557
873	589
873	729
873	750
873	753
873	857
873	859
873	891
873	904
873	909
873	915
891	390
891	399
891	464
891	533
891	559
891	588
891	717
891	753
891	759
891	779
891	819
891	826
891	829
891	847
891	894
891	904
891	935
915	86
915	178
915	299
915	343
915	369
915	371
915	390
915	399
915	405
915	424
915	513
915	544
915	581
915	654
915	753
915	819
915	826
915	857
915	859
915	935
26	381
26	569
26	905
144	381
144	569
144	905
196	381
196	569
196	905
381	385
381	567
381	569
381	612
381	905
385	569
385	905
567	569
567	905
569	612
569	905
612	905
27	599
27	824
27	872
599	313
599	396
599	521
599	707
599	824
707	156
707	220
707	235
707	267
707	391
707	621
707	674
824	141
824	443
824	529
827	141
827	156
827	307
827	417
827	491
827	521
827	621
827	641
827	800
872	156
872	267
872	307
872	328
872	391
872	417
872	491
28	59
28	666
59	530
666	262
666	355
666	452
666	459
29	227
29	572
29	645
29	766
29	887
29	914
29	973
227	33
227	133
227	471
227	505
227	665
227	686
227	868
227	887
572	135
572	239
572	545
572	606
572	645
572	665
572	686
572	766
572	775
572	849
645	457
645	477
645	505
645	614
645	653
645	665
645	698
645	699
645	749
645	874
645	887
766	215
766	239
766	264
766	439
766	457
766	477
766	479
766	505
766	550
766	558
766	587
766	699
766	775
766	973
887	33
887	139
887	373
887	428
887	545
887	558
887	606
887	699
887	849
887	868
887	889
887	973
914	33
914	264
914	287
914	350
914	373
914	389
914	428
914	457
914	505
914	545
914	554
914	596
914	617
914	653
914	698
914	749
914	868
914	874
973	33
973	135
973	203
973	215
973	239
973	410
973	471
973	698
973	951
30	681
30	693
30	721
30	722
30	832
30	899
30	963
30	970
681	167
681	249
681	370
681	386
681	446
681	458
681	632
681	683
681	740
681	858
681	880
681	897
681	920
693	279
693	375
693	446
693	526
693	721
693	740
693	817
693	832
693	851
693	929
721	454
721	496
721	541
721	722
721	817
721	832
721	863
721	880
721	899
721	929
721	963
722	127
722	327
722	386
722	473
722	563
722	637
722	817
722	832
722	851
722	880
832	69
832	167
832	223
832	370
832	451
832	454
832	483
832	496
832	637
832	683
832	740
832	863
832	897
832	920
866	118
866	193
866	244
866	251
866	255
866	354
866	451
866	458
866	579
866	613
866	632
866	670
866	740
866	858
866	920
899	62
899	404
899	414
899	454
899	469
899	537
899	637
899	683
899	703
899	834
899	851
899	876
899	897
963	118
963	170
963	255
963	269
963	362
963	386
963	451
963	468
963	526
963	579
963	613
963	740
963	785
963	920
963	970
970	127
970	160
970	269
970	318
970	327
970	362
970	370
970	458
970	472
970	483
970	497
970	536
970	579
970	683
970	817
970	851
970	880
970	897
303	291
303	336
303	342
303	398
303	608
303	748
303	870
303	953
316	34
316	189
316	631
316	804
316	813
316	841
316	953
398	229
398	291
398	467
398	651
398	748
398	774
398	870
509	181
509	423
509	506
509	578
509	592
509	715
509	732
509	772
509	786
509	787
509	967
594	201
594	291
594	321
594	456
594	466
594	669
594	709
594	786
594	804
594	805
594	953
611	175
611	181
611	291
611	437
611	481
611	531
611	651
611	669
611	715
611	772
611	774
611	953
769	76
769	296
769	321
769	345
769	425
769	493
769	605
769	651
769	724
769	804
769	805
769	870
786	131
786	176
786	201
786	237
786	304
786	336
786	395
786	467
786	478
786	495
786	592
786	631
786	715
786	724
786	870
786	953
786	967
805	142
805	166
805	237
805	296
805	429
805	592
805	616
805	651
805	660
805	676
805	724
805	804
805	930
805	953
805	967
32	445
32	979
442	979
445	979
726	979
745	979
816	979
818	979
927	979
968	979
979	408
979	981
33	214
33	629
33	951
214	203
214	587
214	614
214	874
214	951
629	270
629	278
629	287
629	373
629	392
629	471
629	558
629	698
629	849
889	239
889	264
889	270
889	278
889	352
889	378
889	505
889	596
889	614
889	617
889	698
889	749
889	951
951	203
951	270
951	373
951	457
951	471
951	545
951	554
951	587
951	617
951	653
951	698
951	874
34	248
34	321
34	429
34	466
34	478
34	774
34	870
229	94
229	131
229	304
229	531
229	565
229	669
229	787
229	967
248	181
248	336
248	478
248	631
248	724
248	870
248	953
321	175
321	176
321	605
321	669
321	804
321	870
321	930
429	82
429	152
429	238
429	338
429	348
429	423
429	500
429	565
429	660
429	669
429	732
429	841
466	345
466	348
466	605
466	608
466	724
466	732
466	870
466	953
466	967
478	131
478	205
478	291
478	423
478	605
478	772
478	813
732	199
732	212
732	260
732	423
732	425
732	437
732	467
732	565
732	578
732	591
732	669
732	676
732	709
732	930
774	94
774	189
774	295
774	329
774	382
774	500
774	506
774	562
774	616
774	772
774	787
774	953
870	65
870	94
870	189
870	201
870	205
870	260
870	296
870	366
870	437
870	456
870	531
870	592
870	608
870	787
978	426
978	795
987	426
987	795
988	426
988	795
989	426
989	795
991	426
991	795
992	426
992	795
993	426
993	795
997	426
997	795
999	426
999	795
1000	426
1000	795
36	828
36	842
36	995
36	996
828	46
828	73
828	365
828	421
828	995
828	996
830	46
830	73
830	102
830	365
830	421
830	995
830	996
842	365
842	421
842	995
842	996
960	365
960	421
960	995
960	996
983	365
983	421
983	995
983	996
986	365
986	421
986	995
986	996
990	365
990	421
990	995
990	996
994	365
994	421
994	995
994	996
995	46
995	73
995	102
995	263
995	289
995	300
995	365
995	421
995	593
995	624
995	630
995	662
995	697
995	723
995	733
995	756
995	780
995	996
996	46
996	73
996	102
996	263
996	289
996	300
996	365
996	421
996	593
996	624
996	630
996	662
996	697
996	723
996	733
996	756
996	780
37	354
37	432
37	458
37	637
37	785
37	876
354	251
354	468
354	472
354	632
354	897
354	920
354	929
432	427
432	458
432	497
432	563
432	858
458	249
458	362
458	483
458	897
458	929
637	223
637	357
637	454
637	483
637	576
637	683
637	851
785	127
785	170
785	193
785	370
785	404
785	469
785	472
785	489
785	496
785	497
785	563
785	648
785	701
785	719
785	740
785	880
876	127
876	223
876	249
876	269
876	327
876	346
876	375
876	414
876	648
876	678
876	701
876	740
876	834
876	920
38	220
38	313
38	641
220	313
313	63
641	156
641	491
39	95
39	120
39	257
39	276
39	277
95	105
95	120
95	257
95	276
95	277
95	450
95	564
95	708
95	809
105	88
105	257
105	276
120	88
120	96
120	257
120	276
120	277
120	450
120	564
120	708
120	809
257	88
257	96
257	276
257	277
257	450
257	564
257	708
257	809
276	96
277	96
450	96
450	290
564	96
708	96
809	96
40	218
40	258
40	595
40	807
40	921
218	246
218	411
218	460
218	508
218	582
218	620
218	783
258	116
258	486
258	679
258	727
595	486
595	527
595	582
595	638
807	99
807	150
807	164
807	187
807	208
807	302
807	463
807	571
807	577
807	663
807	679
807	869
921	67
921	165
921	173
921	202
921	217
921	221
921	231
921	302
921	351
921	486
921	508
921	571
921	652
921	663
921	718
921	727
921	747
921	784
921	869
41	84
41	93
41	234
41	640
41	840
84	93
84	234
84	640
84	840
93	640
93	840
234	640
234	840
640	840
251	719
251	863
251	865
834	69
834	118
834	130
834	160
834	167
834	170
834	223
834	244
834	427
834	454
834	472
834	489
834	497
834	537
834	563
834	678
834	683
834	703
834	880
43	60
44	89
44	836
89	836
836	985
45	86
45	294
45	534
45	557
45	597
45	847
45	909
45	935
86	137
86	254
86	544
86	557
86	829
86	934
294	180
294	503
294	854
294	904
294	909
294	935
534	507
534	533
534	589
534	750
534	829
534	847
557	254
557	299
557	323
557	559
557	625
557	657
557	829
557	847
557	854
597	171
597	266
597	415
597	464
597	588
597	649
597	710
597	781
597	894
597	909
597	934
826	52
826	171
826	252
826	343
826	399
826	474
826	607
826	654
826	731
826	759
826	781
826	819
826	857
826	894
847	52
847	299
847	344
847	399
847	405
847	474
847	476
847	503
847	559
847	729
847	750
847	779
847	819
847	854
847	909
857	178
857	299
857	334
857	369
857	464
857	507
857	581
857	588
857	657
857	710
857	781
857	854
857	909
909	153
909	158
909	182
909	252
909	280
909	299
909	360
909	371
909	424
909	474
909	476
909	503
909	589
909	710
909	750
909	819
909	894
909	904
909	934
935	121
935	162
935	252
935	323
935	356
935	369
935	405
935	424
935	503
935	533
935	549
935	581
935	588
935	625
935	729
935	731
935	753
47	79
47	108
47	224
47	447
47	523
79	145
79	438
108	272
108	324
108	438
108	447
108	555
224	438
224	447
224	555
447	53
447	71
447	145
447	169
447	555
523	53
523	272
523	555
547	71
547	145
49	664
49	746
49	773
664	128
664	298
664	773
746	773
773	57
773	128
773	151
773	198
773	243
773	271
773	298
773	394
773	401
773	465
773	492
773	524
773	575
773	602
773	797
773	799
773	848
773	886
773	939
773	948
773	959
50	361
50	367
361	54
361	367
361	435
361	539
361	580
361	622
361	682
361	778
361	812
361	831
361	861
361	945
361	971
367	285
622	54
622	113
622	163
682	285
51	104
51	655
51	673
51	765
104	552
104	618
104	673
104	765
633	301
633	480
633	520
633	538
633	765
633	776
655	532
655	535
655	584
655	618
655	684
655	821
673	61
673	301
673	538
673	584
673	675
673	684
673	705
673	788
673	821
675	480
675	538
675	552
675	619
675	765
675	776
765	61
765	241
765	347
765	532
765	584
765	684
765	821
52	211
52	349
52	581
52	657
52	710
211	415
211	581
211	753
211	781
211	854
211	894
349	121
349	149
349	153
349	266
349	544
349	649
349	759
349	779
581	171
581	334
581	464
581	513
581	654
581	731
581	779
581	829
581	904
657	182
657	266
657	341
657	344
657	464
657	503
657	533
657	549
657	710
657	854
710	158
710	180
710	332
710	334
710	341
710	625
710	649
710	753
710	934
53	324
53	555
324	145
555	71
555	114
555	169
555	438
54	551
551	122
551	163
56	452
452	310
452	403
452	502
530	459
57	465
465	575
58	621
621	63
621	141
621	267
621	307
621	674
800	63
800	383
800	443
800	516
61	449
61	552
449	347
449	535
449	584
449	788
449	821
552	159
552	232
552	532
552	538
552	684
552	705
552	788
584	482
584	776
684	480
684	482
684	520
684	619
62	526
62	632
62	858
62	863
62	920
526	193
526	213
526	269
526	427
526	579
526	670
526	719
526	740
526	880
632	255
632	496
632	851
632	865
632	897
632	920
632	929
858	167
858	174
858	193
858	213
858	318
858	375
858	468
858	473
858	483
858	563
858	576
858	579
858	635
858	648
858	683
863	127
863	223
863	406
863	469
863	472
863	496
863	703
863	719
863	817
863	897
863	929
865	130
865	160
865	327
865	404
865	469
865	489
865	496
865	536
865	537
865	635
865	648
865	680
920	244
920	346
920	362
920	375
920	404
920	406
920	454
920	468
920	496
920	497
920	537
920	563
920	670
920	680
920	740
920	817
920	851
63	267
267	307
267	391
65	345
65	495
65	565
65	715
65	748
65	787
345	304
345	462
345	500
345	813
495	201
495	260
495	304
495	348
495	366
495	437
495	592
495	715
495	724
495	772
495	787
495	841
495	953
565	175
565	247
565	342
565	493
565	562
565	813
565	930
565	953
565	967
715	205
715	238
715	247
715	291
715	338
715	382
715	437
715	592
715	953
748	82
748	176
748	247
748	348
748	493
748	592
748	651
748	804
748	813
748	841
748	967
787	142
787	152
787	176
787	247
787	260
787	304
787	342
787	437
787	467
787	493
787	592
787	724
787	967
66	112
66	134
66	206
66	219
66	273
66	309
66	540
66	586
112	134
112	206
112	219
112	273
112	309
112	540
112	586
134	206
134	219
134	273
134	309
134	540
134	586
206	219
206	273
206	540
206	586
219	309
219	586
273	309
273	586
309	540
309	586
540	586
67	99
67	638
67	718
99	221
99	455
99	463
99	577
99	582
99	802
638	97
638	119
638	173
638	185
638	331
638	351
638	411
638	448
638	527
638	582
638	663
638	747
718	173
718	187
718	256
718	302
718	448
718	463
718	652
718	727
718	869
68	700
700	204
700	240
700	288
700	306
700	510
700	658
69	406
69	563
69	817
406	318
406	357
406	451
406	483
406	613
406	648
563	407
563	489
563	670
563	719
563	851
817	269
817	483
817	537
817	579
817	648
817	680
817	703
817	880
817	897
817	929
929	127
929	174
929	255
929	279
929	327
929	414
929	468
929	483
929	537
929	613
929	678
929	680
929	740
929	851
70	114
71	145
71	169
74	548
74	892
548	461
548	687
548	712
548	760
548	801
548	892
801	85
801	140
801	148
892	143
892	186
75	652
75	679
75	784
652	231
652	448
652	508
652	527
652	620
652	679
652	743
652	783
652	784
679	116
679	165
679	246
679	411
679	455
679	571
679	620
679	643
679	688
679	802
679	869
784	116
784	146
784	202
784	577
784	650
784	725
784	743
784	783
784	796
76	462
76	605
76	660
76	669
76	930
76	967
462	181
462	189
462	253
462	531
462	676
462	953
605	131
605	253
605	336
605	506
605	578
605	772
605	804
605	841
660	131
660	238
660	481
660	591
660	592
660	616
660	676
660	709
660	841
660	953
669	94
669	175
669	176
669	329
669	493
669	592
669	930
669	953
930	142
930	175
930	181
930	212
930	247
930	253
930	295
930	382
930	423
930	456
930	531
930	608
930	709
930	724
930	813
930	841
930	953
967	94
967	131
967	166
967	201
967	295
967	329
967	342
967	423
967	425
967	481
967	562
967	616
967	676
967	772
967	841
967	953
77	712
687	143
687	200
687	308
687	311
687	760
712	183
712	186
712	760
193	174
193	327
193	680
193	880
386	255
386	536
386	648
386	670
386	897
407	357
407	451
407	473
407	541
407	670
537	279
537	318
537	327
537	497
537	536
880	118
880	213
880	483
880	519
880	536
880	541
880	579
880	635
880	680
880	703
880	719
880	740
880	897
897	118
897	167
897	244
897	362
897	375
897	451
897	454
897	519
897	678
897	740
278	428
278	439
278	457
278	471
278	596
278	686
278	698
457	106
457	550
457	698
457	699
457	849
545	168
545	550
545	554
545	614
545	698
545	749
545	775
545	868
653	106
653	139
653	373
653	428
653	477
653	558
653	617
653	665
653	686
735	239
735	350
735	373
735	392
735	410
735	606
735	614
735	698
735	849
874	203
874	350
874	352
874	389
874	587
874	686
874	698
82	238
82	253
82	578
82	676
82	709
82	813
238	437
238	631
238	953
253	176
253	425
253	456
578	176
578	205
578	237
578	336
578	366
578	724
578	772
578	804
676	205
676	237
676	506
676	531
676	772
709	166
709	176
709	205
709	295
709	338
709	481
709	493
709	591
709	651
813	152
813	199
813	201
813	205
813	338
813	342
813	437
813	591
813	616
813	631
813	724
83	123
83	126
83	161
83	261
83	319
83	418
123	126
123	161
123	261
123	319
123	418
126	261
126	319
126	418
161	261
161	319
161	418
261	319
261	340
261	418
261	647
319	340
85	132
85	308
85	364
85	760
308	601
760	143
760	186
760	200
760	384
137	424
137	533
137	717
137	750
137	934
254	180
254	341
254	369
254	476
544	121
544	390
544	625
544	649
544	654
544	779
544	829
829	153
829	162
829	323
829	344
829	533
829	654
829	894
829	934
934	180
934	252
934	332
934	369
934	415
934	424
934	474
934	513
934	607
934	654
934	779
934	819
88	96
91	107
91	460
91	527
91	582
91	643
107	802
460	116
460	231
460	351
460	663
460	783
527	146
527	187
527	217
527	577
527	582
527	620
527	727
527	747
582	246
582	265
582	620
582	628
582	644
582	650
582	661
620	116
620	119
620	185
620	246
620	571
620	727
620	783
643	97
643	115
643	146
643	411
643	448
643	463
643	494
643	644
643	869
92	658
658	210
658	240
658	288
658	306
658	374
658	436
658	510
658	514
658	694
94	201
94	506
201	562
201	953
506	295
506	804
506	841
506	953
97	577
97	661
97	663
97	688
97	783
577	119
577	173
577	416
577	448
577	663
577	743
650	111
650	256
650	353
650	571
650	628
650	644
650	663
650	747
650	783
661	187
661	202
661	221
661	231
661	265
661	351
661	353
661	411
661	486
663	231
663	455
663	508
663	688
663	743
663	802
688	115
688	185
688	208
688	245
688	494
688	747
783	116
783	165
783	187
783	433
98	397
397	195
397	317
221	433
221	494
221	725
221	869
455	217
455	725
455	727
463	164
463	231
463	494
463	725
463	747
463	802
802	111
802	245
802	302
802	331
802	411
802	448
802	644
802	747
802	796
100	535
100	618
100	788
100	821
535	482
535	520
535	776
618	619
618	776
776	159
776	232
776	241
776	301
776	347
776	532
776	538
776	788
776	821
788	480
788	482
788	619
821	482
821	520
821	538
821	619
103	383
103	491
103	674
383	216
383	417
383	521
383	674
491	391
491	521
674	216
674	250
674	396
106	215
106	410
106	554
106	868
215	287
215	775
215	868
410	264
410	471
410	587
410	617
505	587
505	699
505	775
505	849
554	203
554	350
554	558
554	587
554	614
554	617
554	749
554	849
554	868
868	139
868	239
868	264
868	439
868	558
868	596
868	606
868	686
868	775
644	119
644	256
644	265
644	302
644	416
644	508
644	628
644	743
644	747
109	744
109	752
744	358
744	689
744	752
752	154
752	228
752	297
752	358
752	441
752	485
752	573
752	603
752	615
752	689
752	692
752	720
474	158
474	717
474	729
474	731
474	779
474	854
474	894
507	178
507	654
507	729
507	753
507	759
507	854
507	859
819	153
819	158
819	171
819	332
819	415
819	559
819	589
819	750
819	779
854	162
854	320
854	343
854	344
854	476
854	625
854	717
854	729
854	753
854	894
894	121
894	158
894	178
894	341
894	344
894	405
894	503
894	559
894	589
894	729
894	731
894	779
904	178
904	334
904	343
904	399
904	476
904	503
904	513
904	588
904	759
904	781
111	208
111	796
208	164
208	185
208	353
208	747
796	164
796	185
796	416
796	494
796	727
869	116
869	164
869	202
869	265
869	331
869	486
869	725
869	743
869	747
113	539
539	163
539	285
580	122
580	292
116	727
727	494
727	508
727	628
727	725
727	747
117	191
117	194
117	236
117	242
117	259
117	274
117	393
117	470
117	512
117	518
125	191
125	194
125	236
125	242
125	259
125	274
125	393
125	470
125	512
125	518
191	194
191	236
191	242
191	259
191	274
191	393
191	470
191	512
191	518
194	236
194	242
194	259
194	274
194	393
194	470
194	512
194	518
236	242
236	259
236	274
236	393
236	470
236	512
236	518
242	259
242	274
242	393
242	470
242	512
242	518
259	274
259	393
259	470
259	512
259	518
274	393
274	470
274	512
274	518
393	470
393	512
393	518
470	512
470	518
512	518
118	346
118	489
118	496
346	127
346	496
489	362
489	414
489	468
489	472
489	497
489	701
496	127
496	174
496	446
496	541
496	670
496	701
119	173
173	725
173	743
121	464
121	549
121	607
464	171
464	360
464	371
464	717
464	759
464	779
549	266
549	424
549	513
549	729
549	753
549	779
549	859
607	182
607	280
607	323
607	390
607	588
607	654
607	731
607	759
607	779
859	158
859	280
859	320
859	334
859	343
859	390
859	476
859	503
859	731
859	781
494	185
494	187
494	302
494	416
494	486
494	571
127	683
683	167
683	357
683	370
683	613
683	678
683	719
683	851
128	575
575	602
129	207
129	339
129	400
129	525
129	910
207	400
207	910
207	936
339	400
339	910
339	936
400	525
400	910
400	936
525	910
525	936
910	936
130	174
130	370
130	678
174	519
174	541
370	375
370	427
370	536
370	576
519	160
519	170
519	472
519	678
519	851
678	170
678	362
678	414
678	446
678	454
678	469
678	473
678	613
678	680
131	199
131	616
131	841
199	336
199	423
199	500
199	608
199	953
616	260
616	366
616	423
616	500
616	562
616	608
616	841
616	953
841	291
841	395
841	425
841	591
133	168
133	270
133	665
133	749
133	849
168	439
168	614
168	665
168	686
168	698
270	596
270	686
270	749
270	849
617	479
617	699
617	775
665	373
665	389
665	550
665	587
665	749
749	352
749	428
749	550
749	587
749	699
749	849
849	389
849	392
849	479
849	550
849	558
849	698
135	428
135	606
135	698
428	264
428	352
428	479
606	352
606	378
606	392
698	352
698	373
698	389
698	558
698	596
698	686
698	699
424	360
424	405
424	759
533	476
533	588
717	162
717	371
717	559
717	649
717	729
717	781
750	162
750	320
750	341
750	344
750	513
750	589
750	649
750	654
750	753
138	186
139	471
139	596
471	287
471	558
471	596
471	775
596	203
596	550
596	699
596	775
142	152
142	175
142	260
142	423
142	437
142	631
152	166
152	260
152	562
152	953
175	481
260	166
260	336
423	291
423	531
437	336
437	724
437	804
456	338
456	366
456	467
456	500
456	562
631	295
631	425
631	772
631	953
147	694
694	204
694	288
694	306
694	510
694	514
601	183
601	311
601	461
149	153
149	182
149	729
149	753
149	759
153	320
153	360
153	729
182	299
182	415
182	649
654	334
654	369
654	371
654	779
729	343
729	344
729	503
729	625
729	649
729	759
729	781
753	162
753	280
753	371
753	476
753	559
753	779
753	781
759	178
759	334
759	390
759	513
759	559
150	165
150	302
150	725
165	486
302	256
302	331
302	571
725	245
725	353
151	401
401	492
401	524
166	304
166	338
562	212
562	425
562	500
953	189
953	212
953	247
953	304
953	329
953	338
953	348
953	395
953	425
953	467
953	493
953	651
953	724
953	772
360	171
360	371
360	589
360	625
155	184
155	498
184	290
184	498
184	560
290	498
498	560
448	508
448	743
158	559
158	649
158	781
559	266
559	323
559	369
559	399
559	781
649	252
649	323
649	332
649	356
649	625
649	781
781	252
781	280
781	334
781	415
781	588
159	301
159	482
301	281
301	315
482	480
482	532
482	538
705	480
705	538
705	619
160	244
160	318
160	414
160	536
244	255
244	279
244	719
318	427
318	454
318	719
414	249
414	255
414	357
414	635
414	740
536	223
536	404
536	451
536	473
536	680
164	433
164	571
164	628
433	628
571	743
628	202
628	351
628	353
628	411
628	486
628	743
486	743
743	217
743	231
743	747
304	291
304	348
304	724
304	804
338	493
338	772
167	375
167	719
375	404
375	473
375	635
719	223
719	269
719	468
719	541
439	352
439	550
439	587
439	699
614	203
614	373
614	392
614	587
686	264
686	352
686	587
170	613
613	223
613	279
171	399
399	731
962	426
962	795
541	473
541	670
481	295
481	342
481	348
481	591
481	804
176	366
366	329
366	493
366	592
177	444
177	667
177	974
444	974
667	974
779	252
779	334
779	476
779	503
179	305
179	363
179	888
179	980
233	275
233	305
233	412
233	888
233	980
305	190
305	275
305	282
305	359
305	363
305	380
305	412
305	499
305	656
305	888
305	980
359	275
359	888
359	980
363	275
363	888
363	980
380	275
380	888
380	980
412	275
412	888
412	980
499	275
499	888
499	980
656	275
656	888
656	980
888	190
888	275
888	282
888	980
980	190
980	275
980	282
180	405
180	513
405	344
405	589
405	731
513	323
181	395
181	591
181	772
181	804
395	237
395	247
395	296
395	467
591	342
591	425
591	467
591	500
591	651
772	329
772	348
772	382
772	804
804	425
804	467
804	608
299	332
183	384
384	200
384	413
187	353
353	331
353	508
189	296
189	500
189	531
296	382
296	531
296	608
500	291
500	493
531	336
190	275
190	282
275	282
680	451
680	472
680	576
680	670
680	851
197	322
197	325
197	566
322	566
325	566
487	566
566	646
566	808
566	922
566	941
566	947
566	982
336	329
336	592
608	382
202	217
217	256
217	351
203	389
389	378
389	775
204	436
436	510
436	514
747	331
209	502
459	310
502	355
212	467
212	651
212	724
651	247
651	425
724	237
724	295
724	329
724	493
213	454
213	576
213	701
454	255
576	701
701	279
701	357
701	446
701	451
701	579
587	350
587	477
775	239
775	350
775	392
775	477
775	558
775	699
287	558
287	699
558	378
699	264
216	521
521	417
521	529
246	245
246	331
411	331
508	416
252	356
371	588
589	280
589	356
589	390
589	588
589	731
223	362
362	635
635	269
635	404
635	446
635	483
635	579
225	409
231	416
416	245
232	347
347	619
235	250
235	396
235	529
396	328
396	391
237	329
237	382
329	342
243	492
243	524
492	394
524	394
602	271
249	468
249	473
249	740
468	404
468	740
473	446
473	451
473	648
740	670
740	703
356	266
341	332
341	731
369	332
476	731
262	403
263	756
263	780
756	289
756	300
756	365
756	421
780	365
780	421
266	332
266	731
731	280
307	443
391	516
625	280
269	579
427	357
281	538
538	480
538	532
950	426
950	795
952	426
952	795
550	350
550	373
285	435
292	435
288	510
510	374
510	514
289	733
733	300
733	365
733	421
291	592
503	343
503	344
295	342
295	348
720	358
720	689
315	520
315	619
619	532
323	344
851	483
851	670
350	479
479	477
352	477
472	497
472	670
358	689
689	441
689	485
689	573
689	603
689	615
689	692
365	723
723	421
855	426
855	795
404	670
648	446
648	469
670	483
420	795
795	426
795	453
795	504
795	609
795	626
795	777
421	697
497	469
441	692
603	573
593	624
#End Disappearing Edges

*Newborn Edges
1	221
1	274
1	416
1	643
1	661
1	730
1	771
1	796
1	807
221	4
221	23
221	218
221	274
221	331
221	431
221	783
221	803
221	980
274	202
274	256
274	265
274	571
274	582
274	595
274	638
274	743
274	838
274	875
416	116
416	157
416	242
416	377
416	486
416	595
416	747
416	791
416	803
416	845
416	921
416	980
643	67
643	217
643	218
643	351
643	470
643	527
643	620
643	650
643	718
643	730
643	783
643	875
643	921
643	980
661	164
661	217
661	431
661	460
661	527
661	598
661	671
661	741
661	743
661	791
661	796
661	869
661	921
661	943
730	40
730	91
730	107
730	157
730	185
730	242
730	331
730	431
730	455
730	470
730	671
730	688
730	743
730	747
730	763
730	814
730	820
730	838
771	40
771	99
771	124
771	125
771	230
771	376
771	527
771	577
771	628
771	638
771	642
771	679
771	688
771	751
771	767
771	803
771	942
771	980
796	119
796	125
796	236
796	331
796	455
796	518
796	571
796	582
796	663
796	671
796	718
796	741
796	767
796	803
796	807
807	97
807	107
807	111
807	117
807	119
807	146
807	173
807	185
807	259
807	331
807	486
807	582
807	671
807	688
807	741
807	802
807	980
885	67
885	124
885	150
885	165
885	236
885	381
885	433
885	455
885	460
885	470
885	486
885	508
885	527
885	577
885	598
885	628
885	644
885	659
885	725
885	741
885	743
885	820
885	957
2	636
2	655
2	673
2	765
2	776
2	792
2	844
2	860
2	925
2	974
636	388
636	449
636	475
636	482
636	488
636	520
636	673
636	765
636	776
636	792
636	974
655	10
655	100
655	388
655	475
655	480
655	520
655	925
655	974
673	10
673	100
673	480
673	482
673	488
673	520
673	552
673	619
673	765
673	792
673	974
765	10
765	100
765	475
765	619
765	844
765	974
776	10
776	388
776	480
776	482
776	488
776	552
776	619
776	974
792	449
792	480
792	488
792	520
792	974
844	388
844	860
844	974
860	449
860	482
860	488
860	619
860	974
925	552
925	818
925	974
974	10
974	100
974	388
974	449
974	475
974	480
974	482
974	488
974	520
974	552
974	619
3	92
3	93
3	95
3	109
3	145
3	234
3	452
3	634
92	93
92	95
92	109
92	145
92	234
92	452
92	634
93	95
93	109
93	145
93	452
93	634
95	109
95	145
95	234
95	452
95	634
109	145
109	234
109	452
109	634
145	234
145	452
145	634
234	452
234	634
452	634
4	165
4	256
4	331
4	376
4	598
4	791
4	943
4	980
165	508
165	628
165	663
165	875
165	957
165	980
256	185
256	351
256	595
256	741
256	838
256	869
256	942
256	980
331	185
331	628
331	688
331	751
331	957
376	157
376	353
376	620
376	638
376	659
376	663
376	755
376	783
376	791
376	845
376	869
598	242
598	259
598	448
598	571
598	595
598	620
598	650
598	679
598	747
598	763
598	802
598	803
598	875
598	957
791	157
791	202
791	236
791	302
791	377
791	433
791	494
791	527
791	582
791	620
791	663
791	741
791	743
791	747
791	751
791	980
845	97
845	111
845	125
845	164
845	236
845	259
845	353
845	377
845	448
845	455
845	486
845	512
845	582
845	620
845	628
845	718
845	943
845	980
943	99
943	111
943	115
943	117
943	119
943	125
943	258
943	302
943	351
943	448
943	470
943	486
943	494
943	577
943	620
943	671
943	688
943	718
943	820
943	838
943	942
980	67
980	115
980	119
980	146
980	150
980	157
980	173
980	217
980	231
980	236
980	302
980	335
980	353
980	463
980	470
980	494
980	508
980	518
980	527
980	571
980	628
980	638
980	642
980	679
980	718
980	725
980	747
980	751
980	755
980	763
980	783
980	784
980	803
980	820
980	875
980	921
980	942
5	38
5	800
5	827
38	156
38	872
38	918
800	235
800	307
800	391
800	396
800	490
800	599
800	674
827	58
827	59
827	63
827	103
827	216
827	235
827	250
827	406
827	599
898	27
898	59
898	63
898	112
898	141
898	406
898	417
898	621
898	711
898	919
911	27
911	63
911	112
911	216
911	391
911	406
911	417
918	58
918	59
918	112
918	156
918	235
918	313
918	491
919	27
919	103
919	112
919	391
919	516
931	59
931	112
931	328
931	406
931	872
940	59
940	112
940	220
940	235
940	406
940	521
975	59
975	112
975	406
6	72
6	652
48	312
48	652
72	652
312	652
314	652
553	652
7	692
692	154
692	177
692	275
692	297
692	444
692	569
692	667
713	154
713	275
713	444
713	569
713	667
793	177
793	204
793	275
793	444
793	569
793	667
815	177
815	204
815	275
815	444
815	569
815	667
852	177
852	204
852	275
852	444
852	569
852	667
867	177
867	204
867	275
867	444
867	569
867	667
877	177
877	204
877	275
877	444
877	569
877	667
890	177
890	204
890	275
890	444
890	569
890	667
965	177
965	204
965	275
965	444
965	569
965	667
8	43
8	179
8	233
8	359
8	363
8	412
8	499
8	656
8	691
8	752
43	190
43	282
43	363
43	380
43	412
43	499
43	656
43	691
43	752
179	190
179	282
179	691
179	752
233	120
233	134
233	691
233	752
359	120
359	134
359	691
359	752
363	120
363	134
363	691
363	752
412	120
412	134
412	691
412	752
499	120
499	134
499	691
499	752
656	120
656	134
656	691
656	752
691	120
691	134
691	190
691	282
691	380
691	667
691	752
752	120
752	134
752	190
752	282
752	380
9	249
9	579
9	632
9	811
9	897
9	920
9	929
249	160
249	193
249	536
249	785
249	789
249	832
249	851
249	880
249	899
249	920
419	174
419	193
419	526
419	541
419	576
419	670
419	739
419	740
419	837
419	876
419	884
419	954
579	318
579	375
579	446
579	473
579	497
579	541
579	563
579	637
579	678
579	693
579	834
579	851
579	864
579	865
579	893
579	896
632	318
632	327
632	407
632	446
632	472
632	541
632	613
632	680
632	701
632	703
632	739
632	740
632	789
632	896
632	899
632	912
739	193
739	255
739	269
739	451
739	468
739	576
739	670
739	672
739	703
739	817
739	834
739	865
739	884
739	896
739	920
739	954
811	22
811	62
811	223
811	414
811	427
811	536
811	613
811	635
811	672
811	678
811	789
811	817
811	834
811	837
811	851
811	858
811	863
811	866
811	884
811	899
896	269
896	375
896	446
896	483
896	497
896	613
896	637
896	670
896	680
896	683
896	721
896	740
896	817
896	832
896	834
896	837
896	858
896	865
896	866
896	879
896	899
896	929
897	130
897	255
897	279
897	346
897	404
897	407
897	414
897	473
897	483
897	496
897	541
897	563
897	576
897	613
897	670
897	701
897	785
897	851
897	858
897	865
897	879
897	884
897	893
897	912
897	920
920	22
920	193
920	269
920	326
920	327
920	357
920	414
920	427
920	432
920	472
920	473
920	541
920	574
920	635
920	637
920	648
920	678
920	722
920	834
920	837
920	863
920	879
920	880
920	882
920	899
920	912
929	42
929	118
929	160
929	269
929	318
929	346
929	357
929	375
929	454
929	473
929	496
929	497
929	563
929	648
929	719
929	785
929	832
929	834
929	876
929	882
929	884
929	906
929	954
929	956
11	510
11	754
11	822
11	833
11	871
11	883
11	964
11	976
510	78
510	440
510	570
510	790
510	810
510	846
510	969
604	240
604	261
604	306
604	498
604	570
604	700
604	704
604	754
604	790
604	822
604	833
604	871
604	883
604	964
604	976
754	78
754	98
754	195
754	498
754	790
754	810
754	846
754	969
822	78
822	90
822	195
822	261
822	440
822	498
822	522
822	561
822	704
822	790
822	810
822	846
822	969
833	78
833	90
833	98
833	440
833	498
833	522
833	561
833	810
833	846
833	969
871	78
871	90
871	98
871	195
871	498
871	522
871	561
871	704
871	790
871	810
871	846
871	969
883	78
883	90
883	98
883	195
883	440
883	498
883	522
883	561
883	704
883	790
883	810
883	846
883	969
964	78
964	90
964	98
964	195
964	261
964	440
964	498
964	522
964	561
964	704
964	790
964	810
964	846
964	969
969	24
969	68
969	147
969	210
969	240
969	261
969	306
969	374
969	436
969	498
969	514
969	570
969	639
969	694
969	700
969	704
969	790
969	976
976	78
976	90
976	98
976	195
976	261
976	440
976	498
976	522
976	561
976	704
976	790
976	810
976	846
12	158
12	677
12	695
12	753
12	819
12	835
12	862
12	894
12	979
12	998
158	657
158	677
158	770
158	779
158	847
158	850
158	856
158	908
158	926
677	45
677	86
677	268
677	344
677	474
677	503
677	589
677	717
677	731
677	736
677	750
677	781
677	826
677	859
677	862
677	904
677	934
677	979
695	86
695	254
695	266
695	268
695	399
695	430
695	589
695	731
695	736
695	779
695	847
695	850
695	854
695	862
695	935
695	979
753	20
753	86
753	252
753	266
753	294
753	332
753	344
753	356
753	415
753	554
753	557
753	568
753	731
753	759
753	819
753	826
753	835
753	847
753	857
753	904
819	178
819	266
819	323
819	343
819	390
819	399
819	507
819	515
819	533
819	534
819	554
819	588
819	717
819	835
819	856
819	857
819	859
819	926
835	211
835	222
835	320
835	332
835	334
835	344
835	544
835	554
835	698
835	710
835	736
835	781
835	878
835	891
835	894
835	915
835	926
835	979
862	45
862	137
862	149
862	153
862	268
862	299
862	334
862	356
862	360
862	464
862	474
862	476
862	507
862	549
862	581
862	589
862	625
862	731
862	908
862	979
894	86
894	149
894	162
894	222
894	254
894	268
894	320
894	334
894	415
894	544
894	554
894	581
894	657
894	698
894	737
894	770
894	850
894	859
894	904
894	908
894	934
894	979
979	121
979	137
979	254
979	343
979	344
979	356
979	365
979	369
979	390
979	405
979	415
979	424
979	464
979	474
979	476
979	503
979	515
979	533
979	534
979	554
979	559
979	568
979	588
979	589
979	597
979	625
979	654
979	657
979	710
979	731
979	779
979	781
979	826
979	829
979	857
979	859
979	873
979	878
979	934
979	998
998	25
998	110
998	162
998	178
998	211
998	222
998	252
998	332
998	341
998	371
998	405
998	554
998	559
998	581
998	657
998	717
998	731
998	759
998	779
998	847
998	850
998	856
998	857
998	873
998	915
13	532
13	535
13	618
13	633
13	675
13	684
13	705
13	788
13	821
13	839
532	104
532	159
532	232
532	241
532	281
532	315
532	347
532	618
532	633
532	675
535	61
535	104
535	159
535	315
535	347
535	584
535	618
535	675
535	705
535	788
535	839
618	51
618	61
618	159
618	347
618	584
618	633
618	675
618	684
633	61
633	104
633	159
633	232
633	241
633	315
633	347
675	61
675	104
675	232
675	281
675	315
675	347
675	684
675	821
675	839
684	51
684	104
684	159
684	232
684	241
684	281
684	347
684	584
684	705
705	51
705	61
705	104
705	241
705	347
705	821
788	51
788	61
788	104
788	159
788	232
788	347
821	51
821	61
821	104
821	159
821	315
839	51
839	61
839	104
839	232
839	281
14	64
15	384
15	623
15	801
15	892
15	905
384	687
384	712
384	762
384	806
384	905
623	74
623	148
623	186
623	305
623	601
623	714
623	905
762	77
762	183
762	305
762	311
762	712
762	768
762	905
768	148
768	200
768	311
768	484
768	760
768	905
801	132
801	186
801	364
801	760
801	825
801	905
892	21
892	85
892	138
892	305
892	413
892	905
905	21
905	74
905	77
905	85
905	132
905	138
905	140
905	148
905	183
905	200
905	305
905	308
905	311
905	364
905	413
905	461
905	484
905	601
905	687
905	712
905	714
905	738
905	760
905	806
905	825
905	913
905	916
905	923
913	138
913	183
913	305
913	461
916	74
916	305
916	311
916	806
923	183
923	305
923	601
16	262
16	355
16	361
16	459
16	924
16	995
262	28
262	209
262	355
262	361
262	459
262	924
262	995
355	28
355	209
355	361
355	924
355	995
361	28
361	209
361	459
361	583
361	702
361	881
361	900
361	924
361	995
459	28
459	924
459	995
583	28
583	209
583	702
583	924
583	995
702	924
702	995
881	924
881	995
900	924
900	995
924	28
924	209
924	995
995	28
995	209
17	336
17	478
17	651
17	709
17	732
17	813
17	930
336	152
336	304
336	321
336	426
336	631
336	748
336	804
336	841
336	930
336	946
478	31
478	253
478	429
478	578
478	660
478	676
478	715
478	769
478	841
478	870
478	930
651	175
651	229
651	304
651	338
651	423
651	531
651	565
651	594
651	774
651	813
651	870
651	937
651	961
709	238
709	321
709	342
709	366
709	426
709	429
709	447
709	466
709	578
709	592
709	611
709	715
709	748
709	870
709	967
732	94
732	131
732	189
732	237
732	291
732	395
732	421
732	462
732	481
732	506
732	804
732	805
732	841
732	870
732	955
732	961
732	967
813	94
813	175
813	181
813	189
813	229
813	237
813	253
813	329
813	398
813	447
813	493
813	531
813	586
813	592
813	769
813	786
813	804
813	937
813	961
907	131
907	142
907	176
907	212
907	229
907	291
907	321
907	423
907	425
907	437
907	578
907	586
907	592
907	616
907	724
907	772
907	786
907	804
907	955
907	961
907	967
930	65
930	82
930	176
930	189
930	248
930	303
930	348
930	379
930	395
930	437
930	467
930	493
930	509
930	591
930	627
930	631
930	676
930	696
930	748
930	804
930	967
937	65
937	175
937	176
937	181
937	199
937	201
937	291
937	345
937	366
937	382
937	426
937	429
937	466
937	506
937	562
937	565
937	578
937	605
937	627
937	696
937	769
937	774
937	787
937	955
946	82
946	142
946	229
946	296
946	316
946	342
946	345
946	348
946	366
946	382
946	395
946	398
946	466
946	500
946	509
946	562
946	616
946	715
946	724
946	774
946	786
946	794
18	96
18	428
18	686
18	699
18	766
18	868
18	887
18	973
81	392
81	471
81	629
81	665
81	775
81	868
81	933
81	973
96	168
96	617
96	658
96	686
96	749
96	874
96	889
96	895
96	973
428	214
428	457
428	505
428	606
428	614
428	617
428	735
428	874
428	889
428	895
428	951
686	389
686	397
686	471
686	505
686	528
686	596
686	617
686	645
686	658
686	735
686	766
686	849
686	933
699	168
699	270
699	278
699	352
699	477
699	558
699	572
699	606
699	614
699	665
699	843
699	849
699	889
699	944
766	60
766	227
766	278
766	350
766	378
766	389
766	397
766	471
766	596
766	600
766	658
766	735
766	849
766	868
766	874
766	944
868	33
868	135
868	203
868	270
868	358
868	378
868	457
868	550
868	587
868	617
868	629
868	749
868	874
868	944
868	951
887	60
887	106
887	168
887	264
887	350
887	358
887	392
887	439
887	505
887	528
887	587
887	653
887	658
887	665
887	749
887	874
944	60
944	270
944	358
944	373
944	389
944	397
944	410
944	542
944	558
944	749
944	782
944	895
944	933
973	350
973	373
973	397
973	439
973	572
973	596
973	614
973	629
973	645
973	665
973	775
973	895
19	53
19	272
19	523
19	996
53	79
53	272
53	758
53	996
272	70
272	434
272	734
272	996
523	71
523	108
523	337
523	996
585	47
585	114
585	301
585	324
585	337
585	996
685	301
685	333
685	337
685	434
685	996
734	47
734	301
734	996
758	301
758	337
758	996
761	108
761	301
761	324
761	996
972	301
972	996
996	47
996	70
996	71
996	79
996	108
996	114
996	169
996	301
996	324
996	333
996	337
996	434
996	438
996	547
20	252
20	293
20	503
20	625
20	908
20	934
20	935
252	25
252	211
252	254
252	533
252	736
252	750
252	915
293	180
293	280
293	474
293	513
293	557
293	581
293	710
293	757
293	759
293	779
503	182
503	299
503	588
503	597
503	607
503	698
503	716
503	731
503	878
503	908
625	180
625	323
625	365
625	654
625	698
625	737
625	781
625	850
625	904
625	926
770	153
770	162
770	334
770	343
770	365
770	369
770	556
770	568
770	710
770	759
770	781
770	856
770	859
770	873
770	891
856	149
856	180
856	268
856	280
856	299
856	365
856	390
856	534
856	597
856	607
856	649
856	698
856	716
856	731
856	736
856	737
856	857
856	891
856	935
908	25
908	110
908	171
908	254
908	266
908	268
908	476
908	507
908	513
908	557
908	568
908	710
908	716
908	717
908	736
908	854
908	857
908	926
934	45
934	171
934	222
934	320
934	344
934	405
934	507
934	515
934	533
934	544
934	731
934	737
934	750
934	847
934	850
934	854
934	926
935	52
935	137
935	178
935	180
935	280
935	299
935	320
935	332
935	399
935	430
935	464
935	513
935	544
935	554
935	589
935	607
935	654
935	710
935	717
935	750
935	759
935	781
935	847
935	854
935	873
21	186
21	687
21	738
21	760
186	644
186	806
186	825
687	85
687	148
687	305
687	364
687	461
714	77
714	132
714	192
714	200
714	311
714	461
738	77
738	85
738	192
738	413
738	484
738	601
760	74
760	138
760	305
760	308
760	461
22	519
22	537
22	613
22	740
22	893
22	954
519	62
519	69
519	167
519	213
519	327
519	496
519	668
519	680
519	834
519	956
537	170
537	362
537	407
537	432
537	574
537	635
537	637
537	722
537	879
537	882
537	963
537	970
613	468
613	536
613	635
613	701
613	722
613	863
613	880
613	893
613	954
613	956
740	80
740	194
740	279
740	362
740	375
740	386
740	427
740	576
740	719
740	817
740	851
740	863
740	879
740	893
740	906
740	956
864	80
864	223
864	269
864	386
864	404
864	458
864	469
864	497
864	563
864	576
864	635
864	637
864	681
864	721
864	817
864	834
864	866
864	879
864	906
864	970
882	255
882	318
882	386
882	496
882	563
882	670
882	672
882	721
882	785
882	817
882	832
882	851
882	858
882	866
882	879
882	899
882	956
882	963
882	970
893	69
893	118
893	170
893	244
893	251
893	346
893	354
893	386
893	407
893	432
893	454
893	469
893	541
893	574
893	785
893	832
893	834
893	863
893	884
954	130
954	160
954	170
954	174
954	194
954	318
954	326
954	451
954	468
954	473
954	536
954	635
954	670
954	678
954	817
954	858
954	865
954	884
954	899
954	906
954	956
23	99
23	117
23	217
23	494
23	638
23	679
23	820
23	875
99	486
99	527
99	571
99	620
99	755
99	869
99	942
117	116
117	381
117	718
117	743
117	875
117	921
117	957
217	642
217	671
217	784
217	803
217	838
217	875
494	335
494	527
494	595
494	644
494	663
494	718
494	725
494	814
494	869
494	921
494	942
638	115
638	146
638	157
638	230
638	463
638	571
638	577
638	620
638	671
638	725
638	751
638	869
638	921
679	107
679	115
679	230
679	353
679	460
679	470
679	512
679	642
679	659
679	725
679	741
679	751
679	838
679	875
679	921
679	942
820	116
820	150
820	157
820	245
820	246
820	265
820	377
820	460
820	486
820	508
820	628
820	642
820	650
820	663
820	688
820	747
820	751
820	767
820	784
820	838
820	869
820	875
820	957
875	75
875	111
875	116
875	125
875	187
875	242
875	353
875	518
875	577
875	642
875	644
875	763
875	783
875	814
24	261
24	790
24	810
24	846
261	498
261	639
261	700
261	704
261	790
261	810
790	147
790	195
790	306
790	374
790	440
790	498
790	522
790	561
790	570
790	639
790	694
790	700
790	704
790	810
790	846
810	240
810	374
810	436
810	498
810	514
810	570
810	639
810	694
810	700
810	704
846	68
846	210
846	240
846	306
846	436
846	498
846	514
846	570
846	639
846	694
846	700
846	704
25	415
25	750
25	779
25	781
25	847
25	926
415	45
415	149
415	424
415	568
415	750
415	779
415	826
415	847
750	369
750	399
750	424
750	507
750	657
750	716
750	731
750	757
750	829
750	854
750	904
750	915
779	180
779	182
779	299
779	323
779	507
779	554
779	589
779	597
779	706
779	781
779	826
779	873
779	878
781	266
781	294
781	365
781	424
781	476
781	554
781	589
781	607
781	657
781	710
781	736
781	915
847	222
847	332
847	341
847	544
847	549
847	556
847	710
847	731
847	759
847	826
847	859
847	873
847	904
847	915
873	110
873	153
873	178
873	268
873	299
873	320
873	341
873	365
873	399
873	405
873	556
873	559
873	706
873	710
873	716
873	717
873	829
873	926
926	86
926	121
926	171
926	182
926	294
926	507
926	513
926	554
926	568
926	589
926	654
926	826
926	829
926	904
26	184
26	495
144	184
144	495
184	196
184	385
184	495
184	567
184	612
196	495
385	495
495	567
495	612
27	250
250	490
250	872
707	63
707	103
707	141
707	216
707	313
707	328
707	406
707	417
707	491
707	711
29	524
29	575
29	746
29	797
29	799
29	848
29	886
29	939
29	948
29	959
524	492
524	640
524	664
575	393
575	401
575	640
746	393
797	393
797	640
799	393
799	640
848	393
848	640
886	393
886	640
939	393
939	640
948	393
948	640
959	393
959	640
30	193
30	318
30	354
30	404
30	473
30	670
30	683
30	701
30	884
193	469
193	693
193	851
193	912
193	956
318	66
318	354
318	404
318	563
318	879
318	912
354	118
354	496
354	789
354	899
354	906
354	912
354	956
354	963
404	255
404	386
404	678
404	680
404	837
404	879
404	880
404	970
473	69
473	251
473	637
473	785
473	817
473	963
670	194
670	244
670	327
670	489
670	637
670	648
670	721
670	785
670	912
670	963
683	80
683	160
683	414
683	432
683	454
683	468
683	469
683	536
683	541
683	563
683	668
683	672
683	722
683	817
683	837
683	865
683	884
701	160
701	170
701	251
701	386
701	637
701	680
701	693
701	703
701	721
701	832
701	837
701	865
866	42
866	66
866	167
866	269
866	279
866	362
866	496
866	563
866	680
866	719
866	722
866	834
866	879
866	956
866	963
884	194
884	386
884	451
884	489
884	541
884	648
884	681
884	858
884	876
884	879
884	912
31	466
31	531
31	592
31	608
31	696
31	774
31	804
31	870
31	967
466	181
466	237
466	295
466	382
466	509
466	616
466	660
466	772
466	794
531	142
531	166
531	201
531	248
531	304
531	456
531	586
531	696
531	774
531	786
531	805
592	34
592	166
592	201
592	304
592	329
592	338
592	348
592	425
592	429
592	627
592	696
592	724
608	176
608	181
608	229
608	366
608	456
608	509
608	565
608	586
608	594
608	787
608	794
696	34
696	199
696	321
696	338
696	342
696	395
696	429
696	562
696	627
696	660
774	131
774	166
774	212
774	303
774	304
774	366
774	509
774	565
774	578
774	586
774	748
774	805
804	65
804	142
804	175
804	247
804	260
804	296
804	342
804	366
804	379
804	421
804	493
804	586
804	715
804	724
804	786
870	176
870	295
870	304
870	329
870	348
870	425
870	447
870	462
870	509
870	586
870	591
870	594
870	627
870	676
870	724
870	772
870	955
870	961
967	34
967	65
967	82
967	189
967	199
967	205
967	237
967	247
967	260
967	296
967	321
967	345
967	398
967	429
967	447
967	493
967	500
967	506
967	611
967	660
967	955
32	548
32	729
442	548
442	729
548	408
548	445
548	726
548	729
548	745
548	816
548	818
548	927
548	968
548	981
726	729
729	408
729	445
729	745
729	816
729	818
729	927
729	968
729	981
33	139
33	270
33	378
33	542
33	645
33	849
33	895
139	60
139	629
139	735
139	843
139	849
139	914
139	951
270	284
270	373
270	645
270	653
270	735
270	933
378	133
378	350
378	477
378	600
542	215
542	239
542	389
542	471
542	587
542	596
542	658
542	749
542	775
542	895
542	914
645	106
645	168
645	350
645	352
645	373
645	558
645	587
645	629
645	775
645	895
645	914
645	933
645	951
849	135
849	214
849	264
849	278
849	397
849	410
849	439
849	606
849	775
849	874
849	914
849	933
849	951
889	60
889	203
889	227
889	284
889	350
889	358
889	410
889	439
889	471
889	558
889	658
889	775
889	874
889	914
895	106
895	135
895	203
895	214
895	215
895	373
895	457
895	471
895	550
895	558
895	775
895	782
34	247
34	426
34	456
34	578
34	961
229	291
229	329
229	481
229	500
229	591
247	238
247	295
247	493
247	591
247	769
247	772
247	955
426	212
426	291
426	398
426	447
426	481
426	500
426	506
426	611
426	627
426	772
426	955
456	131
456	166
456	379
456	660
456	676
456	787
456	794
456	961
578	429
578	594
578	627
578	669
578	787
578	805
578	961
961	142
961	181
961	237
961	304
961	321
961	329
961	481
961	506
961	562
961	586
961	591
961	594
961	616
961	631
961	669
961	841
978	773
987	773
988	773
989	773
991	773
992	773
993	773
997	773
999	773
1000	773
36	823
36	840
36	888
36	985
823	102
823	263
823	289
823	300
823	370
823	400
823	543
823	593
823	624
823	630
823	662
823	697
823	723
823	733
823	756
823	780
823	828
823	830
823	840
823	842
823	888
823	960
823	983
823	985
823	986
823	990
823	994
830	44
830	89
830	370
830	400
830	543
830	840
830	888
830	985
840	44
840	46
840	73
840	263
840	289
840	300
840	370
840	400
840	543
840	593
840	624
840	630
840	662
840	697
840	723
840	733
840	756
840	780
840	828
840	842
840	888
840	960
840	983
840	985
840	986
840	990
840	994
888	44
888	46
888	73
888	89
888	102
888	263
888	289
888	300
888	370
888	400
888	543
888	593
888	624
888	630
888	662
888	697
888	723
888	733
888	756
888	780
888	828
888	842
888	960
888	983
888	985
888	986
888	990
888	994
960	44
960	89
960	370
960	400
960	543
960	985
983	44
983	89
983	370
983	400
983	543
983	985
985	46
985	73
985	102
985	263
985	289
985	300
985	370
985	400
985	543
985	593
985	624
985	630
985	662
985	697
985	723
985	733
985	756
985	780
985	828
985	842
985	986
985	990
985	994
986	44
986	89
986	370
986	400
986	543
990	44
990	89
990	370
990	400
990	543
994	44
994	89
994	370
994	400
994	543
37	105
37	276
37	288
37	450
37	555
37	564
37	566
37	689
37	708
37	809
105	555
105	566
105	689
276	143
276	288
276	555
276	566
276	689
288	39
288	88
288	143
288	277
288	450
288	555
288	564
288	566
288	689
288	708
288	809
450	143
450	555
450	566
450	689
555	39
555	88
555	143
555	277
555	564
555	566
555	689
555	708
555	809
564	143
564	566
564	689
566	39
566	88
566	143
566	277
566	689
566	708
566	809
689	39
689	88
689	143
689	277
689	708
689	809
708	143
809	143
156	383
156	406
156	674
711	63
711	313
711	383
711	490
711	521
711	641
872	58
872	59
872	112
872	235
872	383
872	521
872	621
39	143
143	277
40	302
40	335
40	455
40	688
40	741
40	747
40	803
40	957
302	75
302	381
302	527
302	642
302	725
302	784
302	814
302	942
335	258
335	259
335	448
335	577
335	659
335	755
335	942
335	957
455	218
455	230
455	242
455	265
455	518
455	957
688	231
688	258
688	431
688	448
688	508
688	751
688	784
688	921
741	97
741	245
741	463
741	470
741	486
741	869
747	75
747	107
747	146
747	231
747	259
747	381
747	411
747	431
747	571
747	577
747	663
747	725
747	942
747	957
803	67
803	91
803	107
803	125
803	353
803	463
803	644
803	718
803	751
803	755
803	767
803	869
957	115
957	164
957	202
957	231
957	246
957	351
957	448
957	486
957	508
957	518
957	577
957	644
957	650
957	663
957	671
957	942
41	690
41	764
41	798
41	836
41	901
41	917
41	949
41	958
41	977
41	984
690	84
690	224
690	764
690	836
690	901
764	84
764	101
764	136
764	188
764	224
764	225
764	409
764	501
764	511
764	590
764	610
764	798
764	836
764	901
764	917
764	949
764	958
764	977
764	984
798	84
798	224
798	836
798	901
836	84
836	101
836	136
836	188
836	224
836	225
836	409
836	501
836	511
836	590
836	610
836	901
836	917
836	949
836	958
836	977
836	984
901	84
901	101
901	136
901	188
901	224
901	225
901	409
901	501
901	511
901	590
901	610
901	917
901	949
901	958
901	977
901	984
917	84
917	224
949	84
949	224
958	84
958	224
977	84
977	224
984	84
984	224
42	62
42	458
42	637
42	851
42	863
42	963
42	970
62	427
62	451
62	563
62	680
62	817
62	970
458	160
458	326
458	472
458	668
458	672
458	680
458	722
458	789
458	837
458	906
458	956
637	269
637	469
637	536
637	880
637	956
637	963
851	127
851	167
851	194
851	244
851	269
851	407
851	414
851	427
851	469
851	526
851	536
851	648
851	668
851	865
863	130
863	213
863	327
863	386
863	451
863	454
863	526
863	678
863	681
863	834
863	865
863	876
863	880
863	956
863	963
963	66
963	127
963	223
963	375
963	407
963	432
963	454
963	472
963	489
963	536
963	703
963	858
963	876
963	880
963	912
970	118
970	130
970	244
970	279
970	326
970	375
970	454
970	574
970	576
970	668
970	719
970	721
970	789
970	865
970	876
970	899
970	906
190	120
282	134
380	120
380	134
44	828
828	89
828	370
828	400
828	543
45	180
45	654
45	716
45	904
180	360
180	399
180	716
180	857
180	891
654	211
654	341
654	464
654	474
654	515
654	736
654	850
654	854
654	857
654	859
654	878
654	891
716	86
716	222
716	334
716	360
716	534
716	556
716	559
716	589
716	597
716	607
716	649
716	737
826	162
826	211
826	294
826	332
826	334
826	344
826	513
826	549
826	559
826	597
826	649
826	710
826	737
826	850
826	854
857	110
857	424
857	430
857	476
857	515
857	544
857	589
857	698
857	717
857	757
857	859
857	904
904	52
904	162
904	171
904	323
904	365
904	430
904	474
904	507
904	544
904	557
904	597
904	607
904	657
904	698
904	878
904	915
46	780
780	370
780	400
780	543
842	89
842	370
842	400
842	543
47	301
47	333
301	70
301	108
301	169
301	337
301	438
333	71
333	434
547	79
547	108
547	438
49	465
49	492
49	640
465	151
465	640
492	298
492	640
640	128
640	151
640	198
640	298
640	393
640	394
640	401
640	602
50	727
50	909
622	208
622	267
622	727
622	909
682	208
682	267
682	727
682	909
727	54
727	113
727	122
727	163
727	267
727	285
727	292
727	367
727	435
727	539
727	551
727	580
727	778
727	812
727	831
727	861
727	909
727	945
727	971
778	208
778	267
778	909
812	208
812	267
812	909
831	208
831	267
831	909
861	208
861	267
861	909
909	54
909	113
909	122
909	163
909	208
909	267
909	285
909	292
909	367
909	435
909	539
909	551
909	580
909	945
909	971
945	208
945	267
971	208
971	267
51	347
51	584
347	315
584	104
584	159
584	241
584	281
584	315
52	344
52	556
52	706
52	829
52	850
52	854
52	915
344	556
344	710
344	878
344	891
556	121
556	323
556	343
556	371
556	399
556	568
556	607
556	649
556	657
556	915
706	121
706	294
706	399
706	515
706	557
706	559
706	581
706	588
706	607
706	657
706	731
706	736
706	859
829	121
829	149
829	211
829	254
829	294
829	371
829	507
829	549
829	559
829	698
829	757
829	759
829	850
850	162
850	211
850	320
850	334
850	369
850	371
850	464
850	476
850	554
850	568
850	581
850	589
850	607
850	698
850	757
854	149
854	171
854	178
854	268
854	356
854	513
854	589
854	597
854	649
854	736
854	757
854	759
854	859
854	878
854	891
854	915
915	121
915	149
915	182
915	254
915	320
915	323
915	334
915	356
915	365
915	557
915	588
915	589
915	607
915	717
915	736
915	737
79	114
55	207
55	339
55	525
55	902
207	902
339	902
525	902
56	403
56	502
56	910
403	87
403	286
403	310
403	502
403	910
502	87
502	310
502	910
530	286
530	310
530	910
666	87
666	910
728	910
853	910
910	87
910	286
910	310
910	928
910	932
910	938
57	393
57	664
393	243
393	602
393	664
664	243
59	490
59	521
59	824
490	220
490	307
490	443
490	621
521	103
521	313
521	328
521	621
521	674
824	112
824	216
824	313
824	383
824	391
824	491
60	373
60	558
60	600
60	658
60	951
373	287
373	358
373	410
373	505
373	658
558	133
558	203
558	214
558	457
558	479
558	658
558	665
600	203
600	214
600	227
600	410
600	439
600	457
600	505
600	528
600	653
600	782
658	133
658	215
658	352
658	358
658	410
658	596
658	617
658	629
658	653
658	665
658	749
658	782
951	133
951	135
951	168
951	227
951	264
951	284
951	352
951	358
951	389
951	397
951	614
951	629
951	782
951	914
427	327
427	541
427	563
427	648
427	832
427	858
451	80
451	279
451	446
451	483
451	668
451	722
451	876
451	880
563	223
563	244
563	375
563	693
563	865
563	880
563	906
680	66
680	167
680	362
680	672
680	703
680	719
680	858
680	879
817	127
817	194
817	244
817	255
817	327
817	362
817	386
817	414
817	489
817	785
817	789
817	899
865	80
865	174
865	223
865	255
865	446
865	454
865	526
865	576
865	858
865	876
865	912
63	391
63	674
391	328
391	443
391	674
674	417
674	599
674	641
65	212
65	429
65	616
65	676
65	805
212	260
212	382
212	462
212	594
212	660
212	769
212	805
429	176
429	237
429	447
429	591
429	594
429	748
429	772
616	189
616	295
616	296
616	316
616	421
616	467
616	565
616	586
616	769
616	955
676	76
676	94
676	175
676	253
676	316
676	398
676	425
676	467
676	715
805	94
805	175
805	205
805	238
805	291
805	295
805	382
805	437
805	447
805	500
805	509
805	586
805	611
805	772
805	955
66	672
66	681
66	785
66	834
66	879
66	906
672	127
672	244
672	468
672	472
672	526
672	789
672	834
672	876
672	879
672	906
672	956
681	357
681	414
681	454
681	574
681	668
681	721
681	722
681	789
681	876
681	879
681	912
681	956
785	118
785	223
785	255
785	357
785	446
785	483
785	668
785	721
785	722
785	832
785	899
834	194
834	375
834	483
834	496
834	576
834	668
834	722
834	832
834	837
834	956
879	80
879	130
879	326
879	432
879	446
879	472
879	483
879	526
879	648
879	832
879	876
879	880
906	127
906	160
906	194
906	223
906	251
906	362
906	469
906	483
906	496
906	536
906	635
906	678
906	693
906	719
906	912
67	107
67	115
67	433
67	620
67	784
67	838
107	185
107	508
115	202
115	218
115	942
433	75
433	571
433	642
433	659
433	718
620	146
620	595
620	628
620	743
620	767
620	784
620	869
784	119
784	124
784	157
784	187
784	242
784	377
784	470
784	571
784	659
784	814
784	838
838	75
838	91
838	185
838	411
838	512
838	518
838	577
838	659
838	671
838	783
838	802
838	869
838	921
68	514
514	306
514	522
514	704
570	522
69	432
69	469
69	635
69	648
69	876
432	346
432	722
469	118
469	279
469	454
469	496
635	213
635	244
635	454
635	719
635	789
635	899
648	357
648	468
648	472
648	668
648	693
648	719
648	832
648	956
876	213
876	279
876	357
876	362
876	386
876	454
876	536
876	574
876	693
876	837
71	337
71	438
337	434
438	434
73	756
756	370
756	400
756	543
74	484
484	308
484	712
75	258
75	628
75	743
258	236
258	642
258	650
258	671
258	751
258	921
628	91
628	231
628	381
628	431
628	463
628	659
628	671
628	755
628	802
628	814
743	202
743	353
743	431
743	460
743	470
743	512
743	725
743	751
743	802
76	181
76	338
76	493
76	500
76	591
76	955
181	201
181	295
181	421
181	565
181	594
338	303
338	304
338	627
338	669
338	794
338	841
338	955
493	291
493	304
493	447
493	586
493	605
493	715
493	794
493	841
500	152
500	260
500	321
500	342
500	398
500	627
500	669
500	787
500	841
591	199
591	296
591	382
591	423
591	565
591	669
955	142
955	152
955	205
955	237
955	253
955	296
955	345
955	366
955	423
955	437
955	462
955	467
955	509
955	611
955	748
955	772
825	85
825	148
825	200
825	305
825	364
80	693
80	837
693	160
693	223
693	251
693	483
693	719
693	837
693	858
837	223
837	251
837	346
837	386
837	497
837	526
837	574
837	789
956	174
956	251
956	407
956	414
956	526
956	722
956	832
956	912
392	227
392	264
392	617
392	843
471	168
471	215
471	572
471	653
471	735
629	350
629	358
629	457
629	550
629	606
629	775
629	914
665	239
665	457
665	528
665	596
665	606
665	775
665	914
775	133
775	358
775	397
775	479
775	550
775	587
775	614
775	653
874	278
874	457
874	479
874	572
874	653
874	735
874	843
933	133
933	284
933	352
933	358
933	477
933	550
933	596
933	614
933	617
933	782
933	914
82	382
82	395
82	425
82	467
82	605
82	787
382	437
382	611
382	669
382	787
395	260
395	316
395	329
395	787
425	291
425	303
425	437
425	481
425	565
425	605
425	627
425	669
467	152
467	295
467	296
467	321
467	348
467	715
467	724
605	303
605	345
605	421
605	447
605	586
605	611
605	627
605	724
605	748
605	787
787	166
787	201
787	296
787	329
787	421
787	462
787	586
787	627
787	669
787	794
83	317
83	646
83	808
83	903
83	922
83	941
83	947
83	982
317	319
317	322
317	418
317	487
317	646
317	647
317	808
317	903
317	922
317	941
317	947
317	982
340	646
340	808
340	903
340	922
340	941
340	947
340	982
646	123
646	126
646	161
646	319
646	418
646	647
646	903
647	197
647	322
647	325
647	487
647	808
647	903
647	922
647	941
647	947
647	982
808	123
808	126
808	161
808	319
808	418
808	903
903	123
903	126
903	161
903	197
903	319
903	322
903	325
903	418
903	487
903	922
903	941
903	947
903	982
922	123
922	126
922	161
922	319
922	418
941	123
941	126
941	161
941	319
941	418
947	123
947	126
947	161
947	319
947	418
982	123
982	126
982	161
982	319
982	418
85	806
806	183
806	305
806	308
806	461
86	371
86	534
86	657
371	110
371	153
371	182
371	405
371	424
371	549
371	737
534	332
534	390
534	464
534	549
534	698
534	891
657	178
657	294
657	365
657	390
657	717
657	859
657	891
522	700
522	704
91	97
91	246
91	763
97	518
97	725
97	814
97	869
246	150
246	173
246	265
246	512
246	595
246	659
246	755
246	802
246	921
763	111
763	150
763	173
763	187
763	377
763	448
763	518
763	527
763	577
763	582
763	659
763	671
763	751
942	116
942	150
942	164
942	187
942	236
942	245
942	259
942	351
942	377
942	381
942	431
942	512
942	642
942	663
942	814
942	869
942	921
94	447
94	631
94	715
94	794
447	238
447	321
447	423
447	611
447	660
631	205
631	237
631	253
631	348
631	366
631	423
631	627
631	748
631	794
715	131
715	189
715	253
715	379
715	421
715	481
715	506
715	586
715	594
794	131
794	142
794	291
794	295
794	316
794	421
794	562
794	786
168	239
168	397
617	239
617	477
617	587
617	735
749	214
749	284
749	358
749	397
749	528
749	596
749	653
749	782
518	577
518	644
518	650
518	659
518	751
518	755
518	802
518	921
650	202
650	218
650	236
650	411
650	448
650	512
650	642
650	718
725	146
725	377
725	527
725	582
725	644
725	718
725	802
725	814
814	119
814	125
814	164
814	236
814	377
814	381
814	431
814	448
814	463
814	527
814	659
814	718
869	119
869	187
869	218
869	411
869	460
869	470
869	512
869	671
98	704
704	210
704	240
704	436
704	440
704	561
704	639
704	694
704	700
486	124
486	150
486	157
486	164
486	242
486	431
486	755
527	164
527	202
527	431
527	718
571	119
571	242
571	259
571	351
571	463
755	124
755	150
755	202
755	230
755	231
755	377
755	470
755	582
755	642
100	619
619	449
619	475
619	480
619	482
619	552
103	307
307	383
307	396
307	406
106	479
106	572
106	606
106	914
479	397
479	587
479	596
479	606
505	135
505	215
505	352
505	606
505	782
572	214
572	352
572	439
572	477
572	550
572	587
572	914
606	278
606	550
606	614
914	203
914	239
914	278
914	284
914	352
914	410
914	528
914	587
914	614
914	735
914	843
185	245
185	259
185	644
185	921
508	124
508	245
508	411
508	512
508	582
508	718
595	230
595	259
595	751
644	230
644	351
644	353
644	512
644	577
644	718
644	783
644	921
921	116
921	187
921	218
921	245
921	431
921	460
921	470
921	512
921	642
921	671
921	751
921	802
108	169
108	434
169	324
110	280
110	476
110	559
110	588
110	597
110	891
280	365
280	464
280	474
280	544
280	588
280	759
476	153
476	365
476	430
476	554
476	759
476	878
559	299
559	405
559	464
559	549
559	597
559	698
559	710
559	859
559	878
588	178
588	182
588	222
588	294
588	299
588	356
588	710
588	737
588	757
597	323
597	341
597	343
597	607
597	757
597	859
891	153
891	162
891	171
891	222
891	343
891	360
891	474
891	507
891	544
891	549
891	554
891	557
891	607
891	736
891	878
111	164
111	463
111	659
164	351
463	411
463	577
463	659
463	671
463	767
659	245
659	351
659	381
659	751
783	124
783	150
783	202
783	236
783	512
783	577
783	663
783	718
783	751
783	802
112	406
112	599
406	417
406	443
406	491
406	641
599	141
599	220
599	235
599	328
551	285
580	267
202	259
202	577
218	231
218	242
218	512
218	663
218	767
116	353
116	582
116	767
116	802
353	642
353	767
582	411
582	663
582	671
582	767
582	802
767	173
767	187
767	381
767	663
767	671
802	173
802	242
802	265
802	377
802	381
802	470
802	718
125	124
125	187
125	377
381	259
381	411
381	431
381	718
718	146
718	642
118	407
118	536
118	721
118	858
407	496
407	719
407	721
536	213
536	454
536	541
536	576
536	899
721	130
721	167
721	472
721	574
721	719
858	244
858	357
858	489
858	497
858	668
858	678
858	719
858	722
858	832
858	912
119	236
119	671
236	411
671	265
671	512
671	751
120	134
121	533
121	589
121	736
121	878
533	171
533	332
533	390
533	474
533	549
533	581
533	698
533	757
533	759
589	430
589	698
736	360
736	365
736	390
736	513
736	515
736	581
859	171
859	294
859	332
859	369
859	424
859	513
859	759
878	137
878	266
878	369
878	399
878	430
878	698
878	737
878	757
539	267
539	367
123	325
123	487
325	126
325	418
487	161
487	319
487	418
124	411
411	230
411	242
411	577
411	663
187	663
377	157
377	173
127	174
127	327
127	414
127	446
127	832
127	880
174	251
174	489
174	722
174	880
327	213
327	526
327	880
414	170
414	483
414	703
414	880
446	223
446	375
446	703
446	880
446	899
832	346
832	468
832	472
832	576
832	678
832	703
832	719
832	880
880	170
880	194
880	223
880	255
880	269
880	357
880	468
880	489
880	496
880	789
128	394
128	602
394	271
129	545
129	966
545	936
545	966
936	966
130	386
130	526
130	722
386	678
526	160
526	489
526	541
722	269
722	362
722	496
131	321
131	398
131	611
398	176
398	772
398	786
611	152
611	199
611	205
611	329
611	462
611	627
769	237
769	295
769	303
769	379
769	437
769	562
769	660
769	786
769	841
132	192
192	308
192	413
133	352
133	782
352	653
782	227
782	264
782	358
782	439
782	587
782	596
135	287
135	614
135	843
287	284
287	397
287	410
287	457
287	550
614	350
614	410
614	439
614	653
614	843
735	227
735	587
735	596
843	203
843	227
843	239
843	264
843	278
843	284
610	224
137	360
137	399
137	554
137	581
137	757
360	341
360	405
360	698
360	757
399	356
399	568
399	717
554	323
554	464
554	581
581	182
581	294
581	343
581	424
581	430
757	162
757	182
757	430
757	464
757	474
757	549
757	557
712	140
712	200
712	305
712	311
140	601
601	413
141	313
313	491
142	627
142	748
627	303
627	509
627	841
748	201
748	238
748	248
748	291
748	316
748	509
748	660
146	460
460	173
460	431
460	512
147	436
147	440
147	561
436	210
436	374
436	639
440	498
440	694
561	306
561	374
561	639
561	694
700	498
149	343
149	731
343	178
343	299
343	405
731	211
731	294
731	424
731	464
731	649
152	342
152	462
152	594
342	199
342	304
342	509
342	562
462	205
462	437
462	669
462	786
594	253
594	423
594	437
594	562
153	334
153	649
334	171
649	341
649	390
649	405
649	430
649	507
649	568
649	607
649	698
649	759
154	603
603	204
603	275
603	297
603	569
603	667
744	177
744	204
744	275
744	444
744	569
744	667
155	742
290	742
560	742
383	516
383	529
157	242
160	789
789	279
789	483
789	678
162	557
162	568
557	182
557	266
557	430
557	513
557	710
568	266
568	294
568	320
568	341
568	515
568	710
163	435
663	265
663	470
166	345
166	379
166	421
175	176
175	724
345	291
345	379
345	509
345	669
379	260
379	481
379	509
379	772
421	253
421	348
421	509
421	669
421	772
421	786
562	189
562	260
562	296
562	724
167	170
167	213
167	255
167	899
170	269
213	375
213	496
213	899
255	497
255	899
899	357
899	472
899	483
239	358
239	596
239	653
397	203
397	457
397	550
962	773
173	231
173	259
231	448
231	642
251	483
489	244
489	326
489	357
489	541
489	574
176	348
176	565
724	238
724	253
724	260
724	303
724	366
724	423
724	565
724	772
724	841
348	316
348	786
348	841
565	248
565	481
565	506
565	660
565	786
565	841
177	615
177	720
615	441
615	444
615	485
615	569
615	667
720	204
720	228
720	275
720	444
720	569
720	667
178	607
607	254
607	474
607	544
201	481
201	586
201	660
201	669
295	238
295	772
182	544
544	424
544	430
544	513
544	515
544	698
544	717
245	751
189	423
189	669
189	786
205	786
423	303
423	316
423	772
669	506
669	660
786	238
786	248
786	296
786	366
786	660
786	841
191	349
191	368
191	538
191	953
349	368
349	538
349	953
368	538
368	953
538	953
308	305
413	364
912	244
912	326
912	362
912	468
912	541
912	574
912	668
194	279
194	678
279	541
678	357
678	468
678	497
678	574
678	668
195	210
195	694
197	319
197	418
319	322
418	322
199	303
199	772
303	248
660	437
660	586
772	238
772	291
772	316
772	506
772	841
200	461
481	238
481	437
481	506
481	841
586	248
586	437
577	230
577	512
203	457
204	573
573	441
573	444
573	485
573	569
573	667
206	257
257	309
208	285
211	369
211	549
369	320
369	341
549	710
260	329
375	326
375	576
496	326
496	357
214	653
653	264
653	389
653	439
653	587
215	528
215	550
528	278
528	439
528	477
528	550
216	529
529	396
529	491
529	516
529	621
219	795
273	795
540	795
220	621
621	396
621	443
224	590
227	389
389	410
389	587
228	569
228	667
569	441
569	485
569	667
667	297
667	441
667	485
329	841
841	248
841	296
841	304
230	448
448	470
448	751
232	241
232	281
281	315
237	248
248	253
238	296
358	477
596	284
596	587
243	401
401	271
253	437
483	668
483	703
483	719
254	474
254	759
474	390
474	759
759	294
759	320
759	323
759	341
759	405
759	430
759	698
497	362
498	306
264	284
266	365
266	515
365	356
515	332
515	356
268	507
507	424
507	698
278	350
278	587
703	362
703	668
703	719
464	320
464	323
464	710
950	773
952	773
710	424
299	717
299	737
717	323
717	332
717	341
717	737
737	356
737	405
737	424
396	641
641	417
641	516
491	417
491	443
491	516
320	698
698	356
698	405
323	390
326	668
326	719
668	472
668	576
719	362
328	516
346	362
346	454
346	468
362	454
454	576
357	574
855	773
388	480
388	482
388	488
480	475
480	552
482	475
482	488
482	520
482	552
488	552
443	417
420	777
777	453
777	773
441	444
449	475
449	552
475	552
520	552
504	773
773	609
773	626
543	697
543	723
543	733
#End Newborn Edges

*Degree Changed Nodes
501	16	14
590	17	16
610	17	18
690	17	21
798	17	21
917	17	21
949	17	21
958	17	21
977	17	21
984	17	21
3	10	8
511	15	14
902	35	4
975	43	44
6	10	6
14	10	6
48	10	6
64	10	6
312	13	6
314	13	6
330	13	6
422	14	6
517	14	6
546	14	6
553	14	6
7	10	9
820	25	28
823	25	28
903	35	19
488	16	15
792	26	21
839	30	20
844	30	21
860	31	21
924	38	12
925	38	22
522	16	17
561	17	18
604	16	19
742	16	3
810	16	27
846	16	30
901	16	21
969	16	36
13	3	10
368	3	4
634	3	8
790	3	26
72	10	6
226	12	6
966	39	3
583	18	12
702	22	12
728	23	13
853	25	13
881	25	12
900	25	12
928	25	13
932	25	13
938	25	13
284	13	12
55	10	4
758	25	24
761	25	24
972	27	24
124	10	11
764	25	21
822	25	28
833	25	29
871	25	33
883	25	33
964	25	36
976	25	36
26	8	7
144	8	7
196	8	7
381	8	14
385	8	7
567	8	7
569	8	18
612	8	7
905	8	35
666	21	13
442	11	12
726	11	12
745	11	12
816	11	12
818	11	13
927	11	12
968	11	12
979	11	46
981	11	12
978	27	26
987	27	26
988	27	26
989	27	26
991	27	26
992	27	26
993	27	26
997	27	26
999	27	26
1000	27	26
828	27	29
830	27	29
842	27	30
960	27	32
983	27	32
986	27	32
990	27	32
994	27	32
995	27	12
996	27	24
95	10	8
257	12	2
450	13	14
564	12	14
708	12	14
809	12	14
41	5	10
84	5	10
93	5	8
234	5	8
640	5	20
840	5	30
60	9	10
44	3	10
89	3	10
836	3	21
985	3	32
909	36	23
773	24	18
797	24	26
799	24	26
848	24	26
886	24	26
939	24	26
948	24	26
959	24	26
361	14	12
682	20	22
778	20	23
812	20	23
831	20	23
861	20	23
945	20	23
971	20	23
675	21	20
765	25	21
349	13	4
555	17	14
54	10	9
452	15	8
530	17	13
684	22	20
495	16	7
66	8	10
112	8	11
134	8	11
206	8	2
219	8	3
273	8	3
309	8	2
540	8	3
586	8	18
71	10	9
145	11	8
548	17	12
652	21	6
77	9	10
78	10	9
545	17	3
83	8	10
123	8	11
126	8	11
161	8	11
261	8	12
319	8	13
340	8	13
418	8	15
647	8	19
96	9	10
92	10	8
397	13	14
535	16	17
776	26	21
788	26	20
821	28	20
103	10	9
109	11	8
752	24	15
191	11	4
236	11	12
242	11	12
259	11	12
274	11	12
393	11	14
470	11	15
512	11	16
518	11	16
129	6	3
207	6	4
339	6	4
400	6	14
525	6	4
910	6	13
936	6	3
147	10	11
729	23	12
953	42	4
155	4	3
184	4	7
290	5	3
498	4	16
560	4	3
158	11	10
705	22	20
962	26	25
176	11	10
177	3	11
444	3	15
667	3	21
974	3	21
179	10	11
359	13	14
363	13	14
380	13	14
412	13	14
499	13	15
656	13	15
888	13	32
980	13	47
197	10	11
322	10	13
325	10	13
487	10	16
566	10	14
646	10	19
808	10	19
922	10	19
941	10	19
947	10	19
982	10	19
209	11	10
459	15	12
502	16	13
409	12	14
403	14	13
756	23	24
780	23	26
538	17	4
950	25	24
952	25	24
286	12	11
310	13	11
733	22	21
720	21	23
317	11	13
355	13	12
689	20	14
723	20	21
855	24	23
408	10	11
795	21	3
697	19	21
692	19	22
603	18	19
777	18	20
573	17	18
615	17	19
593	18	19
624	18	19
630	18	20
662	18	20
