*Disappearing Nodes
#End Disappearing Nodes

*Newborn Nodes
#End Newborn Nodes

*Disappearing Edges
1	84
1	99
1	134
1	165
1	183
1	193
1	265
1	740
84	134
84	146
84	165
84	183
84	202
84	265
84	331
84	486
84	740
99	134
99	146
99	165
99	193
99	202
99	265
99	331
99	740
134	146
134	165
134	193
134	202
134	265
134	331
134	486
134	740
165	183
165	193
165	202
165	265
165	740
183	146
183	193
183	202
183	265
183	331
183	486
183	740
183	1000
193	146
193	202
193	265
193	331
193	486
193	740
265	146
265	202
265	331
265	486
265	740
331	146
331	202
331	740
486	146
486	202
486	740
740	146
740	202
2	440
2	443
2	604
2	610
2	669
2	789
2	804
2	810
440	3
440	78
440	101
440	197
440	397
440	443
440	610
440	669
440	789
440	804
443	3
443	78
443	101
443	197
443	397
443	604
443	610
443	669
443	789
443	804
443	810
443	846
443	949
604	3
604	78
604	101
604	197
604	397
604	669
604	789
604	804
610	3
610	78
610	101
610	197
610	397
610	789
610	804
669	101
669	197
669	397
669	789
669	804
669	810
789	3
789	78
789	101
789	197
789	397
789	804
789	810
789	846
789	949
804	3
804	78
804	101
804	197
804	397
804	810
804	846
804	949
810	3
810	197
846	3
846	78
846	101
846	197
846	397
949	197
4	116
4	643
4	688
4	727
4	885
4	910
4	921
4	942
116	643
116	663
116	814
116	838
116	869
116	921
116	943
643	157
643	173
643	628
643	688
643	747
643	809
643	861
643	885
643	910
643	921
688	111
688	388
688	508
688	628
688	661
688	679
688	747
688	755
688	771
688	807
688	809
688	838
688	869
727	6
727	208
727	258
727	638
727	663
727	763
727	802
727	809
727	814
727	861
727	869
727	910
727	942
796	208
796	221
796	243
796	411
796	527
796	582
796	628
796	638
796	661
796	679
796	755
796	771
796	809
796	814
796	838
796	861
796	875
796	885
796	910
796	942
796	943
885	111
885	221
885	388
885	508
885	577
885	582
885	628
885	638
885	771
885	802
885	861
885	869
885	910
885	921
885	942
885	943
910	6
910	173
910	208
910	221
910	258
910	376
910	388
910	411
910	508
910	527
910	577
910	582
910	628
910	638
910	661
910	663
910	747
910	755
910	763
910	771
910	802
910	807
910	809
910	814
910	838
910	861
910	869
910	875
910	921
910	942
910	943
921	6
921	221
921	258
921	376
921	388
921	508
921	638
921	661
921	663
921	755
921	763
921	802
921	809
921	838
921	861
921	875
942	221
942	258
942	388
942	582
942	638
942	679
942	747
942	763
942	807
942	809
942	861
943	6
943	173
943	221
943	258
943	388
943	411
943	582
943	628
943	679
943	747
943	809
943	838
943	861
943	869
943	875
5	21
5	39
5	49
5	97
5	117
5	120
5	155
5	185
5	257
5	708
21	39
21	48
21	97
21	117
21	155
21	185
21	257
21	276
21	708
39	49
39	105
49	97
49	105
49	120
49	155
49	185
49	257
49	276
49	708
97	105
97	120
97	155
97	185
97	257
97	276
97	708
117	185
120	155
120	185
155	48
155	105
155	185
155	257
155	276
155	708
185	48
185	257
185	276
185	708
6	638
6	661
6	802
638	527
638	628
638	679
638	763
638	802
638	861
661	208
661	221
661	628
661	679
661	747
661	814
661	838
661	861
661	875
771	157
771	243
771	508
771	755
771	763
771	807
771	809
771	861
771	875
802	111
802	243
802	376
802	388
802	527
802	577
802	582
802	755
802	763
802	814
802	861
802	869
802	875
869	111
869	157
869	258
869	376
869	508
869	527
869	577
869	663
869	679
869	755
869	807
869	809
869	814
869	861
869	875
7	713
7	720
7	798
713	367
713	798
720	367
720	435
720	798
798	109
798	154
798	225
798	228
798	297
798	358
798	367
798	435
798	485
798	546
798	615
798	624
798	626
798	692
798	744
798	752
798	793
798	815
798	820
798	823
798	852
798	867
798	877
798	890
815	367
815	435
820	367
820	435
823	367
823	435
852	367
852	435
867	367
867	435
877	367
877	435
890	367
890	435
8	368
8	465
8	537
8	721
8	785
8	811
8	866
8	906
368	118
368	244
368	451
368	473
368	613
368	739
368	837
368	858
368	866
368	896
465	386
465	407
465	472
465	537
465	543
465	722
465	739
465	785
465	893
465	896
465	897
472	407
472	834
472	837
472	851
472	893
472	896
472	897
472	906
537	75
537	326
537	414
537	543
537	693
537	703
537	834
537	884
537	897
721	160
721	251
721	386
721	414
721	427
721	683
721	722
721	811
721	834
721	865
721	884
721	897
721	906
785	47
785	75
785	244
785	354
785	404
785	419
785	446
785	834
785	837
785	864
785	866
785	884
785	893
785	896
811	30
811	75
811	130
811	251
811	279
811	375
811	483
811	543
811	703
811	722
811	739
811	837
811	903
866	47
866	160
866	223
866	326
866	370
866	407
866	469
866	483
866	543
866	703
866	834
866	865
866	893
879	47
879	75
879	223
879	244
879	251
879	375
879	406
879	446
879	469
879	613
879	703
879	722
879	865
906	13
906	75
906	118
906	174
906	223
906	370
906	406
906	427
906	446
906	483
906	543
906	563
906	837
9	26
9	229
9	248
9	319
9	336
9	378
9	905
26	166
26	170
26	338
26	378
26	591
26	905
229	371
229	381
229	385
229	575
229	612
229	647
248	131
248	161
248	371
248	378
248	500
248	612
319	17
319	300
319	338
319	382
319	608
319	905
336	38
336	83
336	123
336	161
336	340
336	371
336	385
336	647
378	166
378	340
378	500
378	575
378	647
418	17
418	34
418	38
418	131
418	170
418	199
418	261
418	338
418	591
418	608
418	905
500	17
500	131
500	144
500	166
500	205
500	300
500	382
500	385
500	591
500	608
500	905
647	38
647	166
647	170
647	175
647	181
647	205
647	253
647	300
647	338
647	382
647	905
905	38
905	83
905	123
905	144
905	161
905	170
905	261
905	300
905	340
905	371
905	381
905	385
905	575
10	159
10	281
10	347
10	482
10	516
10	621
10	655
10	673
10	675
159	27
159	61
159	232
159	315
159	391
159	482
159	521
159	529
159	636
281	216
281	220
281	267
281	313
281	351
281	490
281	516
281	529
281	619
281	636
281	675
347	216
347	220
347	232
347	235
347	301
347	315
347	480
347	499
347	529
347	673
482	216
482	234
482	235
482	301
482	307
482	315
482	351
482	391
482	396
482	490
482	619
482	621
482	636
482	675
516	61
516	100
516	216
516	220
516	235
516	301
516	396
516	480
516	584
516	636
516	673
516	675
619	27
619	232
619	267
619	307
619	313
619	315
619	396
619	490
619	521
619	529
619	621
619	636
619	655
621	27
621	61
621	216
621	220
621	232
621	351
621	391
621	396
621	480
621	499
621	521
621	584
621	675
655	58
655	61
655	100
655	103
655	216
655	220
655	235
655	250
655	267
655	301
655	315
655	396
655	499
655	521
655	584
655	673
673	27
673	61
673	63
673	216
673	220
673	232
673	234
673	250
673	267
673	307
673	391
673	490
673	499
673	529
673	584
673	675
675	27
675	61
675	232
675	235
675	250
675	267
675	301
675	315
675	396
675	490
675	521
11	561
11	690
11	742
11	824
561	136
561	374
561	409
561	424
561	425
561	501
561	742
561	824
690	136
690	188
690	195
690	317
690	363
690	374
690	424
690	522
690	824
742	66
742	188
742	195
742	317
742	363
742	374
742	409
742	424
742	824
824	66
824	136
824	188
824	195
824	317
824	363
824	374
824	409
824	424
824	425
824	501
824	522
824	590
824	901
824	917
824	967
824	969
824	977
824	984
901	188
901	363
901	374
901	424
917	363
917	374
917	424
967	363
967	374
967	424
969	363
969	374
969	424
977	363
977	374
977	424
984	363
984	374
984	424
12	164
12	556
12	631
12	779
12	850
12	878
12	891
164	649
164	717
164	750
164	850
164	857
164	878
164	891
164	894
164	904
164	909
556	158
556	549
556	588
556	654
556	677
556	750
556	873
631	266
631	341
631	344
631	649
631	677
631	689
631	706
631	717
631	737
631	779
631	840
631	850
631	857
631	873
631	878
631	891
631	894
631	904
631	909
779	158
779	405
779	649
779	654
779	689
779	750
779	850
850	332
850	588
850	649
850	657
850	689
873	42
873	405
873	534
873	588
878	42
878	178
878	343
878	657
878	689
878	894
891	42
891	52
891	549
891	689
894	344
894	513
894	689
909	689
909	836
13	469
13	473
13	683
13	693
13	722
13	903
279	370
279	419
279	563
279	693
279	703
279	864
279	865
279	897
279	903
469	75
469	130
469	370
469	473
469	739
469	834
469	864
469	865
473	160
473	419
473	563
473	613
473	834
473	837
473	864
473	865
668	174
668	375
668	406
668	427
668	446
668	693
668	739
668	837
668	893
668	897
683	118
683	223
683	354
683	386
683	427
683	483
683	541
683	543
683	703
683	851
693	75
693	174
693	251
693	407
693	541
693	858
693	865
693	884
693	896
693	903
722	223
722	446
722	451
722	483
722	541
722	543
722	563
722	858
722	893
722	897
903	130
903	255
903	354
903	362
903	370
903	404
903	406
903	414
903	451
903	739
903	884
14	168
14	330
14	441
14	517
168	36
168	226
168	330
168	410
168	422
168	502
168	517
168	553
168	565
168	569
308	233
330	233
422	43
422	233
422	410
441	43
441	233
502	36
502	233
517	233
553	233
565	233
569	233
15	311
15	623
15	760
311	364
311	548
311	601
311	762
623	138
623	140
623	186
623	687
623	801
760	79
760	246
760	364
760	413
760	605
760	768
760	825
768	79
768	132
768	140
768	143
768	200
768	246
768	364
768	605
768	738
801	79
801	88
801	143
801	384
801	806
806	88
806	138
806	140
806	186
806	246
806	384
806	548
913	79
913	88
913	200
913	246
913	364
916	85
916	88
916	246
916	384
916	484
916	548
923	88
923	138
923	186
923	246
923	892
966	88
966	246
16	573
16	704
16	799
16	886
16	924
16	939
16	948
573	667
573	695
573	746
573	848
573	886
573	922
573	924
573	939
573	948
573	959
573	968
704	271
704	298
704	461
704	602
704	773
704	797
704	799
704	848
704	886
704	922
704	939
704	948
704	959
704	968
799	56
799	461
799	666
799	702
799	714
799	853
799	900
799	922
799	924
799	928
799	932
799	968
853	57
853	128
853	298
853	524
853	602
853	667
853	695
853	746
853	773
853	797
853	848
853	886
853	922
853	924
853	939
853	948
853	968
886	59
886	209
886	286
886	403
886	459
886	461
886	702
886	714
886	728
886	881
886	922
886	924
886	928
886	968
900	57
900	128
900	271
900	401
900	667
900	695
900	714
900	746
900	773
900	797
900	848
900	922
900	924
900	939
900	948
900	959
900	968
924	28
924	56
924	57
924	59
924	68
924	128
924	151
924	198
924	209
924	271
924	298
924	401
924	459
924	461
924	492
924	530
924	583
924	602
924	667
924	702
924	714
924	728
924	746
924	773
924	848
924	881
924	922
924	928
924	932
924	939
924	948
924	959
928	128
928	198
928	271
928	461
928	492
928	524
928	602
928	667
928	714
928	746
928	773
928	797
928	848
928	922
928	939
928	948
928	959
928	968
939	56
939	286
939	459
939	461
939	530
939	583
939	666
939	695
939	702
939	714
939	728
939	881
939	922
939	932
939	968
948	28
948	56
948	59
948	87
948	262
948	403
948	459
948	461
948	583
948	666
948	695
948	702
948	714
948	728
948	881
948	922
948	932
948	968
17	144
17	253
17	340
17	381
144	34
144	131
144	161
144	261
144	608
253	170
253	300
253	385
253	575
253	612
338	199
338	340
338	385
340	181
340	385
340	591
340	608
381	34
381	38
381	166
381	205
381	608
18	606
18	766
18	868
18	887
18	889
18	895
18	944
606	270
606	389
606	572
606	617
606	645
606	735
606	741
606	843
606	889
606	914
766	133
766	214
766	270
766	392
766	505
766	554
766	617
766	629
766	699
766	735
766	782
766	868
766	874
766	944
766	951
775	106
775	214
775	284
775	287
775	350
775	352
775	505
775	554
775	596
775	600
775	629
775	645
775	646
775	686
775	698
775	735
775	741
775	889
775	973
868	29
868	139
868	215
868	352
868	392
868	572
868	629
868	645
868	646
868	653
868	741
868	790
868	849
868	944
887	139
887	215
887	270
887	352
887	471
887	505
887	572
887	629
887	653
887	665
887	686
887	735
887	741
887	790
887	889
887	914
889	239
889	287
889	310
889	477
889	525
889	617
889	646
889	665
889	686
889	698
889	699
889	741
889	790
889	874
889	914
889	973
895	214
895	227
895	239
895	270
895	287
895	350
895	352
895	572
895	629
895	698
895	735
895	741
895	749
895	782
895	944
944	139
944	239
944	284
944	310
944	392
944	525
944	572
944	596
944	600
944	617
944	629
944	646
944	665
944	699
944	735
944	741
944	973
951	29
951	227
951	270
951	284
951	287
951	310
951	389
951	653
951	686
951	698
951	741
951	749
951	790
951	849
973	29
973	239
973	352
973	392
973	554
973	558
973	646
973	698
973	741
973	790
973	843
973	914
19	163
19	324
19	438
19	523
19	547
163	169
163	280
163	438
163	447
163	547
163	555
163	685
163	758
163	761
163	972
324	169
324	272
324	547
324	555
324	585
438	70
438	71
438	272
438	280
438	333
523	53
523	71
523	145
523	337
523	555
547	447
585	71
585	272
585	280
734	145
20	41
20	44
20	150
20	184
20	640
41	44
41	184
44	150
44	184
44	640
150	184
184	640
22	863
22	876
22	880
22	954
670	432
670	468
670	579
670	635
670	672
670	678
670	832
863	269
863	318
863	496
863	632
863	634
863	635
863	648
863	680
863	956
876	37
876	62
876	127
876	496
876	536
876	574
876	634
876	635
876	648
876	719
876	920
876	929
876	954
880	127
880	167
880	269
880	327
880	454
880	526
880	574
880	680
880	832
882	127
882	167
882	454
882	634
882	678
882	680
882	719
882	899
929	62
929	536
929	634
929	672
929	701
929	832
929	920
954	269
954	576
954	634
954	672
956	37
956	634
956	817
956	970
963	37
963	167
963	497
963	536
963	579
963	634
970	167
970	249
970	634
970	681
23	121
23	179
23	190
23	206
23	275
23	282
23	322
23	359
23	412
23	656
121	55
121	179
121	190
121	206
121	275
121	282
121	322
121	359
121	412
121	656
179	55
179	206
190	55
190	206
206	55
206	275
206	282
206	322
206	359
206	412
206	656
275	55
282	55
322	55
359	55
412	55
656	55
24	774
754	774
764	774
774	92
774	147
774	204
774	240
774	288
774	306
774	436
774	510
774	514
774	639
774	658
774	694
774	822
774	833
774	871
774	883
774	964
774	965
774	976
25	268
25	564
25	571
25	625
25	835
25	862
25	935
268	294
268	369
268	464
268	716
268	781
268	854
268	888
268	934
268	936
564	211
564	323
564	533
564	597
564	729
564	731
564	753
564	759
564	781
564	826
564	829
564	847
564	859
564	902
564	915
564	926
564	934
571	153
571	180
571	182
571	334
571	356
571	716
571	731
571	753
571	770
571	826
571	856
571	859
571	888
571	908
571	926
571	935
571	936
625	45
625	162
625	299
625	360
625	369
625	430
625	464
625	630
625	716
625	759
625	826
625	856
625	862
625	936
835	137
835	222
835	293
835	294
835	334
835	360
835	415
835	568
835	607
835	716
835	826
835	829
835	856
835	915
856	86
856	153
856	320
856	349
856	356
856	568
856	589
856	630
856	710
856	729
856	731
856	757
856	759
856	902
856	915
856	926
856	936
862	86
862	149
862	211
862	254
862	294
862	369
862	533
862	540
862	757
862	759
862	826
862	854
862	859
888	137
888	182
888	299
888	356
888	430
888	464
888	568
888	607
888	630
888	716
888	781
888	859
888	915
926	182
926	299
926	360
926	390
926	474
926	503
926	540
926	559
926	568
926	597
926	607
926	664
926	736
926	770
926	819
926	915
935	86
935	180
935	211
935	254
935	294
935	299
935	323
935	430
935	464
935	559
935	589
935	630
935	829
935	847
935	902
166	199
166	261
166	385
166	575
166	612
170	261
170	300
170	382
170	575
170	608
170	612
575	34
575	38
575	131
575	205
575	591
575	608
591	38
591	83
591	300
591	612
27	58
27	234
27	480
27	529
27	636
58	61
58	63
58	103
58	232
58	313
58	521
58	529
234	63
234	232
234	301
234	313
234	351
234	391
234	480
234	499
480	100
480	220
480	250
480	267
480	301
480	307
480	313
480	391
480	521
529	100
529	103
529	216
529	235
529	250
529	267
529	351
529	391
529	636
636	100
636	103
636	232
636	235
636	250
636	267
636	351
636	521
28	695
28	773
28	922
695	56
695	209
695	459
695	461
695	524
695	530
695	666
695	667
695	714
695	728
695	773
695	797
695	848
695	932
695	959
695	968
773	209
773	403
773	583
773	711
773	714
773	728
773	881
773	922
773	932
773	968
881	57
881	68
881	93
881	128
881	151
881	298
881	461
881	524
881	602
881	667
881	746
881	797
881	922
881	959
881	968
922	56
922	93
922	151
922	198
922	262
922	271
922	286
922	403
922	459
922	461
922	492
922	530
922	583
922	602
922	666
922	702
922	714
922	728
922	746
922	797
922	848
922	932
922	959
932	68
932	93
932	198
932	271
932	298
932	401
932	461
932	492
932	524
932	602
932	667
932	714
932	746
932	797
932	848
932	959
932	968
29	646
29	698
29	735
29	790
646	214
646	310
646	554
646	617
646	629
646	653
646	665
646	698
646	699
646	741
646	749
646	782
646	874
646	914
698	310
698	477
698	525
698	629
698	653
698	735
698	790
698	843
698	849
735	310
735	392
735	471
735	600
735	741
735	749
735	914
790	139
790	214
790	239
790	284
790	389
790	392
790	471
790	505
790	558
790	600
790	629
790	653
790	665
790	686
790	699
790	782
790	843
790	849
790	874
874	215
874	270
874	310
874	350
874	389
874	392
874	505
874	645
874	843
874	849
874	914
30	160
30	354
30	613
30	851
30	893
30	896
160	370
160	404
160	446
160	834
160	893
354	446
354	451
354	851
354	865
354	896
354	897
613	255
613	362
613	386
613	407
613	483
613	541
613	563
613	851
613	858
851	75
851	223
851	251
851	255
851	375
851	451
851	858
851	865
851	884
865	47
865	223
865	244
865	251
865	362
865	386
865	406
865	541
865	837
893	47
893	255
893	326
893	346
893	419
893	739
893	837
893	864
893	897
896	118
896	251
896	362
896	406
896	414
896	419
896	483
896	864
31	142
31	212
31	398
31	481
31	627
31	787
31	930
31	946
31	975
142	304
142	481
142	493
142	794
142	813
142	907
142	946
142	955
142	975
212	303
212	398
212	794
212	805
212	813
212	841
212	946
212	961
398	237
398	395
398	724
398	794
398	805
398	870
398	955
398	975
481	65
481	176
481	296
481	342
481	616
481	715
481	805
481	870
627	342
627	467
627	531
627	578
627	594
627	611
627	732
627	813
627	841
627	946
627	955
627	961
787	76
787	94
787	152
787	176
787	238
787	345
787	748
787	841
787	946
787	975
813	65
813	82
813	189
813	247
813	295
813	321
813	342
813	462
813	466
813	616
813	651
813	696
813	748
813	907
813	961
930	65
930	201
930	291
930	295
930	321
930	342
930	462
930	467
930	509
930	616
930	676
930	696
930	709
930	724
930	786
930	907
930	961
946	201
946	296
946	303
946	316
946	329
946	342
946	493
946	611
946	696
946	748
946	772
946	841
946	975
975	76
975	152
975	189
975	201
975	238
975	247
975	296
975	303
975	304
975	316
975	321
975	329
975	429
975	456
975	466
975	493
975	495
975	506
975	531
975	578
975	592
975	594
975	616
975	651
975	660
975	676
975	696
975	709
975	715
975	732
975	748
975	769
975	772
975	786
975	805
975	841
975	907
975	953
975	955
975	961
32	818
32	980
816	104
816	196
816	450
816	980
818	104
818	196
818	450
818	980
927	104
927	196
927	450
927	980
941	104
941	196
941	450
941	980
947	104
947	196
947	450
947	980
960	104
960	196
960	450
960	980
979	104
979	196
979	450
979	980
980	104
980	196
980	290
980	325
980	408
980	442
980	445
980	450
980	487
980	566
980	726
980	745
980	981
980	982
981	104
981	196
981	450
982	104
982	196
982	450
33	210
33	373
33	428
33	439
33	457
33	476
33	545
33	560
33	614
33	933
210	259
210	285
210	428
210	439
210	476
210	542
210	550
210	560
210	587
210	933
373	135
373	278
373	285
373	439
373	457
373	476
373	528
373	545
373	550
373	560
428	259
428	278
428	457
428	476
428	528
428	542
428	545
428	550
428	587
428	614
439	259
439	285
439	476
439	528
439	542
439	545
439	550
439	560
439	587
439	614
439	933
457	135
457	259
457	264
457	278
457	476
457	528
457	542
457	550
457	560
457	614
476	135
476	203
476	264
476	285
476	400
476	528
476	550
476	560
476	587
476	933
545	203
545	259
545	264
545	278
545	285
545	528
545	550
545	560
545	587
560	203
560	264
560	278
560	285
560	400
560	528
560	542
560	550
560	587
560	614
560	933
614	135
614	203
614	259
614	264
614	278
614	285
614	400
614	528
614	542
933	135
933	259
933	264
933	278
933	400
34	123
34	199
123	181
123	199
123	371
123	608
382	161
382	205
382	300
382	612
35	991
35	994
986	46
986	263
986	365
989	73
989	387
989	426
990	73
990	102
990	172
990	372
990	420
991	353
991	453
994	421
995	102
997	46
997	365
997	402
998	102
998	387
998	453
999	172
999	372
999	421
1000	263
1000	289
1000	402
36	43
36	72
43	312
72	233
72	312
72	410
37	678
37	899
37	920
678	432
678	489
678	574
678	576
678	579
678	648
678	672
678	681
899	249
899	327
899	497
899	536
899	701
899	817
899	832
912	269
912	327
912	432
912	489
912	579
912	634
912	681
912	701
912	817
920	62
920	167
920	318
920	357
920	458
920	526
920	634
38	261
38	385
38	612
261	175
261	300
261	608
385	205
612	131
612	175
612	181
612	205
612	608
40	595
40	642
40	691
40	845
595	95
595	129
595	448
595	691
595	845
642	129
642	448
642	691
642	845
691	95
691	129
691	245
691	448
691	620
691	725
691	751
691	767
691	783
691	803
691	845
691	957
725	129
725	845
751	129
751	845
767	129
767	845
783	129
783	845
803	129
803	245
803	845
845	95
845	129
845	245
845	448
845	620
845	957
957	129
42	588
42	654
42	677
42	717
42	836
42	857
42	904
588	178
588	343
588	677
588	717
654	52
654	266
654	343
654	405
654	657
654	689
654	706
654	857
677	399
677	549
677	836
677	840
717	266
717	549
717	737
717	750
836	52
836	178
836	341
836	689
857	52
857	341
857	549
857	581
857	689
904	52
904	657
904	689
904	706
312	226
312	233
45	390
45	430
45	753
45	757
45	908
45	915
45	936
390	222
390	252
390	323
390	415
390	716
390	736
390	781
390	847
390	902
430	252
430	360
430	415
430	533
430	710
430	716
430	731
430	829
430	859
753	86
753	180
753	254
753	293
753	515
753	533
753	589
753	630
753	781
753	934
757	149
757	320
757	464
757	507
757	589
757	597
757	630
757	710
757	729
757	731
757	736
757	759
757	819
757	826
757	908
859	137
859	182
859	252
859	323
859	369
859	540
859	589
859	729
859	736
859	759
859	902
859	908
908	162
908	180
908	334
908	356
908	369
908	557
908	559
908	630
908	770
908	819
908	902
908	936
915	323
915	349
915	415
915	503
915	515
915	557
915	568
915	607
915	630
915	731
915	826
915	847
915	902
936	60
936	153
936	180
936	182
936	293
936	294
936	323
936	369
936	415
936	464
936	607
936	630
936	664
936	729
46	987
46	996
987	73
987	102
987	372
987	504
996	102
47	251
47	858
47	864
47	884
47	897
251	837
251	858
251	897
858	130
858	244
858	255
858	326
858	362
858	370
858	739
858	834
864	75
864	223
864	326
864	404
864	407
864	419
864	451
864	483
864	563
864	703
864	897
884	223
884	255
884	370
884	375
884	404
884	406
884	419
884	427
884	837
897	118
897	255
897	346
897	404
897	406
897	427
897	483
897	837
50	652
50	937
50	958
50	974
652	54
652	80
652	113
652	122
652	242
652	305
652	519
652	539
652	551
652	580
652	622
652	682
652	808
652	812
652	831
652	937
652	945
652	958
652	971
652	974
682	80
682	242
682	305
682	937
682	958
682	974
808	80
808	242
808	305
808	937
808	958
808	974
812	80
812	242
812	305
812	937
812	958
812	974
831	80
831	242
831	305
831	937
831	958
831	974
937	54
937	80
937	113
937	122
937	242
937	305
937	519
937	539
937	551
937	580
937	622
937	945
937	958
937	971
937	974
945	80
945	242
945	305
945	958
945	974
958	54
958	80
958	113
958	122
958	242
958	305
958	519
958	539
958	551
958	580
958	622
958	971
958	974
971	80
971	242
971	305
971	974
974	54
974	80
974	113
974	122
974	242
974	305
974	519
974	539
974	551
974	580
974	622
51	674
51	684
51	707
51	765
51	827
51	839
51	931
51	940
674	141
674	328
674	532
674	633
674	684
674	711
674	718
674	788
674	800
674	827
674	844
674	898
674	940
684	241
684	532
684	705
684	776
684	788
684	800
684	844
684	860
684	919
684	940
707	475
707	538
707	599
707	711
707	765
707	776
707	800
707	821
707	839
707	860
707	872
707	911
707	925
707	931
707	940
765	241
765	383
765	449
765	535
765	538
765	599
765	705
765	792
765	821
765	827
765	839
765	844
765	872
765	919
765	931
765	940
800	383
800	599
800	641
800	711
800	718
800	776
800	821
800	839
800	898
800	911
800	919
800	925
800	931
827	314
827	383
827	520
827	538
827	705
827	718
827	776
827	792
827	821
827	839
827	844
827	860
827	872
827	898
827	911
827	940
839	314
839	532
839	538
839	552
839	718
839	776
839	792
839	844
839	872
839	919
839	931
839	940
925	156
925	241
925	380
925	383
925	520
925	532
925	535
925	538
925	552
925	718
925	776
925	788
925	844
925	898
925	919
925	931
925	940
931	141
931	156
931	314
931	328
931	380
931	449
931	475
931	532
931	535
931	538
931	618
931	633
931	641
931	705
931	718
931	821
931	898
931	911
940	241
940	314
940	328
940	380
940	383
940	449
940	475
940	535
940	552
940	633
940	705
940	718
940	776
940	898
940	911
940	919
52	689
689	266
689	343
689	344
689	534
689	549
689	649
689	657
689	706
689	750
689	840
53	108
53	333
53	555
108	70
108	333
108	447
333	224
333	434
333	447
434	71
434	169
434	224
685	145
685	337
56	746
56	959
56	968
746	459
746	461
746	666
746	702
746	968
959	59
959	87
959	262
959	286
959	403
959	459
959	461
959	530
959	583
959	666
959	702
959	714
959	728
959	968
968	57
968	59
968	68
968	87
968	93
968	128
968	151
968	262
968	271
968	286
968	298
968	401
968	403
968	459
968	461
968	492
968	524
968	530
968	583
968	602
968	666
968	667
968	702
968	714
968	728
968	797
968	848
667	87
667	583
667	728
848	262
848	530
848	583
848	666
848	714
848	728
61	250
61	521
63	220
63	232
63	313
63	315
63	391
63	490
63	521
103	396
103	490
103	499
103	584
232	307
313	100
313	351
313	391
313	396
313	584
521	100
521	220
521	267
521	315
521	351
521	584
59	286
286	401
286	602
60	137
60	162
60	320
60	507
60	664
60	729
60	902
137	557
137	710
137	759
137	829
137	847
137	902
162	356
162	559
162	731
162	759
162	770
162	902
320	533
320	781
320	847
320	854
320	902
507	211
507	334
507	360
507	716
507	770
507	819
507	826
507	847
507	902
664	86
664	149
664	293
664	349
664	559
664	630
664	710
664	759
664	781
664	934
729	171
729	182
729	294
729	464
729	503
729	515
729	557
729	589
729	736
729	770
729	902
819	86
819	334
819	360
819	559
819	710
819	716
819	781
819	826
819	902
902	149
902	153
902	182
902	222
902	252
902	356
902	360
902	503
902	515
902	557
902	568
902	597
902	630
902	731
902	759
902	770
902	781
902	826
902	829
902	847
902	854
250	315
250	396
250	490
250	499
250	584
62	167
62	327
167	576
167	681
327	680
327	701
327	719
680	496
680	574
680	672
680	701
220	307
220	584
315	307
315	490
391	267
391	301
391	499
391	584
490	100
490	216
490	235
490	351
490	499
490	584
64	292
64	355
64	379
64	437
64	479
64	498
64	603
283	260
283	292
283	355
283	379
283	437
283	479
283	498
283	603
292	177
292	277
292	444
292	491
355	177
355	277
355	444
355	491
379	177
379	277
379	444
379	491
437	177
437	277
437	444
437	491
437	653
444	260
444	479
444	498
444	603
479	177
479	277
479	491
491	260
491	498
491	603
498	177
498	277
603	177
603	277
65	429
65	478
65	676
65	709
65	715
429	152
429	247
429	366
429	423
429	493
429	562
429	732
429	961
478	201
478	295
478	395
478	462
478	660
478	715
478	772
478	805
478	841
478	907
594	238
594	304
594	342
594	466
594	531
594	616
594	696
594	709
594	870
594	955
594	961
676	82
676	237
676	291
676	467
676	495
676	531
676	578
676	696
676	709
676	870
676	907
709	247
709	329
709	345
709	366
709	466
709	493
709	531
709	578
709	660
709	696
709	772
715	201
715	238
715	291
715	467
715	651
715	696
715	772
715	805
715	870
715	953
961	82
961	247
961	295
961	345
961	366
961	395
961	423
961	531
961	660
66	425
425	363
425	501
67	218
67	335
67	416
67	433
67	598
67	637
67	659
218	119
218	231
218	431
218	460
218	644
218	650
218	700
218	743
218	784
218	791
335	115
335	463
335	494
335	598
335	637
335	650
335	659
335	791
416	91
416	217
416	455
416	460
416	463
416	598
416	637
416	644
416	650
416	700
416	730
416	743
433	230
433	231
433	256
433	302
433	460
433	494
433	637
433	644
433	650
433	700
433	730
433	743
433	784
455	115
455	256
455	302
455	377
455	598
455	637
455	644
455	650
455	659
455	700
455	730
455	791
463	119
463	230
463	431
463	598
463	637
463	650
463	700
463	730
463	784
598	107
598	119
598	124
598	230
598	231
598	377
598	431
598	460
598	637
598	659
598	700
637	91
637	107
637	115
637	230
637	231
637	302
637	644
637	659
637	700
637	730
637	743
637	784
637	791
659	115
659	124
659	230
659	231
659	256
659	377
659	460
659	494
659	700
659	743
791	107
791	115
791	119
791	124
791	217
791	230
791	231
791	256
791	377
791	460
791	494
791	644
791	650
791	700
791	730
68	128
68	728
128	530
728	298
728	492
728	524
728	797
69	81
69	89
69	110
69	126
69	361
81	89
81	110
81	126
81	361
89	361
110	361
126	361
70	447
447	337
226	233
992	353
993	102
993	353
993	426
74	114
74	213
74	236
74	274
74	393
74	470
74	488
74	512
74	518
74	570
114	213
114	274
213	125
213	187
213	194
236	98
236	187
236	274
274	187
274	191
393	98
393	187
393	191
470	98
470	187
470	194
488	98
488	187
512	98
512	187
518	98
518	187
570	98
570	187
75	834
834	118
834	174
834	419
834	703
834	739
76	82
76	506
76	509
76	696
76	748
76	794
76	870
82	611
82	794
82	955
506	493
506	531
506	578
506	660
506	732
506	841
506	955
509	295
509	345
509	423
509	467
509	495
509	578
509	616
509	805
509	841
696	152
696	291
696	423
696	794
748	291
748	316
748	456
748	592
748	651
748	724
748	794
748	805
748	870
748	953
794	176
794	321
794	345
794	456
794	493
794	660
794	769
794	870
794	907
870	247
870	291
870	316
870	342
870	456
870	562
870	578
870	660
870	805
870	907
870	955
77	484
77	687
484	143
484	246
484	712
687	88
687	192
687	200
687	738
687	892
762	85
762	192
762	246
762	384
762	605
762	671
892	140
892	148
892	246
892	671
825	85
825	88
825	200
825	246
825	413
611	189
611	201
611	291
611	295
611	321
611	462
611	660
611	772
611	841
611	907
953	94
953	152
953	176
953	296
953	304
953	366
953	462
953	493
953	495
953	531
953	841
953	907
955	94
955	176
955	201
955	342
955	366
955	423
955	493
955	562
955	578
955	651
83	131
83	300
83	371
131	371
300	161
300	181
300	608
371	175
371	205
146	202
85	605
605	712
86	533
86	597
86	607
533	149
533	293
533	299
533	369
533	464
533	503
533	540
597	211
597	299
597	334
597	360
597	503
597	515
597	557
597	736
597	759
597	770
597	854
607	323
607	349
607	369
607	503
607	559
607	630
607	716
607	759
607	781
87	714
87	797
714	93
714	262
714	401
714	403
714	461
714	524
714	702
714	797
797	209
797	262
797	530
797	583
797	666
88	413
88	548
413	548
413	601
413	712
413	738
548	148
548	192
548	671
548	712
90	96
90	112
90	219
90	309
90	452
90	544
90	567
90	586
96	567
112	567
219	567
309	567
452	567
544	567
567	586
91	217
91	256
91	302
91	700
91	730
91	743
217	302
217	494
217	644
217	650
217	700
217	730
217	743
217	784
256	107
256	377
256	431
256	494
256	650
256	784
302	107
302	119
302	230
302	460
302	644
302	700
302	730
302	784
644	107
644	231
644	460
644	494
644	650
644	700
644	743
644	784
700	115
700	124
700	377
700	431
700	494
700	650
700	730
700	743
700	784
730	107
730	115
730	124
730	230
730	231
730	377
730	431
730	460
730	650
730	743
730	784
743	115
743	230
743	231
743	377
743	494
743	650
743	784
93	524
524	209
524	530
94	366
94	467
94	724
94	772
94	805
366	238
366	395
366	493
366	562
366	724
366	732
467	303
467	423
467	724
467	732
467	805
724	176
724	237
724	295
724	303
724	316
724	329
724	466
724	592
724	651
724	732
724	841
772	237
772	295
772	296
772	304
772	316
772	329
772	578
772	651
772	660
805	152
805	291
805	296
805	316
805	321
805	395
805	456
805	462
805	651
98	125
98	191
98	194
125	191
191	187
194	187
100	301
301	235
301	351
301	499
985	289
985	353
985	453
307	235
307	584
396	216
396	584
499	216
499	267
499	351
584	267
584	351
106	558
106	596
106	653
106	686
106	914
558	214
558	350
558	392
558	471
558	477
558	645
558	749
558	849
596	471
596	477
596	525
596	554
596	617
596	699
596	749
596	914
653	139
653	227
653	350
653	471
653	554
653	617
653	741
653	843
653	914
686	227
686	287
686	350
686	665
686	741
686	749
686	914
749	270
749	310
749	352
749	389
749	392
749	572
749	699
749	782
749	849
914	133
914	214
914	239
914	389
914	471
914	477
914	617
914	645
914	843
107	460
107	650
107	784
460	119
460	231
460	431
650	115
650	119
650	230
650	231
650	377
650	494
650	784
784	115
784	119
784	124
784	230
784	231
784	377
784	431
784	494
109	615
109	692
615	435
615	546
692	154
692	358
692	435
793	367
793	435
111	763
111	814
111	838
763	157
763	243
763	577
763	679
763	747
763	755
763	807
763	809
763	838
763	861
763	875
814	157
814	388
814	411
814	527
814	577
814	663
814	755
814	809
814	838
814	861
838	221
838	243
838	388
838	411
838	508
838	527
838	628
838	807
838	809
838	861
875	173
875	208
875	376
875	411
875	508
875	577
875	663
875	807
875	809
875	861
622	242
622	305
115	377
377	124
377	431
663	157
663	258
663	388
663	679
663	809
663	861
118	386
386	543
386	703
386	837
119	124
119	494
124	431
124	494
494	431
161	175
161	181
161	608
127	497
127	832
497	432
497	634
497	817
497	832
817	269
817	489
817	496
817	536
817	634
817	648
817	719
832	318
832	536
832	634
832	672
530	401
129	620
620	245
130	362
130	370
130	407
362	406
362	419
362	541
362	703
370	244
370	406
407	375
407	451
132	671
132	712
671	601
712	138
712	186
712	246
712	601
738	186
738	192
738	364
133	600
133	629
133	665
133	849
600	239
600	270
600	554
600	699
600	782
629	310
629	389
629	645
629	741
629	843
665	239
665	554
665	699
665	741
665	849
782	215
782	270
782	284
782	287
782	310
782	392
782	471
782	572
782	699
849	287
849	389
849	392
849	471
849	505
849	617
849	645
849	741
135	259
135	264
135	528
135	587
259	203
259	528
259	550
259	587
264	285
264	400
264	528
264	542
528	278
528	400
528	542
528	550
528	587
587	203
587	278
587	400
587	550
136	188
188	424
557	474
557	716
557	731
557	826
557	829
557	854
710	153
710	182
710	299
710	356
710	540
710	736
710	826
710	934
759	349
759	360
759	568
759	934
829	171
829	252
829	254
829	323
829	369
829	415
829	515
829	568
829	630
829	770
847	180
847	211
847	503
847	515
847	540
847	736
847	770
847	826
934	149
934	222
934	252
934	356
934	474
934	540
934	559
934	781
139	214
139	310
139	392
214	572
310	572
310	843
392	284
141	718
141	844
141	860
141	872
141	898
141	911
141	919
641	314
641	535
641	711
641	788
641	792
641	844
641	872
641	898
641	911
718	156
718	314
718	328
718	383
718	449
718	475
718	599
718	618
718	776
718	788
718	792
718	821
718	872
718	911
718	919
844	314
844	380
844	520
844	532
844	552
844	599
844	618
844	705
844	860
844	872
844	898
844	911
844	919
860	241
860	328
860	380
860	449
860	520
860	532
860	538
860	552
860	618
860	711
860	776
860	821
860	911
860	919
872	156
872	314
872	380
872	475
872	520
872	538
872	552
872	599
872	633
872	705
872	711
872	792
872	821
872	919
898	156
898	314
898	380
898	449
898	599
898	705
898	711
898	911
911	156
911	314
911	328
911	383
911	449
911	475
911	532
911	535
911	552
911	633
911	788
911	821
911	919
919	241
919	314
919	475
919	552
919	618
919	711
919	776
919	821
304	237
304	247
304	592
304	732
493	237
493	578
493	592
493	651
493	769
907	152
907	238
907	295
907	316
907	321
907	592
907	651
907	841
145	272
145	280
694	204
148	601
601	364
601	384
149	293
149	559
149	854
293	294
293	349
293	630
559	356
559	464
559	736
854	171
854	254
854	360
854	464
854	474
854	515
151	492
151	666
492	583
492	666
492	702
152	189
152	651
189	176
189	237
189	786
562	291
562	342
562	345
562	423
562	462
562	466
562	660
651	296
651	321
651	578
651	592
651	660
153	294
153	503
153	515
153	731
294	360
294	770
503	299
503	736
731	182
731	323
731	334
731	356
731	474
731	781
752	367
156	618
156	633
156	821
618	538
618	599
618	776
618	792
633	380
633	449
633	532
633	792
821	314
821	599
821	705
821	711
821	788
821	792
157	755
157	807
157	861
755	376
755	527
755	582
755	747
755	809
755	861
807	243
807	388
807	411
807	508
807	527
807	582
807	628
807	809
861	208
861	221
861	376
861	388
861	411
861	508
861	527
861	577
861	582
861	679
861	747
861	809
158	178
158	581
158	706
178	513
178	649
178	657
178	840
581	343
581	399
581	549
581	706
581	737
706	332
706	341
706	405
404	446
404	703
446	223
739	244
739	326
739	375
739	483
739	543
739	837
356	369
356	716
770	222
770	252
770	334
770	630
770	781
169	337
649	266
750	399
750	534
750	549
750	657
576	269
576	526
576	632
576	634
681	318
681	357
681	468
681	634
681	719
171	349
171	781
349	415
349	474
589	182
589	474
589	716
589	736
781	180
781	182
781	369
173	527
173	628
173	747
173	809
527	376
628	376
628	577
628	809
747	208
747	577
747	679
809	221
809	376
809	411
809	508
809	577
809	582
809	679
174	543
174	563
174	837
543	563
563	427
563	541
837	255
837	346
837	451
176	462
176	495
176	786
462	295
462	303
462	732
495	296
495	345
495	395
495	466
495	592
495	660
495	732
495	769
495	786
786	321
786	342
786	395
786	456
786	592
786	616
786	732
277	260
513	332
513	549
513	737
657	399
657	840
840	399
180	299
180	415
180	826
299	254
415	736
826	254
826	323
826	474
826	568
424	195
424	317
424	522
424	590
237	616
237	732
237	769
195	590
590	317
590	363
590	374
590	409
590	501
196	745
745	450
197	397
198	403
198	583
198	702
403	459
583	401
602	262
602	702
200	384
201	578
201	769
578	616
578	732
578	769
769	395
769	466
769	616
769	660
769	841
203	278
203	400
203	542
278	400
278	542
400	285
400	542
400	550
542	285
542	550
207	273
207	394
207	417
207	511
207	778
207	918
207	938
273	339
273	348
273	394
273	417
273	511
273	778
273	918
273	938
339	394
339	417
339	511
339	778
339	918
339	938
348	394
348	417
348	511
348	778
348	918
348	938
394	417
394	511
394	778
394	918
394	938
417	511
417	778
417	938
511	778
511	918
511	938
778	918
778	938
918	938
211	630
630	323
630	540
630	568
630	716
303	296
303	456
841	238
841	291
841	456
841	466
841	616
572	350
572	505
572	645
215	227
215	270
215	525
215	554
215	699
227	741
270	741
525	287
525	350
525	617
525	699
525	741
554	741
554	843
699	471
699	617
699	645
216	235
235	351
221	679
222	254
222	464
254	474
464	252
464	474
540	568
744	367
744	435
741	350
741	352
741	505
741	843
616	456
616	466
732	296
238	329
238	466
329	423
329	456
329	531
329	592
239	645
239	843
645	505
843	284
843	287
843	350
843	477
843	505
843	617
241	705
241	792
705	532
705	711
705	788
705	792
776	475
776	520
776	552
776	792
792	449
792	535
242	580
580	305
243	388
244	414
244	419
244	483
414	346
414	419
414	427
414	703
419	326
419	451
419	541
245	448
247	321
321	395
249	632
249	648
632	318
632	574
632	634
632	635
632	719
648	357
648	634
648	635
252	474
474	716
736	716
255	451
369	334
269	635
635	458
635	672
635	701
703	346
284	477
477	617
726	325
726	450
291	306
295	342
296	316
296	423
423	345
423	592
423	660
297	626
626	435
626	485
456	592
592	345
305	551
314	788
788	520
788	535
788	599
788	711
317	374
317	522
374	409
374	501
522	363
522	409
522	501
318	496
496	526
719	432
719	489
719	701
325	566
566	408
566	450
326	406
406	346
701	357
701	454
701	574
328	711
711	475
711	532
343	405
405	534
344	534
346	427
427	375
352	389
357	458
357	468
357	634
458	536
458	574
468	526
634	432
634	536
672	432
672	454
541	375
363	409
363	501
409	501
367	624
624	435
380	535
380	599
535	383
535	538
599	532
617	471
408	442
442	487
487	445
487	450
445	450
449	538
454	526
454	574
526	489
574	579
475	552
552	520
508	577
508	582
577	582
#End Disappearing Edges

*Newborn Edges
1	620
1	642
1	650
1	725
1	751
1	783
1	803
1	957
331	95
331	394
331	571
331	642
331	695
331	751
331	767
331	783
331	803
331	957
486	95
486	245
486	394
486	571
486	595
486	650
486	652
486	751
486	767
486	783
486	803
486	957
620	75
620	99
620	202
620	265
620	394
620	571
620	650
620	652
620	695
642	84
642	99
642	146
642	165
642	571
642	650
642	652
642	695
650	95
650	99
650	146
650	165
650	202
650	245
650	265
650	448
650	571
650	595
650	652
650	695
650	751
650	767
650	783
650	803
650	957
725	75
725	84
725	146
725	165
725	193
725	202
725	265
725	571
725	652
725	695
751	84
751	99
751	146
751	265
751	394
751	571
751	652
751	695
783	75
783	84
783	146
783	165
783	193
783	202
783	265
783	394
783	652
783	695
803	75
803	84
803	99
803	146
803	165
803	193
803	202
803	265
803	394
803	571
803	652
803	695
957	75
957	84
957	99
957	146
957	165
957	193
957	202
957	265
957	394
957	571
957	652
957	695
2	798
2	901
2	917
2	958
2	967
2	969
2	977
2	984
798	3
798	101
798	397
798	409
798	425
798	440
798	501
798	511
798	522
798	561
798	590
798	610
798	669
798	690
798	691
798	742
798	810
798	846
798	901
798	917
798	949
798	958
798	967
798	969
798	977
798	984
846	11
846	98
846	136
846	188
846	195
846	317
846	409
846	425
846	511
846	522
846	561
846	590
846	690
846	691
846	742
846	901
846	917
846	958
846	967
846	969
846	977
846	984
901	3
901	78
901	98
901	101
901	397
901	440
901	511
901	604
901	610
901	669
901	691
901	810
901	949
901	958
917	3
917	78
917	98
917	101
917	397
917	440
917	511
917	604
917	610
917	669
917	691
917	810
917	949
917	958
949	11
949	66
949	98
949	136
949	188
949	195
949	317
949	409
949	425
949	501
949	511
949	522
949	561
949	590
949	690
949	691
949	742
949	958
949	967
949	969
949	977
949	984
958	3
958	11
958	66
958	78
958	98
958	101
958	136
958	188
958	195
958	317
958	397
958	409
958	425
958	440
958	501
958	511
958	522
958	561
958	590
958	604
958	610
958	669
958	690
958	691
958	742
958	810
958	967
958	969
958	977
958	984
967	3
967	78
967	98
967	101
967	397
967	440
967	511
967	604
967	610
967	669
967	691
967	810
969	3
969	78
969	98
969	101
969	397
969	440
969	511
969	604
969	610
969	669
969	691
969	810
977	3
977	78
977	98
977	101
977	397
977	440
977	511
977	604
977	610
977	669
977	691
977	810
984	3
984	78
984	98
984	101
984	397
984	440
984	511
984	604
984	610
984	669
984	691
984	810
669	188
669	317
669	409
669	522
669	561
669	590
669	691
669	742
4	23
4	302
4	460
4	494
4	598
4	741
4	814
4	869
23	218
23	577
23	628
23	727
23	791
23	802
23	845
23	885
23	942
302	416
302	508
302	661
302	747
302	755
302	791
302	796
302	807
302	838
302	845
302	942
302	943
460	124
460	221
460	243
460	527
460	577
460	638
460	663
460	679
460	727
460	838
460	921
460	943
494	258
494	351
494	377
494	598
494	628
494	643
494	688
494	747
494	763
494	796
494	875
494	921
494	943
598	218
598	508
598	527
598	582
598	644
598	730
598	741
598	763
598	771
598	796
598	838
598	921
598	942
598	943
741	91
741	124
741	157
741	173
741	208
741	243
741	416
741	433
741	577
741	679
741	688
741	730
741	755
741	791
741	802
741	807
741	845
741	869
741	875
741	885
741	942
741	943
796	6
796	116
796	124
796	185
796	246
796	256
796	431
796	463
796	508
796	643
796	659
796	663
796	688
796	730
796	784
796	791
796	845
796	921
814	67
814	91
814	173
814	208
814	243
814	246
814	256
814	351
814	455
814	508
814	628
814	644
814	688
814	730
814	743
814	791
814	875
869	91
869	107
869	119
869	185
869	217
869	221
869	231
869	246
869	256
869	377
869	416
869	433
869	455
869	463
869	643
869	644
869	661
869	784
869	791
869	921
943	67
943	115
943	185
943	187
943	217
943	218
943	256
943	335
943	433
943	455
943	644
943	659
943	730
943	784
5	100
5	141
5	315
5	482
5	529
5	538
5	792
5	898
5	925
5	931
100	235
100	673
100	711
100	821
100	839
100	924
100	940
100	975
141	159
141	482
141	584
141	684
141	765
141	821
141	824
141	924
315	156
315	241
315	383
315	618
315	674
315	800
315	824
315	839
315	844
315	860
482	220
482	232
482	241
482	516
482	673
482	705
482	839
482	860
482	898
482	902
482	911
482	918
482	925
482	940
529	51
529	313
529	520
529	552
529	705
529	711
529	821
529	824
529	860
529	872
529	898
529	911
529	924
529	931
529	975
538	156
538	220
538	391
538	480
538	490
538	532
538	641
538	684
538	918
538	924
792	51
792	58
792	103
792	281
792	313
792	347
792	532
792	599
792	655
792	673
792	675
792	824
792	924
898	27
898	63
898	232
898	388
898	391
898	417
898	480
898	521
898	532
898	584
898	621
898	765
898	902
898	924
925	10
925	58
925	63
925	103
925	159
925	220
925	235
925	417
925	490
925	499
925	516
925	619
925	621
925	675
925	824
925	902
925	918
931	63
931	104
931	159
931	220
931	234
931	235
931	301
931	388
931	396
931	417
931	480
931	490
931	499
931	521
931	619
931	655
931	673
931	675
931	824
931	872
931	924
931	975
6	218
6	411
6	431
6	679
6	838
6	875
218	463
218	577
218	628
218	838
218	845
218	885
218	921
411	111
411	173
411	455
411	644
411	661
411	784
411	791
411	845
431	111
431	119
431	185
431	638
431	643
431	663
431	802
431	845
431	942
679	67
679	230
679	335
679	351
679	455
679	582
679	784
679	807
679	845
679	921
771	107
771	115
771	124
771	187
771	208
771	217
771	246
771	730
771	743
771	784
771	791
771	838
838	91
838	119
838	157
838	173
838	185
838	231
838	246
838	577
838	638
838	643
838	644
838	743
838	784
838	875
875	157
875	187
875	217
875	221
875	230
875	231
875	377
875	455
875	463
875	527
875	659
875	784
875	791
875	845
942	91
942	119
942	124
942	187
942	217
942	231
942	246
942	433
942	463
942	659
942	845
7	689
7	774
7	793
689	358
689	485
689	546
689	615
689	624
689	626
689	692
689	713
689	720
689	744
689	752
689	774
689	793
689	815
689	820
689	823
689	852
689	867
689	877
689	890
774	109
774	154
774	225
774	228
774	297
774	358
774	485
774	546
774	615
774	624
774	626
774	692
774	713
774	720
774	744
774	752
774	793
774	815
774	820
774	823
774	852
774	867
774	877
774	890
8	251
8	451
8	469
8	683
8	864
8	884
8	893
8	897
251	326
251	483
251	537
251	613
251	703
251	864
251	866
251	884
251	893
251	906
451	375
451	465
451	693
451	718
451	739
451	834
451	866
451	884
451	906
469	427
469	446
469	563
469	613
469	785
469	837
469	884
469	896
469	897
469	903
472	174
472	346
472	370
472	406
472	703
472	811
472	865
472	879
472	903
683	160
683	279
683	375
683	407
683	693
683	811
683	858
683	865
683	866
683	879
683	897
864	13
864	174
864	346
864	368
864	370
864	406
864	427
864	537
864	543
864	693
864	718
864	837
864	865
864	866
864	903
864	906
879	130
879	160
879	174
879	279
879	370
879	407
879	419
879	465
879	563
879	718
879	739
884	160
884	368
884	407
884	446
884	483
884	541
884	543
884	613
884	637
884	703
884	718
884	906
893	13
893	223
893	279
893	370
893	386
893	404
893	414
893	427
893	473
893	483
893	541
893	563
893	613
893	851
893	858
897	13
897	223
897	362
897	368
897	370
897	386
897	414
897	446
897	543
897	613
897	637
897	718
897	739
897	785
897	834
897	858
897	906
9	144
9	261
9	381
9	385
9	567
9	575
9	612
144	340
144	371
144	381
144	418
144	567
144	575
144	647
261	161
261	196
261	340
261	385
261	500
261	567
261	575
261	612
381	161
381	196
381	340
381	418
381	567
381	575
385	26
385	123
385	196
385	371
385	418
385	567
385	575
385	647
418	26
418	83
418	161
418	340
418	500
418	567
418	612
418	647
500	26
500	83
500	123
500	161
500	196
500	340
500	371
500	567
500	575
500	612
500	647
567	26
567	83
567	123
567	161
567	196
567	319
567	340
567	371
567	575
567	612
567	647
575	83
575	123
575	161
575	196
575	612
612	26
612	83
612	196
612	319
612	371
612	647
647	123
647	161
647	196
647	319
647	340
647	371
10	241
10	633
10	707
10	824
10	827
10	902
10	919
10	940
241	490
241	584
241	821
241	918
241	975
619	480
619	618
619	673
619	705
619	707
619	776
619	800
619	827
619	839
619	902
619	924
619	940
619	975
633	27
633	38
633	499
633	584
633	655
633	675
633	800
633	860
633	975
707	38
707	156
707	234
707	250
707	347
707	396
707	449
707	535
707	621
707	641
707	673
707	675
707	924
707	975
824	234
824	301
824	347
824	388
824	475
824	552
824	584
824	599
824	618
824	636
824	711
824	765
824	800
824	821
824	839
824	844
824	872
824	918
824	919
824	940
824	975
827	63
827	267
827	301
827	307
827	391
827	443
827	499
827	516
827	521
827	618
827	655
827	673
827	675
827	902
827	918
827	924
827	975
902	61
902	103
902	156
902	216
902	232
902	235
902	281
902	307
902	347
902	391
902	396
902	417
902	449
902	475
902	490
902	532
902	636
902	641
902	684
902	705
902	711
902	821
902	839
902	844
902	860
902	872
902	918
902	924
902	940
919	38
919	63
919	159
919	216
919	220
919	232
919	250
919	267
919	281
919	301
919	347
919	388
919	480
919	499
919	532
919	621
919	655
919	924
940	38
940	58
940	61
940	103
940	104
940	234
940	388
940	396
940	443
940	499
940	516
940	521
940	621
940	636
940	655
940	675
940	918
940	975
11	691
691	188
691	195
691	397
691	501
691	511
691	561
691	604
691	610
691	690
691	742
12	341
12	399
12	549
12	654
12	836
12	840
12	904
341	549
341	677
341	873
399	405
399	654
399	779
399	878
549	332
549	405
549	649
549	706
549	737
549	850
549	904
654	121
654	178
654	424
654	513
654	534
654	581
654	677
654	717
654	737
836	424
836	476
836	513
836	556
836	581
836	878
840	52
840	121
840	424
840	476
840	717
873	121
873	344
873	424
873	476
873	649
894	121
894	158
894	178
894	266
894	476
894	909
904	121
904	424
904	476
904	588
904	857
909	424
909	476
909	750
13	346
13	834
13	837
13	896
279	375
279	465
279	483
279	722
279	834
279	837
279	866
346	386
346	718
346	722
346	865
668	473
668	483
668	537
668	543
668	637
668	721
668	722
668	785
668	811
668	865
834	368
834	370
834	407
834	427
834	483
834	613
834	637
834	718
834	811
834	865
834	906
837	223
837	354
837	362
837	370
837	406
837	419
837	465
837	537
837	637
837	703
837	718
837	722
837	896
837	903
896	130
896	160
896	174
896	543
896	637
896	703
896	718
896	721
896	858
896	866
896	903
896	906
14	43
14	312
14	410
14	740
43	226
43	314
43	740
308	740
312	36
312	314
312	502
312	740
410	314
410	740
422	36
422	72
422	314
422	740
502	314
502	740
553	314
553	740
565	314
565	740
569	314
569	740
740	36
740	72
740	226
740	314
740	330
740	441
740	517
15	364
15	671
15	892
364	461
364	671
364	712
364	714
364	825
671	74
671	79
671	200
768	74
768	77
768	85
768	138
768	186
768	461
768	484
768	601
768	623
768	714
801	183
801	192
801	311
801	548
801	712
801	760
806	74
806	85
806	143
806	183
806	311
806	413
806	484
806	913
892	21
892	74
892	79
892	461
892	714
913	21
913	183
913	461
913	714
916	21
916	74
916	183
916	200
916	461
916	714
923	21
923	74
923	183
923	461
923	714
966	21
966	74
966	183
966	461
966	714
16	666
16	702
16	728
16	881
16	910
16	932
16	938
666	87
666	209
666	286
666	403
666	530
666	583
666	702
666	900
666	910
666	938
702	28
702	56
702	59
702	262
702	459
702	530
702	573
702	728
702	910
702	932
702	938
728	28
728	56
728	59
728	87
728	209
728	262
728	286
728	403
728	530
728	573
728	583
728	704
728	910
728	938
853	28
853	56
853	87
853	403
853	459
853	583
853	704
853	910
853	932
853	938
881	56
881	59
881	87
881	209
881	262
881	459
881	573
881	910
881	938
900	56
900	262
900	286
900	910
900	938
910	28
910	56
910	59
910	87
910	209
910	262
910	286
910	403
910	459
910	530
910	573
910	583
910	704
910	928
910	932
910	938
928	56
928	403
928	704
928	938
932	262
932	583
932	704
932	938
938	28
938	56
938	59
938	87
938	209
938	262
938	286
938	403
938	459
938	530
938	573
938	583
938	704
17	199
17	205
17	248
17	378
17	382
17	591
17	608
199	181
199	253
199	336
199	378
205	131
205	166
205	175
205	248
205	336
205	378
205	608
229	34
229	166
229	175
229	181
229	336
229	591
229	608
248	166
248	175
248	181
248	336
248	382
338	34
338	253
338	336
338	378
338	382
338	591
338	608
378	34
378	253
378	382
378	608
382	131
382	166
382	181
382	253
591	166
591	181
591	336
591	608
608	34
608	131
608	166
608	175
608	253
905	166
18	133
18	139
18	284
18	545
18	749
18	874
18	914
133	287
133	550
133	699
133	868
133	874
139	239
139	428
139	749
139	775
139	933
139	951
139	973
284	400
284	596
284	606
284	699
284	766
284	887
284	889
545	457
545	572
545	596
545	617
545	653
545	686
545	735
545	749
545	914
545	944
545	951
545	973
749	29
749	168
749	278
749	350
749	373
749	400
749	477
749	528
749	766
749	775
749	889
749	914
749	933
775	33
775	135
775	239
775	270
775	285
775	525
775	528
775	542
775	558
775	572
775	617
775	653
775	699
775	782
775	868
775	887
775	944
874	81
874	135
874	239
874	428
874	457
874	528
874	542
874	614
874	617
874	629
874	698
874	887
874	933
914	29
914	33
914	227
914	264
914	400
914	428
914	439
914	457
914	528
914	542
914	554
914	587
914	614
914	665
914	782
914	868
914	933
951	33
951	215
951	278
951	285
951	373
951	400
951	428
951	439
951	471
951	600
951	617
951	933
951	973
973	135
973	168
973	227
973	264
973	278
973	428
973	528
973	542
973	587
973	614
973	617
973	766
19	47
19	53
19	434
19	447
19	685
47	438
47	447
47	523
47	547
47	685
47	734
47	758
47	761
47	972
53	280
53	438
53	585
434	324
434	438
434	547
447	71
447	145
447	324
447	438
585	108
585	438
585	523
685	280
20	64
20	97
20	177
20	277
20	283
20	444
20	491
64	97
64	177
64	277
97	158
97	177
97	277
97	283
97	444
97	491
21	200
21	605
21	712
21	760
21	825
200	548
200	762
605	74
605	143
605	461
605	601
712	77
712	79
712	148
712	183
712	461
712	760
760	138
760	311
760	461
760	548
760	738
825	148
825	192
825	461
825	714
22	574
22	672
22	681
22	832
574	80
574	327
574	357
574	672
574	817
574	832
574	899
574	920
670	80
670	318
670	648
670	701
670	789
670	882
670	920
672	269
672	458
672	489
672	497
672	526
672	863
672	882
681	496
681	579
681	632
681	680
681	701
681	876
681	880
681	920
832	37
832	269
832	357
832	432
832	579
832	635
832	680
832	789
882	170
882	327
882	432
882	576
882	635
882	920
929	69
929	80
929	127
929	170
929	269
929	318
929	789
929	817
956	69
956	80
956	678
956	789
956	899
963	62
963	69
963	127
963	170
963	789
963	880
970	69
970	80
970	318
970	357
970	789
577	187
577	376
577	455
577	527
577	663
577	727
577	755
577	784
628	115
628	157
628	185
628	221
628	377
628	416
628	730
628	747
628	763
628	784
727	107
727	115
727	119
727	185
727	416
727	643
727	644
727	784
727	791
727	807
727	845
791	351
791	527
791	582
791	638
791	747
791	755
791	802
791	845
791	921
802	107
802	115
802	157
802	208
802	230
802	231
802	256
802	258
802	335
802	351
802	455
802	663
802	688
802	743
802	784
845	91
845	107
845	116
845	217
845	230
845	258
845	377
845	433
845	508
845	643
845	644
845	688
845	730
845	747
845	763
845	807
845	885
845	921
885	67
885	115
885	157
885	187
885	246
885	256
885	335
885	351
885	376
885	416
885	463
885	659
885	743
885	763
885	807
24	694
694	210
694	374
694	700
754	210
754	374
754	700
764	210
764	374
764	700
822	210
822	374
822	700
833	210
833	374
833	700
871	210
871	374
871	700
883	210
883	374
883	700
964	210
964	374
964	700
965	210
965	374
965	700
976	210
976	374
976	700
25	540
25	664
25	716
25	781
25	847
25	934
25	936
540	149
540	334
540	360
540	369
540	759
540	770
540	781
540	829
664	137
664	153
664	180
664	182
664	360
664	503
664	729
664	770
664	829
664	856
664	888
664	915
716	254
716	294
716	299
716	415
716	464
716	533
716	568
716	597
716	710
716	731
716	757
716	859
716	862
716	915
716	926
781	162
781	294
781	349
781	356
781	430
781	559
781	568
781	589
781	729
781	757
781	759
781	856
781	859
781	915
781	935
847	45
847	171
847	254
847	268
847	293
847	356
847	360
847	415
847	430
847	464
847	474
847	559
847	859
847	862
847	908
856	45
856	60
856	162
856	180
856	222
856	252
856	268
856	293
856	323
856	369
856	415
856	430
856	474
856	503
856	507
856	557
856	597
856	826
888	86
888	153
888	252
888	320
888	323
888	349
888	390
888	533
888	710
888	736
888	770
888	829
888	908
888	936
926	60
926	86
926	149
926	171
926	222
926	294
926	323
926	356
926	464
926	515
926	533
926	731
926	753
926	757
926	759
926	829
926	854
926	934
934	45
934	180
934	182
934	293
934	320
934	323
934	390
934	568
934	597
934	736
934	826
934	908
936	137
936	222
936	252
936	254
936	334
936	390
936	430
936	474
936	503
936	507
936	557
936	597
936	710
936	759
936	819
936	829
936	859
936	915
26	319
26	371
319	83
319	123
371	196
371	340
27	301
27	618
27	765
27	844
27	860
27	911
27	918
27	975
301	104
301	328
301	641
301	705
301	765
301	872
301	975
618	159
618	480
618	552
618	655
618	924
765	61
765	103
765	104
765	391
765	417
765	443
765	499
765	520
765	621
765	636
765	655
765	776
765	975
844	51
844	58
844	61
844	216
844	250
844	281
844	391
844	449
844	480
844	521
844	584
844	655
844	675
844	776
844	918
844	924
844	975
860	38
860	250
860	307
860	313
860	347
860	388
860	391
860	443
860	584
860	599
860	621
860	924
860	975
911	38
911	51
911	58
911	103
911	104
911	220
911	250
911	267
911	307
911	380
911	417
911	443
911	480
911	490
911	499
911	521
911	584
911	673
911	918
911	924
911	975
918	38
918	51
918	61
918	281
918	328
918	380
918	383
918	388
918	391
918	396
918	449
918	490
918	499
918	521
918	532
918	535
918	621
918	655
918	674
918	684
918	800
918	821
918	839
918	872
918	924
975	63
975	103
975	156
975	216
975	234
975	250
975	267
975	313
975	380
975	383
975	388
975	391
975	396
975	449
975	480
975	499
975	516
975	521
975	599
975	621
975	636
975	673
975	674
975	705
975	776
975	821
975	839
975	872
975	924
704	56
704	59
704	209
704	286
704	403
704	459
704	530
704	573
704	583
29	558
29	614
29	645
29	849
29	944
558	215
558	239
558	428
558	614
558	617
558	766
558	782
558	933
558	944
614	629
614	653
614	665
614	699
614	849
614	868
614	887
614	889
614	944
645	106
645	287
645	352
645	439
645	542
645	587
645	596
645	665
645	766
645	895
645	933
849	81
849	168
849	215
849	264
849	270
849	373
849	439
849	525
849	528
849	587
849	629
849	766
849	887
849	895
849	933
889	33
889	81
889	214
889	352
889	373
889	389
889	392
889	400
889	457
889	505
889	550
889	587
889	629
889	653
889	735
889	843
889	868
895	81
895	203
895	215
895	264
895	392
895	400
895	428
895	439
895	528
895	550
895	587
895	653
895	699
895	933
944	33
944	81
944	168
944	203
944	278
944	287
944	373
944	400
944	439
944	477
944	528
944	550
944	554
944	653
944	686
944	698
30	174
30	362
30	406
30	427
30	693
30	722
30	866
174	721
174	851
174	903
362	244
362	563
362	637
362	718
362	785
362	851
362	866
406	118
406	244
406	414
406	419
406	446
406	473
406	613
406	718
427	118
427	613
427	785
427	811
427	858
693	244
693	255
693	326
693	354
693	370
693	419
693	637
693	721
693	785
693	811
722	244
722	255
722	354
722	368
722	375
722	407
722	419
722	718
722	739
722	785
865	130
865	160
865	326
865	368
865	404
865	543
865	613
865	637
865	703
865	718
865	739
865	903
866	130
866	255
866	386
866	404
866	419
866	473
866	851
866	906
903	375
903	419
903	465
903	537
903	541
903	563
903	721
903	785
31	247
31	429
31	466
31	467
31	696
31	724
31	937
31	955
31	961
247	82
247	398
247	467
247	715
247	732
247	748
247	946
429	201
429	592
429	627
429	724
429	805
429	870
429	930
429	937
429	953
466	176
466	212
466	345
466	478
466	578
466	676
466	696
466	772
466	907
466	937
467	142
467	152
467	316
467	321
467	651
467	748
467	786
467	907
467	955
696	237
696	238
696	366
696	495
696	509
696	578
696	651
696	772
696	805
696	841
696	937
724	76
724	152
724	201
724	304
724	462
724	495
724	631
724	660
724	676
724	787
724	794
724	805
724	870
724	907
724	961
813	76
813	152
813	176
813	201
813	291
813	316
813	398
813	456
813	495
813	531
813	594
813	631
813	660
813	732
813	772
813	794
813	805
813	953
937	82
937	94
937	142
937	237
937	291
937	303
937	304
937	316
937	329
937	342
937	345
937	395
937	398
937	423
937	456
937	478
937	562
937	578
937	592
937	611
937	616
937	627
937	631
937	651
937	709
937	715
937	748
937	769
937	786
937	794
937	805
937	907
937	930
937	946
937	955
937	961
955	65
955	76
955	212
955	291
955	295
955	321
955	395
955	456
955	495
955	509
955	592
955	616
955	631
955	769
955	772
961	142
961	189
961	296
961	506
961	509
961	592
961	611
961	631
961	709
961	769
961	772
961	794
961	870
32	922
32	968
816	197
816	646
816	922
816	968
922	197
922	290
922	325
922	408
922	442
922	445
922	487
922	566
922	646
922	726
922	745
922	818
922	927
922	941
922	947
922	960
922	979
922	981
922	982
927	197
927	646
927	968
941	197
941	646
941	968
947	197
947	646
947	968
960	197
960	646
960	968
968	197
968	290
968	325
968	408
968	442
968	445
968	487
968	566
968	646
968	726
968	745
968	818
968	979
968	981
968	982
979	197
979	646
981	197
981	646
982	197
982	646
33	525
33	572
33	699
33	766
33	843
525	214
525	373
525	392
525	439
525	457
525	600
525	686
572	106
572	215
572	227
572	285
572	352
572	400
572	471
572	735
572	933
699	227
699	239
699	392
699	457
699	606
699	653
699	843
699	887
699	933
766	278
766	285
766	373
766	400
766	528
766	606
766	653
766	665
766	933
843	106
843	135
843	203
843	285
843	392
843	439
843	457
843	471
843	528
843	587
843	600
843	665
843	782
843	887
843	933
34	131
34	166
131	181
131	253
131	336
166	253
166	336
35	987
35	993
986	73
986	102
986	630
987	172
987	300
987	353
987	630
989	46
989	102
989	300
989	372
989	402
989	630
990	263
990	289
990	300
990	353
990	630
993	300
993	630
995	630
997	102
997	300
997	630
998	73
998	300
998	630
999	46
999	300
999	630
1000	102
1000	300
1000	630
36	314
314	330
314	441
314	517
441	72
517	226
37	680
37	719
37	789
37	863
37	880
680	458
680	468
680	576
680	648
680	817
719	167
719	468
719	526
719	576
719	635
719	648
719	678
719	789
789	62
789	127
789	167
789	269
789	489
789	497
789	526
789	536
789	632
789	678
789	701
789	817
789	863
789	876
789	880
789	899
789	912
789	920
863	62
863	167
863	454
863	489
863	576
863	880
863	912
880	170
880	318
880	432
880	632
880	899
912	69
912	167
912	170
912	454
912	536
912	876
912	899
954	62
954	69
954	80
954	127
954	536
954	678
38	281
38	684
38	788
281	307
281	347
281	521
281	673
281	674
281	684
684	232
684	443
684	521
684	599
684	636
684	673
788	104
788	216
788	220
788	267
788	313
788	388
788	480
788	532
788	636
788	655
788	675
788	924
39	88
39	450
39	564
39	809
48	450
48	564
48	809
88	105
88	117
88	120
88	257
88	276
88	450
88	564
88	708
88	809
117	450
117	564
117	809
120	257
120	450
120	564
120	809
257	450
257	564
257	809
276	450
276	564
276	809
450	105
450	564
450	708
450	809
564	105
564	708
564	809
708	809
809	105
40	245
40	571
40	652
40	695
245	571
245	652
571	165
571	193
571	202
571	265
571	448
571	695
571	767
652	75
652	84
652	146
652	193
652	202
652	394
652	448
652	595
652	695
652	767
695	75
695	99
695	146
695	193
695	202
695	265
695	394
695	448
695	595
695	767
767	84
767	99
767	165
767	193
767	202
767	265
767	394
640	453
42	179
42	233
42	275
42	282
42	322
42	359
42	363
42	412
42	656
42	980
179	233
179	363
179	980
233	190
233	275
233	282
233	322
233	359
233	363
233	412
233	656
233	980
275	363
275	980
282	363
282	980
322	363
322	980
359	363
359	980
363	190
363	412
363	656
363	980
412	980
656	980
980	190
44	89
44	110
44	126
45	211
45	299
45	356
45	759
45	862
211	464
211	757
211	770
211	826
211	859
211	908
299	356
299	607
299	757
299	819
299	829
299	854
299	859
299	915
356	86
356	503
356	533
356	625
356	729
356	736
356	819
759	252
759	268
759	294
759	464
759	503
759	507
759	557
759	729
759	753
759	915
759	935
859	149
859	153
859	162
859	180
859	254
859	390
859	503
859	557
859	559
859	597
859	731
862	137
862	153
862	182
862	252
862	293
862	390
862	607
862	710
862	729
862	736
862	829
862	915
46	985
46	988
985	300
985	630
988	73
988	102
988	172
988	300
988	353
988	365
988	372
988	387
988	421
988	426
988	453
988	630
991	263
991	300
991	630
994	102
994	630
438	145
438	547
523	70
523	169
523	272
523	333
547	272
49	667
49	746
49	773
49	797
49	799
49	848
49	886
49	939
49	948
49	959
667	68
667	128
667	151
667	198
667	271
667	298
667	401
667	492
667	524
667	746
667	939
746	57
746	68
746	128
746	151
746	271
746	298
746	401
746	492
746	797
746	959
773	57
773	93
773	128
773	151
773	198
773	271
773	401
773	492
773	524
773	602
773	797
773	799
797	57
797	68
797	93
797	128
797	151
797	198
797	271
797	298
797	602
797	848
799	57
799	68
799	93
799	198
799	271
799	401
799	492
848	93
848	128
848	298
848	401
848	524
886	68
886	128
886	151
886	198
886	524
886	602
939	57
939	198
948	68
948	93
948	128
948	198
959	602
50	435
50	519
50	778
50	861
435	122
435	361
435	539
435	551
435	580
435	622
435	682
435	778
435	808
435	812
435	831
435	861
435	945
435	971
519	163
519	361
519	367
519	778
519	861
682	55
682	163
682	310
682	361
682	367
682	778
682	861
778	54
778	55
778	113
778	122
778	163
778	310
778	361
778	367
778	539
778	551
778	580
778	622
778	808
778	812
778	831
778	861
778	945
778	971
808	55
808	163
808	310
808	361
808	367
808	861
812	55
812	163
812	310
812	361
812	367
812	861
831	55
831	163
831	310
831	361
831	367
831	861
861	54
861	55
861	113
861	122
861	163
861	310
861	361
861	367
861	539
861	551
861	580
861	622
861	945
861	971
945	55
945	163
945	310
945	361
945	367
971	55
971	163
971	310
971	361
971	367
51	396
51	520
51	584
396	599
396	821
396	839
396	872
520	232
520	267
520	307
520	417
520	521
584	159
584	232
584	641
584	675
584	711
584	872
800	159
800	250
800	267
800	380
800	391
800	417
800	475
800	490
800	516
800	655
800	924
52	581
52	717
52	750
52	850
52	878
581	534
581	657
581	717
581	779
717	178
717	476
717	513
717	649
750	121
750	158
750	343
750	476
750	588
750	850
750	878
779	121
779	343
779	424
779	476
779	534
779	556
779	706
850	158
850	178
850	266
850	424
850	476
850	706
878	121
878	332
878	424
878	476
878	649
280	71
280	272
54	539
54	622
539	310
539	361
539	367
622	55
622	163
622	310
622	367
58	159
58	532
58	535
58	705
159	674
159	924
532	234
532	328
532	480
532	636
535	216
535	232
535	417
535	552
535	636
535	776
535	872
535	924
621	347
621	380
621	383
621	490
621	552
621	655
621	839
705	156
705	232
705	267
705	347
705	388
705	599
705	655
60	334
60	503
60	515
60	854
60	915
60	935
334	254
334	430
334	464
334	826
334	854
334	915
503	557
503	559
503	819
503	835
515	369
515	559
515	607
515	731
515	757
515	908
515	935
819	171
819	294
819	464
819	557
819	568
819	597
819	607
819	729
819	829
835	86
835	252
835	254
835	268
835	369
835	390
835	464
835	474
835	507
835	557
835	625
835	753
835	757
835	908
854	162
854	180
854	182
854	369
854	533
854	559
854	753
854	757
854	908
915	162
915	180
915	320
915	369
915	464
915	589
915	597
915	729
915	770
915	908
935	137
935	149
935	182
935	222
935	320
935	360
935	415
935	474
935	533
935	568
935	625
935	710
935	826
61	388
61	674
61	776
61	924
388	499
388	516
388	872
674	220
674	250
674	307
674	347
674	383
674	516
674	776
674	924
776	232
776	250
776	328
776	347
776	449
776	655
776	675
776	872
924	235
924	250
924	267
924	417
924	449
924	475
924	480
924	490
924	516
924	599
924	636
924	655
924	673
924	872
62	536
536	80
536	497
536	579
536	648
899	80
899	170
899	357
899	648
63	267
63	636
63	711
63	839
267	234
267	821
636	156
636	599
636	673
636	821
711	216
711	235
711	313
711	417
711	443
711	480
711	516
711	673
711	675
839	104
839	216
839	234
839	516
839	521
839	675
65	76
65	493
65	509
65	651
65	805
65	841
65	953
76	201
76	296
76	594
76	651
76	805
493	212
493	238
493	291
493	296
493	329
493	345
493	481
493	611
493	660
493	715
493	748
493	772
493	870
493	930
509	329
509	395
509	631
509	732
509	786
509	907
509	946
594	142
594	212
594	345
594	366
594	562
594	631
594	660
594	676
594	748
594	786
594	841
651	201
651	303
651	304
651	342
651	398
651	423
651	562
651	676
651	786
651	794
651	946
805	189
805	303
805	304
805	345
805	366
805	562
805	627
805	709
805	732
805	769
805	787
805	930
805	946
841	152
841	176
841	237
841	342
841	345
841	366
841	395
841	423
841	462
841	481
841	562
841	578
841	592
841	631
841	794
953	201
953	212
953	238
953	316
953	321
953	342
953	423
953	456
953	616
953	660
953	870
953	946
66	604
604	409
604	501
604	590
604	690
604	742
690	397
690	511
690	610
690	810
67	217
67	377
67	527
217	351
217	508
217	663
217	763
377	157
377	433
377	508
377	661
377	755
377	763
377	807
455	124
455	433
455	661
455	743
455	807
463	351
463	508
463	643
463	661
463	743
527	115
527	243
527	335
527	643
527	747
527	763
69	170
69	632
69	817
69	876
170	458
170	526
170	876
170	920
632	167
632	489
632	496
632	526
817	249
817	357
817	432
817	458
817	468
817	678
876	167
876	269
876	318
876	327
876	458
876	468
876	497
876	526
876	701
70	145
70	333
145	324
145	555
333	169
333	272
333	337
333	555
555	71
555	169
72	330
992	630
996	300
996	630
74	714
74	738
714	79
714	132
714	140
714	148
714	183
714	192
714	311
714	384
714	413
714	484
714	548
714	601
714	687
714	738
738	143
738	384
738	762
75	146
75	394
75	595
394	193
394	265
394	595
595	84
595	99
595	193
595	202
201	676
201	732
201	870
296	212
296	291
296	366
296	398
296	611
296	631
296	660
296	907
296	930
762	140
762	183
762	186
762	413
762	548
810	136
810	188
810	317
810	409
810	425
810	501
810	511
810	522
810	561
810	742
80	327
80	920
327	496
327	635
327	920
920	579
920	678
81	373
81	596
81	653
81	782
81	868
373	215
373	392
373	629
596	203
596	214
596	352
596	505
596	587
596	686
596	933
653	264
653	270
653	278
653	389
653	505
653	528
653	665
653	933
782	227
782	264
782	350
782	505
782	528
782	550
782	554
782	698
782	735
782	933
868	135
868	168
868	239
868	285
868	287
868	389
868	528
868	542
868	587
868	735
82	304
82	578
82	631
82	660
82	772
304	94
304	616
304	794
304	870
578	316
578	321
578	329
578	366
578	478
578	592
578	631
578	907
578	930
578	946
631	142
631	238
631	342
631	531
631	611
631	715
631	794
631	870
631	946
660	176
660	366
660	395
660	456
660	481
660	531
660	946
772	321
772	342
772	345
772	462
772	481
772	495
772	531
772	562
772	930
930	94
930	152
930	237
930	238
930	303
930	316
930	395
930	423
930	611
930	748
930	787
946	152
946	237
946	345
946	398
946	462
946	562
946	616
946	794
946	907
123	196
84	448
448	165
448	193
448	265
85	413
85	601
413	186
413	623
413	687
601	183
601	186
601	461
86	268
86	390
86	625
86	731
86	757
268	568
268	589
268	736
268	757
268	829
390	507
390	533
390	557
390	625
625	254
625	323
625	415
625	474
625	507
625	597
625	729
625	757
625	829
625	908
731	137
731	222
731	369
731	464
731	607
731	710
731	729
731	770
731	826
731	829
731	908
757	180
757	294
757	349
757	369
757	415
757	607
757	770
908	293
908	294
908	360
908	430
908	464
908	826
90	155
90	184
90	273
155	184
155	273
184	273
91	376
91	921
376	221
376	231
376	416
376	644
376	688
376	730
376	807
644	221
644	230
644	638
644	659
644	688
644	755
644	921
921	115
921	119
921	124
921	231
921	256
921	335
921	351
921	416
921	433
921	659
92	700
700	147
700	204
700	240
700	288
700	306
700	374
700	436
700	510
700	514
700	639
700	658
93	602
602	128
602	151
602	271
602	298
602	492
602	524
94	342
94	709
94	732
94	748
94	907
342	238
342	462
342	709
342	715
676	366
676	423
676	478
676	592
676	611
676	616
676	769
676	787
676	794
709	212
709	237
709	303
709	456
709	478
709	495
709	592
709	611
709	715
709	732
709	870
732	295
732	316
732	423
732	481
732	592
732	787
732	870
748	142
748	212
748	295
748	423
748	478
748	506
748	611
748	616
907	176
907	189
907	329
907	345
907	366
907	481
907	495
907	531
907	627
96	134
96	206
96	560
112	134
112	206
112	560
134	206
134	219
134	309
134	452
134	544
134	560
134	586
206	219
206	309
206	452
206	544
206	560
206	586
219	560
309	560
452	560
544	560
560	586
158	857
98	522
235	103
235	328
235	475
235	499
235	641
235	673
673	380
673	443
673	475
673	552
673	872
675	104
675	380
675	821
675	872
821	220
821	380
821	475
821	490
821	521
307	490
307	655
104	417
104	872
417	499
417	552
872	216
872	234
872	313
872	449
872	480
872	521
106	392
106	698
106	933
392	135
392	287
392	439
392	471
392	554
392	665
698	168
698	203
698	278
698	287
698	350
698	439
698	471
698	528
698	550
698	554
698	600
698	887
933	239
933	270
933	350
933	389
933	505
933	600
933	606
933	617
933	629
933	686
933	735
933	887
107	508
107	663
107	688
107	747
107	755
508	115
508	231
508	661
508	755
659	116
659	119
659	243
659	416
659	433
659	638
659	730
659	807
663	119
663	230
663	256
663	743
663	747
663	763
688	116
688	173
688	416
688	582
688	743
688	784
747	115
747	187
747	256
747	416
747	743
755	111
755	116
755	187
755	208
755	230
755	335
755	730
755	784
108	169
108	324
108	337
324	224
324	337
337	224
109	720
109	744
720	297
111	335
111	582
111	661
111	784
335	763
582	116
582	173
582	187
582	231
582	433
582	661
582	730
661	119
661	243
661	351
661	433
661	638
784	173
784	187
784	246
784	638
784	763
784	807
113	310
113	580
310	551
310	580
580	122
580	361
580	367
114	164
114	242
114	804
125	259
125	393
125	804
164	194
164	242
164	259
164	274
164	470
164	488
164	512
164	518
164	570
164	804
236	191
236	213
236	259
236	804
242	191
242	213
242	274
242	393
242	470
242	488
242	512
242	518
242	570
242	804
393	259
393	804
470	259
470	804
488	259
488	804
512	259
512	804
518	259
518	804
570	259
570	804
804	191
804	194
804	213
804	259
804	274
115	230
230	157
230	258
230	638
116	433
116	763
433	157
433	246
763	119
763	246
763	258
763	351
763	416
763	730
763	743
118	160
118	473
118	483
118	613
118	785
160	368
160	407
160	703
473	255
473	375
473	386
473	414
473	543
473	721
483	368
483	563
483	718
483	858
613	419
613	703
613	721
721	130
721	223
721	255
721	326
721	446
721	718
721	851
785	255
785	375
785	537
785	541
785	637
785	851
785	858
743	208
743	243
743	258
743	351
743	643
743	807
121	588
121	857
121	891
588	344
588	405
588	424
588	476
588	737
857	178
857	343
857	405
857	424
857	476
857	556
891	332
891	344
891	424
891	476
891	677
891	706
161	196
161	340
124	173
124	208
124	807
807	185
807	231
807	256
807	730
194	191
194	274
259	191
259	213
274	213
127	678
678	269
678	357
678	497
678	701
129	207
129	305
129	339
129	348
207	305
207	325
305	339
305	348
130	541
130	739
541	244
541	537
541	637
541	718
739	223
739	255
739	386
739	404
739	414
739	419
739	446
739	851
739	906
851	244
851	368
851	414
851	419
851	465
851	537
851	637
906	354
906	414
906	465
906	537
906	637
906	718
906	811
336	175
132	140
132	623
140	548
623	461
623	484
623	548
287	471
287	554
287	606
550	214
550	270
550	350
550	505
550	606
550	686
550	887
887	135
887	168
887	350
887	389
887	428
887	554
887	587
135	600
135	617
135	665
428	285
428	389
428	554
428	629
600	400
600	587
600	606
600	629
617	168
617	203
617	239
617	278
617	505
617	735
665	457
665	477
665	542
665	735
742	397
742	440
742	511
742	610
137	349
137	568
137	607
137	729
137	826
349	430
349	507
349	557
349	597
349	736
568	464
568	559
568	607
568	710
607	360
607	430
607	507
607	533
607	729
607	736
607	753
729	149
729	153
729	323
729	597
729	710
729	753
826	149
826	153
826	162
826	182
826	293
826	415
826	430
826	559
826	736
826	770
138	548
138	687
548	484
687	183
687	311
687	384
687	461
239	264
239	352
641	216
641	250
641	391
641	443
641	655
142	295
142	462
142	786
142	870
295	398
295	531
295	616
295	769
295	786
295	787
295	794
462	152
462	291
462	423
462	592
462	616
786	238
786	291
786	329
786	478
786	627
870	176
870	237
870	303
870	321
870	478
870	495
870	611
870	787
149	153
149	710
149	770
153	430
153	736
153	770
710	252
710	254
710	294
710	360
710	559
770	293
770	323
770	360
770	474
770	557
770	589
152	456
152	627
456	176
456	481
456	495
456	627
562	321
562	627
562	715
562	769
627	291
627	316
627	423
627	495
627	769
430	589
430	736
430	753
736	171
736	369
736	829
154	713
156	449
156	521
449	216
521	599
368	370
368	537
407	354
407	404
407	703
703	326
703	419
703	543
703	637
162	180
162	533
162	597
180	360
180	597
533	254
533	323
533	474
533	507
597	182
597	323
597	415
597	829
163	551
551	361
551	367
167	496
167	526
496	497
496	701
526	648
168	477
168	542
168	686
477	215
477	350
477	439
477	587
542	227
542	270
542	505
542	686
542	735
686	264
686	285
686	352
686	439
686	471
171	252
252	559
589	222
589	320
589	323
589	464
589	559
176	316
176	321
176	329
321	189
321	506
321	715
329	398
329	478
329	715
178	266
178	677
178	737
266	556
266	657
677	343
677	476
677	513
677	657
360	182
360	829
182	323
182	474
182	829
474	293
474	294
474	507
829	320
829	507
185	221
185	246
185	730
221	231
221	246
221	638
221	730
730	187
730	256
730	351
730	638
730	643
186	384
384	192
384	461
189	506
189	592
189	616
506	237
506	366
506	715
506	769
506	787
592	611
592	769
616	212
616	291
616	531
195	501
501	511
197	818
818	646
203	439
203	457
203	505
439	457
457	554
457	606
457	735
505	735
204	658
658	210
658	374
753	294
753	320
753	369
753	415
753	557
753	559
214	264
214	270
214	278
214	471
214	629
264	471
264	554
270	278
270	389
270	629
270	735
278	350
278	389
471	606
471	629
629	350
629	352
629	400
629	587
215	389
215	735
735	285
735	528
216	599
599	383
220	443
220	475
443	234
443	313
443	490
443	516
475	234
475	313
231	643
638	258
638	416
222	369
369	293
223	386
223	465
223	637
223	811
223	858
386	637
386	858
465	255
465	326
465	375
465	811
563	419
563	718
563	811
563	858
637	244
637	404
637	718
637	858
811	326
811	414
811	446
811	718
811	858
858	354
858	446
858	718
232	552
552	313
552	328
552	391
328	380
237	715
237	794
715	495
715	611
715	787
794	395
794	423
794	478
794	481
238	303
238	395
303	611
395	481
352	350
490	383
490	516
244	354
244	543
244	718
354	370
354	537
354	543
543	326
718	404
398	531
398	787
249	454
249	635
249	701
454	576
454	635
454	648
635	357
635	432
635	576
701	432
701	497
701	576
250	516
255	419
419	404
262	573
573	286
573	403
573	459
573	530
554	285
556	405
556	513
556	534
556	657
657	405
657	424
657	534
657	649
657	706
269	648
271	524
524	298
524	401
524	492
375	446
400	606
606	528
286	583
583	403
583	459
583	530
639	306
639	374
289	983
983	300
983	353
983	365
983	372
983	387
983	402
983	420
983	421
983	426
983	453
983	504
983	630
726	646
745	646
291	531
291	787
769	366
769	478
366	495
298	492
492	401
313	383
317	561
317	610
561	610
610	590
318	579
320	557
380	391
649	344
649	706
343	424
343	706
424	706
706	476
370	414
361	367
495	423
495	481
374	510
397	511
530	459
408	646
646	442
646	445
646	487
646	566
409	440
440	590
432	489
962	630
978	630
630	950
634	790
634	974
790	974
#End Newborn Edges

*Degree Changed Nodes
134	11	9
331	12	13
486	12	16
740	12	17
443	15	14
604	15	19
610	15	19
669	15	21
789	15	26
804	15	16
810	15	27
846	15	30
949	15	36
910	36	23
97	10	8
117	10	11
155	11	3
257	12	11
708	13	11
815	27	26
820	27	26
823	27	26
852	27	26
867	27	26
877	27	26
890	27	26
319	13	12
647	20	18
905	35	17
742	23	24
824	23	28
901	23	35
917	23	36
967	23	36
969	23	36
977	23	36
984	23	36
966	37	40
573	18	17
799	27	22
853	31	23
886	33	22
900	35	23
928	39	23
939	40	22
948	42	22
20	5	7
41	5	2
44	5	3
150	5	2
184	5	3
640	5	3
276	12	11
190	11	10
206	11	9
754	22	24
764	22	24
774	22	26
822	22	24
833	22	24
871	22	24
883	22	24
964	22	24
965	22	24
976	22	24
564	18	11
591	19	17
773	26	22
881	33	23
922	37	22
932	39	23
646	20	18
790	26	2
818	22	21
980	22	11
560	18	9
933	21	40
989	45	48
1000	51	50
612	19	18
595	15	19
642	15	20
691	15	22
725	15	23
751	15	24
767	15	25
783	15	26
803	15	27
845	15	30
957	15	28
312	12	13
682	21	22
808	21	22
812	21	22
831	21	22
937	21	40
945	21	22
958	21	36
971	21	22
974	21	2
689	22	21
55	10	9
746	24	22
959	43	22
968	44	22
848	31	22
64	10	7
283	13	7
292	13	7
355	13	7
379	13	7
437	14	7
444	13	7
479	13	7
491	13	7
498	13	7
603	13	7
69	5	10
81	5	10
89	5	3
110	5	3
126	5	3
361	5	14
71	10	9
233	12	11
488	15	16
512	15	16
518	15	16
570	15	16
131	11	10
797	26	22
90	8	3
96	8	9
112	8	9
219	8	9
309	8	9
452	8	9
544	8	9
567	8	18
586	8	9
524	17	15
615	19	17
692	22	19
622	18	20
608	19	17
530	17	15
129	11	4
620	13	19
135	10	11
694	20	22
492	16	14
666	21	20
153	10	11
861	32	22
809	27	11
174	10	11
177	11	7
277	12	7
397	11	14
583	18	16
207	9	5
273	9	3
339	9	4
348	9	4
394	9	14
417	9	15
511	9	16
778	9	22
918	9	37
938	9	23
658	18	21
580	16	18
388	13	14
448	12	15
260	11	7
401	14	13
639	16	18
290	12	13
626	20	18
305	13	4
551	15	17
566	18	17
634	20	2
363	14	11
624	20	19
459	15	14
510	15	16
487	16	15
450	15	11
526	16	17
988	35	48
519	14	16
539	14	17
962	34	35
978	34	35
983	34	47
950	32	33
