*Disappearing Nodes
#End Disappearing Nodes

*Newborn Nodes
#End Newborn Nodes

*Disappearing Edges
1	48
1	212
1	732
1	774
1	783
1	853
1	870
1	890
1	921
1	967
48	76
48	230
48	696
48	767
48	786
48	803
48	813
48	967
212	295
212	321
212	398
212	586
212	794
212	803
212	875
212	937
212	946
732	201
732	230
732	237
732	335
732	395
732	431
732	509
732	518
732	578
732	582
732	586
732	643
732	696
732	772
732	783
732	794
732	870
732	875
732	921
774	263
774	321
774	353
774	437
774	448
774	509
774	611
774	642
774	696
774	786
774	794
774	803
774	805
774	845
774	853
774	875
774	885
774	937
774	943
774	955
783	23
783	34
783	93
783	176
783	242
783	248
783	376
783	379
783	466
783	562
783	582
783	594
783	642
783	676
783	805
783	853
783	870
783	907
783	921
783	980
853	31
853	91
853	152
853	230
853	256
853	259
853	263
853	351
853	431
853	592
853	594
853	605
853	755
853	767
853	772
853	791
853	813
853	875
853	890
853	921
853	955
853	967
870	117
870	142
870	205
870	253
870	259
870	296
870	303
870	316
870	321
870	377
870	379
870	426
870	448
870	478
870	531
870	616
870	651
870	687
870	796
870	820
870	961
870	980
890	67
890	82
890	94
890	131
890	176
890	199
890	248
890	253
890	263
890	296
890	335
890	342
890	437
890	460
890	462
890	467
890	478
890	518
890	571
890	578
890	616
890	642
890	643
890	651
890	661
890	676
890	755
890	769
890	845
890	875
890	946
890	955
921	65
921	93
921	95
921	117
921	131
921	242
921	342
921	381
921	395
921	398
921	425
921	460
921	500
921	506
921	592
921	660
921	743
921	751
921	755
921	767
921	772
921	796
921	937
967	65
967	93
967	95
967	157
967	229
967	230
967	260
967	291
967	296
967	302
967	381
967	429
967	448
967	460
967	509
967	627
967	638
967	651
967	661
967	669
967	687
967	718
967	748
967	794
967	796
967	845
967	875
967	907
967	930
967	943
967	961
967	980
2	520
2	548
2	567
2	712
2	720
520	92
520	163
520	401
520	443
520	601
548	92
548	196
548	433
548	461
548	567
548	601
567	64
567	163
567	196
567	247
567	601
567	720
712	64
712	196
712	247
712	401
712	433
712	601
720	64
720	196
720	247
720	601
817	64
817	163
817	601
910	601
925	601
968	601
978	601
3	294
3	677
3	737
3	854
3	894
3	915
3	926
3	979
294	52
294	162
294	323
294	333
294	625
294	649
294	826
294	862
294	904
294	915
677	20
677	25
677	158
677	254
677	257
677	293
677	371
677	474
677	513
677	554
677	625
677	649
677	650
677	753
677	757
677	819
677	826
677	873
677	915
737	10
737	20
737	180
737	222
737	280
737	285
737	405
737	424
737	515
737	544
737	589
737	597
737	657
737	731
737	753
737	759
737	857
737	862
737	878
737	915
854	10
854	46
854	222
854	266
854	268
854	332
854	544
854	556
854	557
854	597
854	657
854	710
854	759
854	819
854	856
854	894
854	904
854	908
854	926
854	934
894	10
894	46
894	147
894	211
894	254
894	332
894	343
894	405
894	476
894	507
894	515
894	545
894	557
894	581
894	731
894	857
894	862
894	873
894	904
904	12
904	45
904	110
904	268
904	332
904	334
904	371
904	390
904	424
904	474
904	533
904	549
904	581
904	597
904	625
904	716
904	753
904	829
904	835
904	856
904	878
904	908
904	926
915	12
915	171
915	266
915	280
915	323
915	332
915	349
915	356
915	371
915	405
915	430
915	544
915	554
915	557
915	559
915	589
915	625
915	695
915	736
915	750
915	819
915	826
915	873
915	935
926	121
926	137
926	252
926	254
926	285
926	299
926	464
926	474
926	544
926	557
926	559
926	568
926	657
926	819
926	826
926	835
926	856
926	979
934	20
934	147
934	153
934	180
934	211
934	252
934	266
934	384
934	464
934	507
934	534
934	545
934	556
934	557
934	581
934	607
934	650
934	695
934	716
934	731
934	759
934	781
934	857
934	862
934	878
934	979
979	37
979	86
979	149
979	158
979	211
979	257
979	268
979	299
979	323
979	332
979	333
979	334
979	341
979	349
979	390
979	430
979	474
979	507
979	513
979	589
979	710
979	736
979	750
979	770
979	835
979	856
979	935
4	150
4	228
4	486
4	622
4	688
4	730
4	771
150	217
150	218
150	228
150	730
150	802
150	869
228	173
228	452
228	622
228	679
228	688
228	802
228	869
486	119
486	125
486	217
486	236
486	331
486	622
486	802
486	869
622	97
622	194
622	411
622	416
622	598
622	688
622	892
688	40
688	97
688	107
688	111
688	185
688	245
688	246
688	298
688	331
688	411
688	452
688	482
688	598
688	628
688	730
688	771
688	802
688	838
688	869
730	30
730	107
730	125
730	194
730	411
730	416
730	747
730	814
730	838
730	892
747	119
747	124
747	146
747	218
747	236
747	246
747	298
747	679
747	771
747	802
747	869
771	146
771	165
771	194
771	217
771	416
771	527
771	631
771	814
771	838
771	892
814	124
814	146
814	218
814	245
814	246
814	452
814	470
814	480
814	628
814	679
814	802
814	869
892	119
892	124
892	146
892	173
892	185
892	218
892	236
892	245
892	246
892	298
892	331
892	452
892	577
892	628
892	802
5	872
674	141
674	455
674	490
674	521
674	872
711	141
711	455
711	490
711	521
711	872
800	141
800	455
800	490
800	521
800	872
824	141
824	455
824	490
824	521
824	872
827	141
827	455
827	490
827	521
827	872
872	103
872	156
872	235
872	328
872	383
872	396
872	455
872	490
872	521
872	560
872	891
872	898
872	916
872	918
891	141
891	455
891	490
891	521
898	141
898	455
898	490
898	521
916	141
916	455
916	490
916	521
918	141
918	455
918	490
918	521
652	61
652	138
652	313
655	138
655	265
655	313
655	484
672	74
672	138
672	313
689	74
689	138
689	313
760	138
760	313
801	138
801	313
810	138
810	313
811	138
811	313
825	138
825	313
850	138
850	313
7	127
7	675
7	739
7	849
7	867
7	868
7	902
7	944
7	987
7	993
127	69
127	713
127	887
127	927
127	933
127	945
127	956
127	957
127	986
675	36
675	168
675	274
675	318
675	350
675	358
675	485
675	546
675	600
675	606
675	648
675	686
675	739
675	749
675	761
675	874
675	981
675	986
739	169
739	258
739	272
739	275
739	292
739	438
739	505
739	596
739	600
739	617
739	629
739	678
739	895
739	902
739	951
739	953
739	975
849	33
849	60
849	71
849	108
849	192
849	227
849	301
849	318
849	392
849	542
849	569
849	614
849	683
849	705
849	812
849	877
849	889
849	902
849	953
849	956
849	973
849	986
849	987
849	996
867	17
867	81
867	84
867	96
867	284
867	350
867	358
867	419
867	438
867	528
867	558
867	569
867	587
867	606
867	609
867	683
867	758
867	782
867	933
867	942
867	951
867	970
867	973
867	981
867	996
868	19
868	33
868	128
868	160
868	192
868	273
868	287
868	301
868	352
868	410
868	439
868	441
868	523
868	536
868	542
868	609
868	678
868	735
868	749
868	812
868	877
868	895
868	942
868	951
868	953
868	956
868	975
902	18
902	62
902	80
902	210
902	287
902	292
902	505
902	536
902	606
902	678
902	686
902	713
902	727
902	735
902	775
902	812
902	843
902	874
902	877
902	887
902	927
902	951
902	972
902	973
902	996
944	71
944	80
944	114
944	128
944	168
944	227
944	258
944	275
944	278
944	300
944	352
944	358
944	367
944	408
944	489
944	546
944	629
944	684
944	758
944	766
944	889
944	895
944	933
944	942
944	945
944	951
944	953
944	956
944	973
944	981
944	986
944	996
987	14
987	60
987	62
987	69
987	96
987	129
987	169
987	192
987	272
987	324
987	350
987	434
987	493
987	505
987	523
987	536
987	558
987	587
987	648
987	699
987	705
987	713
987	763
987	766
987	812
987	877
987	920
987	951
987	970
987	972
987	975
987	981
987	996
993	18
993	24
993	60
993	79
993	129
993	160
993	192
993	210
993	214
993	258
993	264
993	273
993	274
993	275
993	284
993	324
993	352
993	438
993	454
993	468
993	505
993	587
993	600
993	606
993	653
993	705
993	713
993	735
993	749
993	766
993	782
993	927
993	953
8	233
8	380
8	412
8	488
8	502
8	630
8	656
8	725
8	816
233	39
233	190
233	380
233	412
233	488
233	502
233	630
233	656
233	692
233	725
233	816
380	39
380	43
380	190
380	412
380	488
380	502
380	630
380	656
380	692
380	725
380	816
412	39
412	43
412	190
412	488
412	502
412	630
412	656
412	692
412	725
412	816
488	39
488	43
488	190
488	502
488	630
488	656
488	692
488	725
488	816
502	39
502	190
502	630
502	656
502	692
502	725
502	816
630	39
630	43
630	190
630	656
630	692
630	725
630	816
656	39
656	43
656	190
656	692
656	725
656	816
692	39
692	43
692	190
692	725
692	816
725	39
725	43
725	190
725	816
816	39
816	43
816	190
9	563
9	795
9	876
473	13
473	26
473	451
473	563
473	795
473	876
563	13
563	26
563	50
563	70
563	223
563	432
563	446
563	451
563	573
563	680
563	703
563	722
563	876
563	879
563	912
573	26
573	451
573	795
573	876
680	26
680	451
680	795
680	876
703	26
703	451
703	795
703	876
722	26
722	451
722	795
722	876
795	13
795	26
795	50
795	70
795	223
795	432
795	446
795	451
795	876
795	879
795	912
876	13
876	26
876	50
876	70
876	223
876	432
876	446
876	451
876	879
876	912
879	26
879	451
912	26
912	451
10	52
10	182
10	254
10	257
10	384
10	625
52	45
52	86
52	149
52	334
52	365
52	706
52	753
182	37
182	650
182	731
182	819
182	835
182	856
182	857
182	873
182	908
254	371
254	430
254	476
254	568
254	695
254	826
254	829
257	144
257	266
257	559
257	607
257	736
257	856
257	935
349	356
349	557
349	607
349	731
349	736
349	759
349	819
349	908
349	935
384	266
384	280
384	356
384	515
384	554
384	757
384	770
384	829
384	857
384	862
625	171
625	323
625	534
625	568
625	588
625	607
625	649
625	716
625	753
625	781
11	561
11	754
11	833
11	969
11	976
11	992
11	995
561	68
561	503
561	566
561	639
561	754
561	830
561	833
561	860
561	881
561	924
561	960
561	964
561	965
561	969
561	976
561	992
561	995
754	47
754	195
754	262
754	355
754	361
754	363
754	374
754	566
754	646
754	700
754	833
754	860
754	965
754	992
754	995
833	78
833	178
833	361
833	436
833	499
833	583
833	633
833	830
833	846
833	871
833	964
833	976
846	47
846	78
846	90
846	195
846	306
846	510
846	514
846	522
846	583
846	620
846	700
846	924
846	974
846	976
846	995
960	16
960	90
960	123
960	262
960	355
960	363
960	436
960	475
960	498
960	503
960	510
960	566
960	583
960	604
960	620
960	700
960	871
960	924
960	969
960	976
969	68
969	78
969	178
969	195
969	306
969	355
969	361
969	503
969	510
969	514
969	566
969	583
969	633
969	646
969	700
969	860
969	976
969	992
974	90
974	178
974	195
974	203
974	240
974	262
974	355
974	361
974	363
974	459
974	498
974	510
974	604
974	860
974	871
974	965
974	976
976	28
976	47
976	68
976	77
976	78
976	90
976	123
976	170
976	178
976	195
976	203
976	240
976	306
976	355
976	361
976	363
976	374
976	459
976	475
976	498
976	499
976	503
976	510
976	514
976	522
976	566
976	583
976	604
976	620
976	633
976	639
976	860
976	871
976	881
976	924
976	964
976	965
976	992
976	995
992	28
992	47
992	77
992	90
992	170
992	178
992	203
992	240
992	306
992	374
992	499
992	503
992	522
992	604
992	646
992	700
992	871
992	995
995	16
995	77
995	90
995	123
995	170
995	178
995	262
995	459
995	510
995	522
995	583
995	633
995	700
995	830
995	924
12	137
12	343
12	371
12	515
12	534
12	568
12	607
12	770
137	144
137	285
137	556
137	588
137	750
137	829
137	835
137	857
343	323
343	332
343	333
343	360
343	424
343	464
343	507
343	545
343	588
343	829
343	835
371	171
371	390
371	464
371	554
371	695
371	878
371	908
515	266
515	280
515	337
515	710
515	731
515	770
515	819
515	826
534	45
534	153
534	405
534	554
534	557
534	759
534	819
534	856
534	873
534	935
568	222
568	252
568	280
568	337
568	507
568	544
568	557
568	657
568	736
568	835
568	856
607	211
607	293
607	334
607	341
607	556
607	559
607	581
607	706
607	716
607	935
770	25
770	45
770	46
770	153
770	266
770	285
770	344
770	356
770	365
770	399
770	476
770	597
770	650
770	706
770	819
770	826
770	873
770	878
14	114
14	128
14	629
14	686
14	766
14	889
14	927
14	996
114	352
114	653
114	895
114	920
114	927
114	957
114	973
114	981
128	300
128	354
128	678
128	686
128	758
128	933
128	951
629	80
629	84
629	96
629	133
629	221
629	373
629	428
629	457
629	485
629	587
629	648
629	763
629	812
629	895
629	956
629	981
686	19
686	22
686	168
686	354
686	428
686	485
686	505
686	564
686	609
686	614
686	648
686	705
686	957
766	24
766	36
766	160
766	227
766	287
766	358
766	392
766	454
766	471
766	505
766	542
766	572
766	666
766	832
766	874
766	895
766	986
889	19
889	129
889	258
889	273
889	278
889	305
889	378
889	389
889	397
889	526
889	542
889	572
889	585
889	600
889	684
889	727
889	761
889	874
889	920
889	933
889	942
889	957
889	996
914	18
914	69
914	79
914	106
914	129
914	135
914	273
914	292
914	305
914	389
914	397
914	439
914	468
914	471
914	493
914	653
914	749
914	775
914	812
914	874
914	887
914	920
914	945
914	970
914	972
914	973
914	986
927	17
927	129
927	133
927	139
927	258
927	264
927	301
927	367
927	373
927	457
927	526
927	546
927	564
927	585
927	614
927	666
927	683
927	727
927	758
927	933
927	970
927	973
996	19
996	79
996	81
996	133
996	139
996	160
996	305
996	324
996	352
996	373
996	408
996	410
996	489
996	523
996	542
996	546
996	558
996	572
996	587
996	617
996	665
996	666
996	678
996	761
996	843
996	951
996	956
15	238
15	260
15	426
15	437
15	466
15	508
15	638
15	930
15	955
15	980
238	157
238	316
238	348
238	425
238	506
238	582
238	605
238	794
238	885
260	176
260	335
260	366
260	463
260	659
260	669
260	709
260	769
260	787
260	937
426	76
426	187
426	202
426	351
426	466
426	578
426	627
426	643
426	696
426	748
426	946
437	58
437	95
437	259
437	336
437	366
437	794
437	885
437	937
466	58
466	199
466	338
466	395
466	594
466	661
466	669
466	687
466	772
466	937
508	295
508	351
508	376
508	379
508	518
508	616
508	642
508	660
508	661
508	769
508	907
508	930
508	943
638	94
638	201
638	296
638	302
638	321
638	395
638	431
638	512
638	586
638	591
638	592
638	743
638	767
638	805
638	845
930	58
930	82
930	95
930	116
930	117
930	181
930	201
930	205
930	302
930	321
930	429
930	447
930	462
930	586
930	591
930	627
930	660
930	696
930	709
930	748
930	787
930	791
930	794
930	803
930	805
930	813
930	820
930	955
955	181
955	201
955	296
955	304
955	342
955	348
955	353
955	366
955	381
955	429
955	448
955	456
955	460
955	478
955	562
955	578
955	651
955	661
955	715
955	724
955	751
955	772
955	820
955	845
955	885
955	961
980	23
980	34
980	95
980	181
980	187
980	205
980	253
980	259
980	296
980	304
980	348
980	351
980	423
980	425
980	429
980	518
980	627
980	642
980	659
980	709
980	772
980	786
980	791
980	794
16	514
16	860
16	924
16	964
16	965
514	440
514	510
514	604
514	639
514	700
514	965
860	28
860	262
860	475
860	510
860	633
860	639
860	700
860	881
860	924
860	965
924	77
924	78
924	90
924	123
924	240
924	262
924	374
924	436
924	440
924	498
924	503
924	639
924	830
924	871
924	881
924	964
964	68
964	77
964	78
964	178
964	195
964	203
964	262
964	363
964	499
964	522
964	583
964	646
964	700
965	28
965	68
965	123
965	170
965	178
965	195
965	203
965	361
965	363
965	374
965	436
965	475
965	499
965	510
965	522
965	620
965	639
965	700
965	881
17	457
17	691
17	749
17	895
17	945
17	973
457	292
457	410
457	438
457	614
457	678
457	761
457	782
457	877
457	895
457	957
457	972
457	986
691	24
691	318
691	373
691	558
691	666
691	735
691	775
691	782
691	812
691	832
691	874
691	887
691	933
691	945
691	970
691	973
691	975
749	168
749	305
749	392
749	536
749	569
749	609
749	614
749	666
749	678
749	713
749	763
749	843
749	957
749	975
895	69
895	215
895	258
895	318
895	354
895	471
895	585
895	587
895	609
895	653
895	665
895	666
895	683
895	684
895	877
895	887
895	920
895	957
895	986
920	36
920	108
920	139
920	168
920	274
920	292
920	324
920	350
920	373
920	408
920	419
920	438
920	585
920	617
920	653
920	666
920	705
920	945
920	972
933	69
933	106
933	108
933	227
933	264
933	274
933	367
933	378
933	397
933	410
933	438
933	439
933	454
933	493
933	525
933	528
933	536
933	564
933	572
933	585
933	606
933	683
933	972
933	981
945	24
945	80
945	108
945	133
945	135
945	239
945	273
945	305
945	354
945	441
945	468
945	546
945	585
945	614
945	645
945	665
945	684
945	761
945	782
945	843
945	951
945	970
945	975
945	981
945	986
973	24
973	36
973	84
973	108
973	215
973	273
973	287
973	301
973	454
973	525
973	542
973	572
973	596
973	606
973	609
973	645
973	683
973	727
973	761
973	832
973	874
973	877
973	951
973	975
18	284
18	665
18	727
18	775
18	953
18	956
284	227
284	292
284	523
284	713
284	832
284	953
284	972
284	986
428	139
428	367
428	485
428	617
428	678
428	699
428	942
428	951
428	956
665	215
665	258
665	352
665	378
665	419
665	493
665	523
665	600
665	617
665	758
665	877
665	887
665	986
727	287
727	305
727	367
727	408
727	419
727	528
727	569
727	587
727	596
727	666
727	775
727	877
727	951
727	956
727	972
727	975
775	36
775	272
775	350
775	367
775	468
775	536
775	558
775	666
775	684
775	699
775	975
953	106
953	192
953	221
953	239
953	264
953	274
953	275
953	301
953	358
953	373
953	378
953	434
953	438
953	471
953	485
953	489
953	536
953	542
953	564
953	569
953	585
953	666
953	683
953	684
953	713
953	942
953	972
956	71
956	81
956	108
956	287
956	292
956	301
956	354
956	389
956	438
956	441
956	505
956	525
956	528
956	558
956	609
956	645
956	653
956	699
956	705
956	713
956	735
956	782
956	812
956	975
956	981
19	135
19	278
19	653
19	683
19	981
135	80
135	523
135	564
135	782
135	957
135	986
278	468
278	536
278	558
278	587
278	683
278	843
278	981
653	287
653	324
653	438
653	493
653	609
653	648
653	812
653	951
653	957
653	981
683	60
683	168
683	275
683	367
683	439
683	471
683	606
683	645
683	951
981	24
981	33
981	69
981	108
981	160
981	210
981	227
981	264
981	273
981	287
981	301
981	358
981	441
981	471
981	600
981	617
981	645
981	666
981	735
981	782
981	874
20	332
20	588
20	710
20	716
20	753
20	819
20	878
332	365
332	533
332	650
332	657
332	757
332	857
588	144
588	476
588	507
588	513
588	695
588	710
588	716
588	750
588	781
588	826
588	935
710	45
710	110
710	211
710	285
710	341
710	365
710	405
710	544
710	549
710	657
710	819
710	829
716	162
716	356
716	405
716	424
716	430
716	545
716	554
716	589
716	649
716	750
716	757
716	759
716	873
753	121
753	211
753	252
753	266
753	268
753	341
753	344
753	356
753	545
753	559
753	650
753	657
753	826
753	878
753	908
819	45
819	46
819	86
819	149
819	299
819	337
819	344
819	424
819	476
819	513
819	533
819	597
819	736
819	757
819	759
819	856
819	878
878	268
878	323
878	333
878	399
878	464
878	474
878	507
878	549
878	559
878	589
878	649
878	650
878	731
878	835
21	85
21	140
21	311
21	339
21	841
21	866
85	140
85	311
85	339
85	702
85	866
140	311
140	339
140	702
140	768
140	866
311	339
311	702
311	768
311	841
311	859
311	866
311	905
339	702
339	866
702	866
768	866
841	866
859	866
866	905
22	108
22	358
22	546
22	713
22	735
22	761
22	843
22	972
108	214
108	587
358	273
358	596
358	609
358	645
358	678
358	713
358	832
546	79
546	239
546	270
546	292
546	378
546	397
546	782
546	832
546	975
713	215
713	275
713	408
713	523
713	525
713	596
713	614
713	684
713	832
735	79
735	373
735	489
735	493
735	564
735	569
735	617
735	684
735	874
735	942
735	951
735	957
761	292
761	300
761	354
761	410
761	434
761	439
761	454
761	485
761	528
761	678
761	699
761	832
761	970
761	975
843	62
843	160
843	270
843	275
843	300
843	301
843	434
843	485
843	523
843	525
843	526
843	614
843	617
843	645
843	648
843	666
843	758
843	782
843	812
843	877
843	951
972	60
972	71
972	169
972	227
972	264
972	275
972	292
972	300
972	392
972	397
972	408
972	489
972	526
972	528
972	542
972	596
972	600
972	684
972	763
972	782
972	832
972	942
23	429
23	582
23	591
23	718
23	755
23	820
23	943
429	116
429	295
429	335
429	592
429	605
429	660
429	676
429	696
429	875
429	961
582	176
582	242
582	263
582	291
582	316
582	353
582	425
582	605
582	616
582	642
582	661
582	845
582	907
591	131
591	316
591	329
591	366
591	377
591	448
591	456
591	611
591	643
591	644
591	651
591	687
591	715
591	937
718	76
718	91
718	131
718	263
718	342
718	377
718	379
718	456
718	478
718	509
718	562
718	772
718	791
718	804
718	813
718	875
718	937
718	946
755	76
755	187
755	201
755	237
755	395
755	448
755	478
755	578
755	642
755	659
755	676
755	687
755	791
755	845
755	907
787	94
787	95
787	237
787	253
787	304
787	335
787	376
787	379
787	462
787	463
787	627
787	644
787	687
787	715
787	767
787	769
787	786
787	885
787	907
820	67
820	93
820	152
820	202
820	231
820	291
820	296
820	302
820	304
820	338
820	366
820	456
820	506
820	518
820	743
820	748
820	767
820	791
820	937
820	946
943	65
943	157
943	181
943	187
943	202
943	231
943	259
943	335
943	338
943	348
943	366
943	425
943	500
943	509
943	512
943	578
943	611
943	616
943	659
943	660
943	767
943	772
943	786
943	794
943	875
943	937
943	946
24	300
24	572
24	951
24	986
300	378
300	434
300	505
300	970
572	324
572	419
572	542
572	617
572	699
572	812
572	874
572	975
572	986
951	71
951	84
951	272
951	318
951	397
951	441
951	585
951	666
951	678
951	832
951	975
951	986
986	71
986	106
986	215
986	287
986	318
986	324
986	378
986	389
986	528
986	542
986	569
986	645
986	684
986	758
986	782
986	887
986	957
986	970
25	162
25	268
25	299
25	390
25	731
25	856
162	365
162	399
162	405
162	731
162	750
162	829
162	857
162	873
268	46
268	252
268	533
268	559
268	835
268	873
299	121
299	285
299	430
299	464
299	545
299	781
299	862
390	158
390	399
390	507
390	513
390	557
390	695
390	829
731	252
731	323
731	333
731	356
731	424
731	545
731	556
731	826
731	935
856	153
856	222
856	334
856	545
856	557
856	649
856	657
856	706
856	750
856	759
856	862
856	908
27	38
27	406
27	529
27	599
27	621
27	626
27	911
27	919
27	931
27	940
38	529
38	599
38	626
38	919
38	931
38	940
406	59
406	112
406	191
406	297
406	391
406	529
406	599
406	621
406	626
406	911
406	919
406	931
406	940
529	112
529	216
529	250
529	297
529	307
529	391
529	491
529	599
529	621
529	626
529	911
529	919
529	931
529	940
599	112
599	191
599	216
599	220
599	391
599	491
599	621
599	911
599	919
621	59
621	112
621	191
621	250
621	297
621	307
621	626
621	919
621	931
621	940
626	59
626	112
626	191
626	216
626	220
626	391
626	491
626	911
626	919
911	59
911	112
911	191
911	250
911	297
911	307
911	919
911	931
911	940
919	59
919	112
919	191
919	216
919	220
919	250
919	297
919	307
919	391
919	491
919	931
919	940
931	59
931	112
931	191
931	216
931	220
931	391
931	491
940	59
940	112
940	191
940	216
940	220
940	391
940	491
940	803
28	639
28	881
639	203
639	499
639	510
639	620
881	170
881	178
881	203
881	240
881	262
881	374
881	436
881	440
881	459
881	475
881	522
881	633
881	830
29	134
29	368
29	372
134	368
134	372
372	648
30	331
30	480
30	527
30	679
30	802
30	869
331	40
331	124
331	125
331	165
331	527
331	838
411	246
411	298
411	452
411	470
411	480
411	802
480	40
480	125
480	146
480	194
480	492
480	577
480	838
527	236
527	470
527	492
527	628
527	631
527	679
527	802
527	869
598	111
598	124
598	246
598	577
598	679
598	869
679	97
679	146
679	165
679	217
679	492
679	631
679	838
802	40
802	107
802	125
802	146
802	217
802	416
802	492
802	631
802	838
869	40
869	97
869	146
869	165
869	194
869	217
869	416
869	492
869	631
31	379
31	518
31	651
31	748
31	767
31	786
31	885
31	907
379	302
379	321
379	329
379	571
379	794
379	803
518	131
518	506
518	512
518	562
518	644
518	724
518	769
518	772
518	845
518	907
651	263
651	366
651	381
651	462
651	481
651	642
651	660
651	696
651	709
651	743
651	885
748	65
748	142
748	152
748	242
748	248
748	431
748	562
748	578
748	608
748	611
748	627
748	845
748	961
767	58
767	82
767	256
767	329
767	431
767	506
767	571
767	586
767	611
767	709
767	715
767	724
767	769
767	885
786	58
786	199
786	237
786	303
786	366
786	447
786	500
786	506
786	642
786	661
786	687
786	715
786	772
786	813
786	845
786	885
786	937
885	34
885	82
885	116
885	256
885	316
885	342
885	351
885	381
885	382
885	395
885	398
885	586
885	608
885	627
885	659
885	669
885	791
885	946
907	142
907	187
907	199
907	202
907	229
907	231
907	295
907	304
907	398
907	586
907	616
907	627
907	642
907	643
907	644
907	669
907	709
907	845
32	241
32	346
32	404
32	427
32	693
32	864
32	963
241	404
241	719
241	729
241	818
241	831
241	865
241	896
241	897
346	347
346	362
346	458
346	580
346	865
346	880
346	897
346	899
346	963
404	327
404	442
404	632
404	740
404	818
404	863
404	884
404	897
404	899
404	929
404	954
404	963
414	375
414	385
414	469
414	721
414	740
414	837
414	884
414	896
414	929
427	232
427	670
427	729
427	740
427	745
427	778
427	852
427	880
427	884
427	896
693	213
693	269
693	362
693	458
693	519
693	580
693	670
693	717
693	721
693	729
693	778
693	837
693	864
693	954
864	166
864	249
864	386
864	535
864	539
864	632
864	707
864	719
864	729
864	734
864	740
864	779
864	851
864	880
864	929
896	130
896	208
896	269
896	327
896	442
896	469
896	584
896	658
896	740
896	778
896	788
896	880
896	897
896	954
899	166
899	167
899	232
899	375
899	407
899	442
899	469
899	483
899	497
899	539
899	576
899	584
899	701
899	721
899	734
899	740
899	789
899	884
899	963
963	42
963	118
963	213
963	362
963	435
963	532
963	535
963	539
963	632
963	668
963	707
963	721
963	779
963	831
963	852
963	861
963	880
963	884
33	168
33	301
33	419
33	569
33	645
33	877
168	526
301	606
301	614
301	645
301	684
419	215
419	272
419	485
419	678
419	699
419	975
569	69
569	129
569	270
569	523
569	542
569	648
569	705
569	942
645	106
645	133
645	410
645	439
645	526
645	585
645	877
645	942
645	970
877	79
877	192
877	352
877	454
877	468
877	485
877	523
877	558
877	648
877	684
877	758
877	832
877	887
877	942
877	970
877	975
34	152
34	506
34	669
34	875
34	946
152	303
152	338
152	398
152	423
152	611
152	643
152	772
506	296
506	342
506	462
506	481
506	500
506	608
506	715
506	796
506	875
608	395
608	423
608	447
608	481
608	562
608	578
608	769
608	796
608	804
608	805
608	946
669	448
669	456
669	460
669	467
669	512
669	531
669	605
669	715
669	845
669	961
875	187
875	295
875	335
875	338
875	342
875	381
875	447
875	448
875	594
875	644
875	724
875	743
875	751
875	791
875	794
875	803
946	76
946	82
946	91
946	117
946	230
946	291
946	302
946	329
946	336
946	342
946	382
946	448
946	460
946	531
946	562
946	571
946	592
946	642
946	644
946	709
946	743
946	751
946	937
946	961
35	501
501	132
501	159
550	104
550	132
550	219
570	75
570	159
728	159
790	159
836	159
839	159
923	159
991	159
999	159
36	239
36	493
36	505
36	585
239	367
239	606
239	874
239	887
493	81
493	210
493	214
493	305
493	352
493	439
493	525
493	606
493	699
505	79
505	468
505	526
505	812
585	62
585	133
585	270
585	758
585	887
585	957
975	60
975	215
975	270
975	305
975	389
975	439
975	542
975	587
975	606
975	614
975	648
975	699
975	812
975	832
975	887
975	957
975	970
37	293
37	399
37	544
37	736
37	759
293	144
293	222
293	323
293	405
293	581
293	650
399	153
399	171
399	513
399	649
399	706
399	862
544	121
544	147
544	474
544	476
544	513
544	597
544	736
544	781
544	873
544	935
736	46
736	147
736	180
736	285
736	337
736	545
736	554
736	556
736	559
736	597
750	149
750	211
750	280
750	360
750	513
750	589
750	597
750	857
759	144
759	153
759	158
759	545
759	649
759	706
759	781
759	835
759	862
759	908
829	86
829	149
829	252
829	365
829	476
829	507
829	545
829	549
829	581
829	826
829	873
491	112
491	191
491	250
491	307
40	146
40	236
40	470
40	628
40	838
146	577
146	838
236	165
236	416
236	470
236	838
470	165
470	173
470	416
470	482
470	492
470	838
628	97
628	165
628	185
628	492
628	631
628	838
838	111
838	119
838	124
838	185
838	218
838	298
838	577
41	224
41	225
41	511
41	610
41	949
41	958
224	188
224	225
224	417
224	511
224	543
224	590
224	610
224	949
224	958
224	977
225	188
225	417
225	511
225	543
225	590
225	610
225	949
225	958
225	977
417	511
417	610
417	949
417	958
511	188
511	543
511	590
511	610
511	949
511	958
511	977
543	610
543	949
543	958
590	610
590	949
590	958
610	188
610	949
610	958
610	977
949	188
949	958
949	977
958	188
958	977
42	347
42	519
42	584
42	632
42	701
42	831
42	865
42	880
42	929
347	362
347	458
347	580
347	613
347	668
347	778
347	831
347	884
519	166
519	208
519	213
519	375
519	721
519	745
519	788
519	831
584	54
584	362
584	497
584	717
584	734
584	831
584	837
584	852
584	861
584	897
584	929
632	497
632	532
632	580
632	668
632	717
632	740
632	852
632	865
632	884
701	54
701	269
701	327
701	435
701	496
701	497
701	537
701	670
701	719
701	779
701	789
701	863
701	897
701	929
701	954
831	166
831	208
831	249
831	496
831	532
831	535
831	539
831	668
831	670
831	788
831	852
831	861
865	118
865	130
865	167
865	249
865	362
865	407
865	483
865	537
865	576
865	580
865	670
865	721
865	740
865	779
865	788
865	852
865	884
880	208
880	232
880	269
880	385
880	458
880	535
880	539
880	576
880	670
880	729
880	734
880	740
880	745
880	851
880	897
880	954
929	118
929	539
929	580
929	668
929	719
929	778
929	852
929	897
43	190
44	126
44	319
44	671
44	690
44	941
44	947
126	88
126	325
126	671
126	733
126	842
126	903
126	941
126	982
126	983
126	990
319	197
319	277
319	340
319	673
319	738
319	808
319	842
319	947
671	184
671	186
671	204
671	418
671	487
671	547
671	647
671	673
671	723
671	762
671	793
671	797
671	808
671	901
671	903
671	922
671	941
671	947
671	982
690	154
690	317
690	322
690	415
690	547
690	553
690	593
690	723
690	733
690	738
690	752
690	762
690	793
690	808
690	842
690	901
690	922
690	947
690	982
690	983
690	990
808	51
808	109
808	186
808	418
808	487
808	647
808	673
808	752
808	947
901	102
901	109
901	184
901	314
901	322
901	369
901	697
901	723
901	752
901	762
901	947
941	186
941	204
941	314
941	369
941	487
941	752
941	947
947	51
947	83
947	88
947	154
947	161
947	186
947	189
947	277
947	314
947	317
947	322
947	340
947	345
947	388
947	415
947	418
947	487
947	547
947	553
947	593
947	673
947	697
947	723
947	733
947	738
947	752
947	762
947	793
947	797
947	842
947	903
947	922
947	982
947	983
947	990
983	109
983	369
983	752
990	109
990	369
990	752
45	559
45	862
45	873
559	533
559	545
559	557
559	650
559	657
559	862
559	908
862	121
862	222
862	334
862	337
862	360
862	476
862	513
862	545
862	549
862	695
862	781
862	826
873	86
873	211
873	222
873	280
873	285
873	333
873	344
873	360
873	556
873	649
873	657
873	826
46	110
46	158
46	474
46	695
110	171
110	211
110	252
110	476
110	557
110	826
158	334
158	360
158	545
158	835
474	180
474	334
474	337
474	365
474	476
474	507
474	557
474	589
474	835
695	86
695	153
695	533
695	581
695	650
695	857
47	646
646	68
646	195
646	498
646	583
646	604
646	620
646	830
646	871
76	202
76	611
76	696
230	256
230	562
230	616
230	696
230	769
230	805
696	65
696	205
696	329
696	348
696	571
696	586
696	751
696	769
803	205
803	242
803	291
803	304
803	336
803	353
803	376
803	398
803	431
803	509
803	578
803	594
803	627
803	660
803	805
803	813
813	142
813	202
813	329
813	335
813	338
813	342
813	348
813	423
813	462
813	605
813	627
813	644
813	794
813	804
961	65
961	229
961	295
961	303
961	321
961	329
961	348
961	351
961	448
961	460
961	462
961	467
961	592
961	605
961	644
961	660
961	715
961	751
961	791
961	804
961	805
961	937
49	828
49	844
49	848
49	988
49	989
49	997
828	98
828	100
828	387
828	409
828	420
828	552
828	714
828	765
828	777
828	784
828	855
828	900
828	962
828	1000
844	87
844	98
844	100
844	387
844	409
844	420
844	552
844	714
844	765
844	777
844	784
844	855
844	900
844	962
844	1000
848	87
848	98
848	100
848	387
848	409
848	420
848	552
848	714
848	765
848	777
848	784
848	855
848	900
848	962
848	1000
855	175
855	198
855	243
855	286
855	402
855	420
855	449
855	453
855	806
855	988
855	989
855	997
900	175
900	198
900	243
900	286
900	402
900	420
900	449
900	453
900	806
900	988
900	989
900	997
962	175
962	198
962	243
962	286
962	402
962	420
962	449
962	453
962	806
962	988
962	989
962	997
988	87
988	98
988	100
988	387
988	409
988	420
988	552
988	714
988	765
988	777
988	784
988	1000
989	87
989	98
989	100
989	387
989	409
989	420
989	552
989	714
989	765
989	777
989	784
989	1000
997	87
997	98
997	100
997	387
997	409
997	420
997	552
997	714
997	765
997	777
997	784
997	1000
1000	70
1000	175
1000	198
1000	243
1000	286
1000	402
1000	420
1000	449
1000	453
1000	806
50	451
451	223
451	432
451	446
51	673
51	738
51	762
673	186
673	277
673	697
673	752
673	793
673	922
738	161
738	197
738	317
738	369
738	418
738	553
738	723
738	752
762	88
762	109
762	161
762	277
762	325
762	388
762	487
762	697
762	752
842	88
842	109
842	325
842	369
842	388
842	593
842	733
842	752
842	922
903	83
903	109
903	189
903	277
903	322
903	325
903	340
903	369
903	752
922	83
922	369
922	388
982	109
982	369
982	752
86	430
149	333
149	549
149	649
149	781
149	908
334	121
334	365
334	757
334	835
334	935
365	333
365	424
365	430
365	857
365	908
706	180
706	211
706	430
706	464
706	513
706	545
706	757
706	781
706	857
706	908
706	935
53	148
99	148
148	612
54	658
54	717
54	719
54	778
54	851
54	852
54	861
658	375
658	386
658	576
658	668
658	717
658	740
658	779
658	788
658	851
658	954
717	435
717	576
717	613
717	668
717	734
717	740
717	789
717	861
717	884
719	208
719	385
719	496
719	532
719	613
719	740
719	818
719	851
719	861
719	884
778	66
778	208
778	269
778	721
778	734
778	745
778	861
778	863
778	884
778	897
851	118
851	130
851	385
851	407
851	458
851	670
851	707
851	729
851	734
851	740
851	779
851	788
851	837
851	861
851	884
851	954
852	118
852	130
852	327
852	386
852	442
852	483
852	537
852	779
852	818
861	327
861	496
861	497
861	576
861	707
861	734
861	779
861	789
861	884
861	897
55	282
55	312
55	320
55	359
55	393
55	403
55	807
282	320
282	359
282	403
282	807
312	320
312	359
312	403
312	807
320	359
320	393
320	403
320	807
359	393
359	403
359	807
393	403
393	807
403	807
56	906
115	906
517	906
704	906
906	966
57	618
57	764
618	234
618	400
618	450
618	602
618	741
764	151
764	234
764	271
764	370
764	394
764	400
764	421
764	450
764	465
764	575
764	602
764	640
764	663
764	664
764	708
764	746
764	773
764	799
764	822
764	886
764	939
764	952
764	959
764	998
773	209
773	421
773	465
773	741
799	151
799	155
799	421
799	465
799	741
886	155
886	421
886	465
886	741
939	155
939	421
939	465
939	741
952	155
952	421
952	465
952	741
959	155
959	421
959	465
959	741
998	155
998	421
998	465
998	741
58	229
58	381
229	351
229	431
229	467
229	594
229	643
229	845
229	937
381	253
381	509
381	605
381	661
381	709
381	805
937	93
937	142
937	176
937	199
937	253
937	302
937	353
937	462
937	463
937	478
937	481
937	500
937	578
937	627
937	659
937	794
937	796
59	297
59	307
297	216
297	391
307	191
60	274
60	438
60	957
274	666
274	699
274	957
274	970
438	272
438	305
438	392
438	758
957	71
957	96
957	106
957	210
957	287
957	292
957	318
957	354
957	373
957	408
957	441
957	468
957	614
957	617
957	678
957	684
957	705
957	758
957	942
61	623
61	654
623	267
623	313
654	138
654	313
62	373
62	397
62	441
62	600
62	705
373	80
373	874
397	160
397	214
397	215
397	468
397	542
397	758
397	970
441	71
441	160
441	215
441	264
441	454
441	763
441	812
600	81
600	272
600	596
600	705
600	782
600	812
600	874
705	264
705	454
705	525
705	782
63	664
63	741
664	271
664	602
664	741
741	155
741	234
741	370
741	394
741	421
741	450
741	465
741	524
741	575
741	602
741	640
741	663
741	708
741	822
822	155
822	421
822	465
822	746
64	601
601	92
601	163
601	196
601	247
601	401
601	433
601	443
601	461
65	376
65	481
65	715
376	199
376	460
376	463
376	611
376	642
376	661
376	791
481	295
481	296
481	431
481	460
481	467
481	531
481	659
481	676
481	715
481	743
715	95
715	231
715	237
715	303
715	335
715	395
715	512
715	616
715	709
715	805
715	845
805	117
805	142
805	205
805	259
805	342
805	456
805	467
805	578
805	661
805	724
66	469
66	707
66	837
469	375
469	535
469	537
469	580
469	613
469	729
469	837
469	863
469	954
707	166
707	327
707	458
707	483
707	497
707	535
707	668
707	721
707	788
745	375
745	442
745	496
745	532
745	535
745	576
745	580
745	668
745	729
745	788
745	789
745	818
745	954
788	208
788	385
788	532
788	535
788	539
788	580
788	613
788	670
788	789
837	130
837	208
837	232
837	386
837	535
837	779
837	789
837	818
67	248
67	366
67	478
67	592
67	611
67	751
248	199
248	256
248	291
248	353
248	500
248	660
248	794
366	263
366	460
366	571
366	724
366	791
478	131
478	231
478	295
478	316
478	353
478	676
478	794
592	329
592	395
592	425
592	456
592	616
592	659
592	687
592	751
592	796
611	253
611	467
611	509
611	512
611	660
611	724
611	791
751	91
751	94
751	199
751	205
751	263
751	398
751	531
751	562
751	643
751	687
751	709
751	804
68	633
633	77
633	170
633	440
633	522
633	700
69	318
69	489
69	763
318	169
318	606
489	129
489	408
489	434
489	454
489	468
489	471
489	525
489	596
489	609
489	758
763	129
763	133
763	214
763	215
763	258
763	523
763	526
763	609
763	782
763	832
763	970
71	832
71	887
832	160
832	272
832	367
832	410
832	468
832	587
832	609
832	617
832	684
832	942
887	80
887	84
887	169
887	264
887	292
887	389
887	471
887	525
887	536
887	587
887	596
887	942
72	73
72	120
72	444
72	495
72	840
72	985
73	120
73	662
73	756
73	858
73	994
120	89
120	444
120	495
120	662
120	756
120	840
120	858
120	985
120	994
444	89
444	662
444	756
444	858
444	994
495	89
495	662
495	756
495	858
495	994
662	840
662	985
756	840
756	985
840	89
840	858
840	994
858	985
985	89
985	994
75	504
75	540
504	159
504	283
540	104
540	159
202	142
202	338
202	351
202	769
202	845
77	355
77	583
77	871
355	499
355	510
355	583
583	178
583	203
583	499
871	170
871	262
871	306
871	361
871	436
871	459
871	604
871	620
871	700
78	620
620	306
620	498
79	666
79	874
79	942
666	221
666	389
666	525
874	84
874	133
874	214
874	215
874	221
874	287
874	292
874	485
874	564
874	699
874	942
942	80
942	96
942	192
942	264
942	324
942	352
942	367
942	389
942	468
942	564
942	596
942	614
942	678
942	699
942	758
80	536
80	970
536	270
536	410
536	564
970	129
970	214
970	227
970	264
970	275
970	350
970	354
970	389
970	392
970	528
970	596
970	609
970	678
970	782
81	352
81	617
81	684
352	389
617	272
617	275
617	471
617	526
684	96
684	139
684	389
684	392
82	94
82	291
82	336
82	687
94	259
94	462
94	643
291	462
291	791
336	157
336	377
336	382
336	512
336	594
336	659
336	791
336	796
687	142
687	335
687	377
687	398
687	562
687	578
687	594
687	794
687	804
804	95
804	117
804	242
804	263
804	303
804	304
804	423
804	456
804	467
804	500
804	578
804	605
804	644
804	772
83	109
83	197
83	277
83	797
109	345
109	793
277	553
277	752
797	88
797	322
797	369
797	415
797	697
84	139
84	227
84	273
84	408
139	192
139	221
139	258
139	528
139	596
227	614
273	350
273	564
273	699
408	367
408	410
408	439
408	812
430	356
430	360
430	556
430	781
430	857
87	271
271	746
88	547
547	102
547	593
90	195
90	440
90	830
440	363
440	374
440	503
830	170
830	203
830	240
830	262
830	306
830	498
830	522
830	604
830	700
91	199
91	423
91	605
91	796
199	338
199	796
423	353
423	447
423	462
423	616
423	627
605	142
605	253
605	562
605	616
605	627
605	659
605	660
605	743
796	253
796	316
796	338
796	377
796	500
796	643
796	644
796	676
796	724
93	571
93	644
93	772
93	794
571	176
571	256
571	447
571	531
571	562
571	743
571	791
644	395
644	512
644	586
644	616
644	659
743	157
743	321
743	329
743	425
743	447
743	531
743	586
743	659
743	791
772	256
772	382
772	512
772	659
772	769
772	845
794	304
794	463
794	509
794	709
794	845
259	116
259	231
462	302
462	382
462	448
500	643
500	709
500	724
500	769
500	791
643	253
643	425
643	447
643	627
643	709
95	157
95	791
157	187
157	594
157	642
791	431
791	509
791	531
791	594
791	642
791	845
96	210
96	221
96	558
210	129
210	558
210	596
221	192
221	287
221	454
221	648
558	192
558	367
558	410
97	124
97	173
97	492
124	482
124	492
173	492
492	245
631	119
631	185
631	245
631	452
631	577
101	179
101	477
101	909
179	909
477	164
477	909
479	143
479	164
479	909
615	164
615	909
619	164
619	909
624	164
624	909
634	164
634	909
883	164
883	909
909	143
909	164
909	174
909	200
909	206
909	289
909	516
909	950
950	164
102	186
102	388
102	752
102	793
186	593
186	697
388	647
388	697
388	752
752	161
752	184
752	204
752	322
752	340
752	345
752	553
752	593
793	189
793	204
793	314
793	317
793	369
793	553
105	780
105	936
136	780
136	936
226	780
226	936
290	780
290	936
309	780
309	936
595	780
595	936
698	780
698	936
780	193
780	798
780	936
780	984
798	936
936	193
936	984
106	354
106	485
106	526
354	270
354	648
354	812
485	392
485	528
526	468
526	523
526	564
526	758
107	119
107	185
107	218
107	577
119	482
185	217
185	218
577	482
214	564
587	392
587	439
171	285
171	513
171	835
171	857
171	935
252	554
252	597
252	908
476	554
476	589
557	405
557	533
557	908
757	121
757	144
757	323
757	333
757	533
757	556
757	597
826	144
826	285
826	337
826	556
826	650
826	781
111	194
111	245
111	298
194	416
245	125
298	217
298	482
112	391
113	244
113	251
113	472
113	574
113	579
113	681
113	726
113	821
113	834
113	882
244	279
244	445
244	472
244	574
244	579
244	681
244	726
244	821
244	834
244	882
244	893
251	357
251	445
251	472
251	574
251	579
251	681
251	821
251	834
251	882
472	122
472	279
472	315
472	357
472	445
472	574
472	579
472	681
472	834
472	882
472	893
574	122
574	255
574	279
574	315
574	357
574	445
574	579
574	726
574	821
574	834
579	122
579	255
579	279
579	315
579	357
579	445
579	681
579	726
579	821
579	834
579	882
579	893
681	255
681	315
681	357
681	445
681	726
681	834
681	882
681	893
726	122
726	255
726	279
726	315
726	357
726	445
726	821
726	834
726	893
821	255
821	279
821	315
821	357
821	445
821	834
834	122
834	255
834	279
834	315
834	357
834	445
834	882
834	893
882	122
882	255
882	279
882	315
882	357
882	445
893	122
893	255
893	315
893	445
116	181
116	256
116	304
116	594
116	660
116	769
181	303
181	425
181	463
181	509
181	578
256	316
256	724
304	187
304	295
594	187
594	321
594	398
594	425
594	531
660	117
660	237
660	303
660	321
660	382
660	616
769	231
769	302
769	303
769	335
769	348
769	425
769	431
769	467
117	231
117	377
117	456
117	627
231	201
231	351
231	395
377	329
377	382
377	467
377	676
456	187
456	586
456	676
456	724
627	242
118	818
118	863
818	327
818	385
818	386
818	458
818	537
818	576
818	721
818	863
818	897
818	954
863	327
863	407
863	442
863	537
863	539
863	613
863	734
863	779
863	789
863	897
897	130
897	167
897	362
897	458
897	537
897	539
897	580
897	729
897	779
897	954
954	130
954	167
954	232
954	249
954	327
954	483
954	496
954	497
954	532
954	668
954	740
954	789
482	125
482	452
121	144
121	323
121	581
144	180
144	908
323	464
323	935
581	147
581	554
581	857
581	935
122	255
255	315
255	357
255	445
315	357
315	445
123	498
498	459
325	593
325	647
733	189
733	415
733	418
733	697
678	606
758	270
758	324
758	389
758	606
758	699
758	782
129	699
699	378
699	392
699	439
130	435
130	884
435	362
435	442
435	483
435	532
435	537
884	249
884	362
884	386
884	442
884	539
884	729
884	779
131	302
131	460
131	562
131	659
302	448
302	463
302	467
460	578
460	642
460	676
460	845
562	263
562	353
562	467
659	431
659	463
659	467
659	616
659	661
659	676
659	724
132	310
310	283
133	812
812	350
812	439
812	523
812	525
812	596
564	258
564	434
782	169
782	287
782	454
782	471
782	606
782	648
285	341
285	405
556	147
556	507
556	533
556	549
556	589
556	657
556	781
556	935
835	344
835	507
835	513
835	554
835	649
835	781
857	180
857	344
857	360
857	405
857	597
857	649
857	781
857	935
258	324
258	648
528	350
528	392
528	606
528	648
596	270
596	434
596	439
142	382
142	425
382	205
382	329
382	342
382	467
382	661
425	724
143	206
516	164
180	344
180	649
180	935
908	337
908	356
908	424
908	507
908	513
908	549
908	554
908	935
145	276
145	326
145	530
145	792
145	823
145	928
147	649
649	341
649	549
333	280
333	341
333	549
549	424
549	533
549	650
549	935
781	344
781	405
781	464
781	513
781	554
781	597
935	153
935	222
935	266
935	337
935	341
935	360
935	513
935	554
935	589
151	640
151	746
640	370
640	400
640	421
640	465
746	421
303	531
303	586
303	724
338	237
338	295
398	201
398	205
398	348
398	531
153	337
153	341
337	513
337	597
341	344
341	356
341	545
154	317
154	340
317	723
340	647
340	723
155	575
155	602
155	663
575	450
575	524
575	708
602	209
663	400
663	421
663	465
663	708
560	455
560	490
560	521
187	296
642	578
360	344
360	464
545	464
161	418
418	415
418	487
405	554
405	657
163	433
433	401
433	443
433	461
164	289
289	174
289	200
165	246
246	452
166	576
166	779
576	362
576	442
576	580
576	613
576	721
734	483
734	580
734	729
734	740
779	208
779	232
779	385
779	407
779	532
167	407
167	535
167	668
167	670
407	385
407	497
407	539
407	580
407	789
535	496
535	537
535	613
668	442
668	532
668	721
668	740
668	789
670	269
670	375
670	483
670	613
169	324
169	378
324	434
378	270
378	542
378	614
525	350
525	471
170	522
522	436
522	510
522	566
172	288
172	538
172	603
172	635
172	641
172	948
288	603
288	635
288	641
538	603
538	635
538	641
603	635
603	641
603	948
635	948
641	948
806	387
806	409
806	420
806	552
806	714
806	765
806	777
806	784
176	316
176	353
176	586
316	201
316	335
316	709
353	661
353	724
586	242
177	541
177	636
177	682
177	744
177	785
177	809
177	847
177	932
541	551
541	636
541	682
541	744
541	785
541	809
541	847
541	932
551	636
551	667
551	744
551	785
551	809
551	847
551	932
636	667
636	744
636	785
636	809
636	847
636	932
636	938
667	682
667	744
667	785
667	809
667	847
667	932
667	938
682	744
682	785
682	809
682	847
682	932
682	938
744	785
744	809
744	847
744	932
744	938
785	809
785	847
785	932
785	938
809	847
809	932
809	938
847	932
847	938
932	938
344	424
463	201
463	296
463	447
463	512
463	676
509	263
509	321
509	531
509	724
578	676
650	222
650	424
650	464
650	533
650	589
650	657
183	330
183	913
330	913
913	971
184	593
593	369
697	314
697	553
697	723
296	531
296	661
191	220
220	250
416	452
196	443
443	401
443	461
201	616
616	242
616	351
616	531
351	661
845	242
845	531
845	661
845	709
203	361
203	499
361	459
361	566
499	436
499	566
204	553
204	647
723	369
723	415
205	447
207	494
207	555
207	565
207	637
207	742
207	776
207	815
494	565
494	742
494	815
555	565
555	742
555	815
565	637
565	742
565	776
565	815
637	742
637	815
742	776
742	815
776	815
209	394
394	708
708	234
708	421
708	465
295	512
295	661
295	709
321	237
213	497
213	729
497	232
497	386
497	458
497	740
729	249
729	362
729	386
729	613
729	740
789	269
789	483
789	496
789	740
216	250
454	272
454	305
648	305
648	410
648	609
222	657
614	275
614	410
614	434
431	709
395	661
442	613
532	375
532	496
235	521
521	328
521	383
521	396
521	455
521	490
237	512
512	709
367	392
367	606
606	609
243	777
777	286
777	402
777	420
777	449
777	453
279	357
279	445
445	357
247	401
247	461
401	461
249	375
249	721
249	740
375	269
375	386
375	721
721	327
721	458
721	539
740	327
740	362
740	386
740	483
554	356
554	597
597	356
724	709
266	424
533	464
533	589
269	537
537	458
537	613
350	392
286	784
784	402
784	420
784	449
784	453
661	448
531	342
434	542
448	676
305	542
306	566
566	363
566	604
308	484
484	313
314	487
487	369
328	490
490	383
490	396
490	455
613	386
613	496
459	363
459	475
459	503
459	700
363	503
475	604
475	700
370	465
465	524
374	700
700	436
383	455
455	396
385	496
496	483
765	402
765	420
765	449
765	453
400	524
524	421
539	483
413	422
420	714
714	449
714	453
436	604
#End Disappearing Edges

*Newborn Edges
1	152
1	460
1	518
1	594
1	696
1	772
1	787
1	791
1	803
1	955
152	65
152	116
152	201
152	351
152	755
152	791
152	794
152	937
152	946
152	955
460	82
460	116
460	231
460	398
460	467
460	582
460	605
460	643
460	755
460	767
460	772
460	787
460	791
460	803
518	67
518	181
518	201
518	248
518	335
518	431
518	467
518	582
518	592
518	660
518	669
518	875
518	937
518	946
518	967
594	351
594	431
594	462
594	481
594	508
594	512
594	582
594	592
594	659
594	755
594	772
594	794
594	937
594	946
594	967
696	15
696	58
696	202
696	248
696	253
696	316
696	382
696	431
696	437
696	506
696	709
696	767
696	787
696	794
696	803
696	870
772	15
772	58
772	82
772	304
772	316
772	329
772	348
772	431
772	467
772	586
772	592
772	642
772	643
772	767
772	937
772	967
787	58
787	316
787	338
787	351
787	382
787	395
787	456
787	506
787	591
787	659
787	748
787	755
787	791
787	794
787	803
787	804
787	946
787	955
791	58
791	67
791	82
791	231
791	248
791	303
791	321
791	395
791	456
791	462
791	508
791	605
791	643
791	660
791	748
791	786
791	803
791	870
791	946
791	967
803	82
803	95
803	253
803	256
803	316
803	338
803	395
803	423
803	481
803	508
803	643
803	669
803	709
803	748
803	783
803	786
803	794
803	937
955	23
955	58
955	95
955	116
955	131
955	199
955	202
955	256
955	303
955	321
955	335
955	351
955	398
955	426
955	467
955	508
955	582
955	586
955	591
955	592
955	605
955	642
955	659
955	709
955	748
955	875
955	937
955	967
2	702
2	768
2	841
2	859
2	905
702	247
702	401
702	433
702	443
702	461
702	520
702	548
702	567
702	712
702	720
702	807
702	817
702	910
702	925
702	968
702	978
768	64
768	163
768	247
768	401
768	433
768	443
768	461
768	548
768	567
768	712
768	720
768	807
768	817
768	910
768	925
768	968
768	978
817	21
817	140
817	146
817	155
817	339
817	807
817	841
817	859
817	905
841	64
841	92
841	146
841	155
841	163
841	196
841	247
841	401
841	433
841	443
841	461
841	520
841	548
841	567
841	712
841	720
841	807
841	910
841	925
841	968
841	978
859	64
859	92
859	146
859	155
859	163
859	196
859	247
859	401
859	433
859	443
859	461
859	520
859	548
859	567
859	712
859	720
859	807
859	910
859	925
859	968
859	978
905	64
905	92
905	146
905	155
905	163
905	196
905	247
905	401
905	433
905	443
905	461
905	520
905	548
905	567
905	712
905	720
905	807
905	910
905	925
905	968
905	978
910	21
910	85
910	140
910	146
910	155
910	339
910	807
925	21
925	85
925	140
925	146
925	155
925	339
925	807
968	21
968	85
968	140
968	146
968	155
968	339
968	807
978	21
978	85
978	140
978	146
978	155
978	339
978	807
3	144
3	311
3	581
3	589
3	695
3	826
3	856
3	908
144	371
144	384
144	534
144	649
144	716
144	856
144	857
144	894
144	904
311	137
311	162
311	356
311	390
311	534
311	695
311	759
311	878
311	904
311	908
311	926
311	979
581	10
581	110
581	171
581	180
581	549
581	625
581	677
581	781
581	890
581	915
581	926
589	252
589	334
589	534
589	557
589	588
589	625
589	731
589	770
589	894
589	904
589	934
695	20
695	25
695	37
695	147
695	162
695	299
695	365
695	399
695	657
695	753
695	770
695	908
826	10
826	45
826	55
826	171
826	211
826	268
826	280
826	323
826	334
826	341
826	430
826	464
826	557
826	561
826	737
826	750
826	856
826	890
826	935
856	149
856	158
856	171
856	323
856	349
856	405
856	430
856	474
856	533
856	588
856	677
856	753
856	770
856	857
856	873
856	878
856	915
856	934
856	935
904	25
904	137
904	182
904	257
904	285
904	293
904	323
904	360
904	464
904	534
904	568
904	588
904	649
904	657
904	677
904	706
904	710
904	731
904	737
904	759
904	857
904	890
904	915
908	12
908	20
908	25
908	86
908	158
908	211
908	285
908	332
908	344
908	359
908	384
908	405
908	533
908	607
908	650
908	677
908	710
908	770
908	873
908	878
934	55
934	134
934	148
934	149
934	158
934	171
934	268
934	294
934	333
934	344
934	349
934	405
934	474
934	515
934	561
934	568
934	588
934	625
934	706
934	737
934	750
934	753
934	757
934	770
934	835
4	165
4	411
4	416
4	527
4	631
4	838
4	976
165	482
165	486
165	492
165	598
165	631
165	747
165	976
411	125
411	217
411	482
411	492
411	527
411	598
411	838
411	976
416	125
416	150
416	217
416	527
416	598
416	747
416	814
416	976
527	97
527	107
527	150
527	194
527	228
527	486
527	892
527	976
631	30
631	125
631	150
631	194
631	217
631	228
631	492
631	747
631	976
747	30
747	97
747	150
747	217
747	486
747	598
747	976
814	30
814	125
814	150
814	217
814	228
814	838
814	976
838	30
838	97
838	125
838	228
838	486
838	492
838	598
838	976
892	97
892	107
892	482
892	492
892	976
976	30
976	97
976	107
976	125
976	150
976	194
976	217
976	228
976	482
976	486
976	492
976	598
5	971
674	183
674	225
674	330
674	403
674	971
711	183
711	225
711	330
711	403
711	971
800	183
800	225
800	330
800	403
800	971
824	183
824	225
824	330
824	403
824	971
827	183
827	225
827	330
827	403
827	971
891	183
891	225
891	330
891	403
891	971
898	183
898	225
898	330
898	403
898	971
916	183
916	225
916	330
916	403
916	971
918	183
918	225
918	330
918	403
918	971
971	103
971	156
971	225
971	235
971	328
971	383
971	396
971	403
971	560
652	320
652	380
652	579
655	61
655	320
655	380
655	579
672	320
672	380
672	579
689	320
689	380
689	579
760	320
760	380
760	579
801	320
801	380
801	579
801	752
810	320
810	380
810	579
811	320
811	380
811	579
825	320
825	380
825	579
850	320
850	380
850	579
7	27
7	159
7	368
7	372
7	906
27	159
27	368
27	372
27	906
159	368
159	372
159	906
368	906
372	906
8	14
8	666
8	766
8	866
8	944
8	956
8	957
8	975
8	981
14	485
14	816
14	887
14	944
14	956
14	957
14	986
14	993
666	80
666	264
666	292
666	397
666	505
666	614
666	645
666	648
666	725
666	761
666	816
666	877
666	902
666	933
666	942
666	947
666	956
692	62
692	389
692	438
692	489
692	505
692	544
692	546
692	587
692	648
692	675
692	727
692	739
692	782
692	867
692	902
692	927
692	951
692	953
692	970
692	973
692	986
766	18
766	69
766	128
766	210
766	273
766	292
766	300
766	536
766	569
766	585
766	614
766	684
766	699
766	812
766	867
766	933
766	942
766	947
766	972
766	975
866	17
866	69
866	79
866	133
866	215
866	227
866	301
866	305
866	367
866	397
866	408
866	428
866	441
866	457
866	468
866	471
866	542
866	546
866	596
866	725
866	758
866	761
866	763
866	812
866	843
866	877
866	895
866	956
866	973
866	993
866	996
944	17
944	22
944	62
944	239
944	272
944	274
944	287
944	292
944	324
944	392
944	419
944	428
944	441
944	485
944	502
944	523
944	544
944	558
944	572
944	606
944	609
944	699
944	713
944	727
944	782
944	849
944	902
944	914
944	947
944	957
944	972
956	39
956	227
956	264
956	275
956	278
956	284
956	350
956	358
956	392
956	410
956	434
956	454
956	457
956	468
956	485
956	489
956	523
956	526
956	572
956	600
956	675
956	686
956	758
956	763
956	816
956	867
956	877
956	887
956	973
956	993
957	19
957	39
957	168
957	215
957	284
957	300
957	397
957	542
957	544
957	564
957	596
957	600
957	606
957	645
957	648
957	665
957	691
957	699
957	713
957	725
957	761
957	812
957	874
957	877
957	914
957	927
957	933
957	945
957	981
957	987
957	996
975	22
975	71
975	80
975	84
975	129
975	133
975	210
975	214
975	239
975	275
975	284
975	301
975	358
975	373
975	397
975	410
975	434
975	454
975	489
975	528
975	558
975	617
975	653
975	684
975	725
975	816
975	895
975	914
975	920
975	953
975	986
981	18
981	60
981	79
981	129
981	135
981	275
981	318
981	324
981	350
981	389
981	408
981	439
981	544
981	585
981	606
981	609
981	656
981	686
981	691
981	699
981	725
981	739
981	749
981	758
981	775
981	812
981	816
981	889
981	895
981	947
981	996
9	630
9	819
9	932
473	50
473	70
473	255
473	630
473	819
473	932
573	255
573	630
573	819
573	932
630	13
630	50
630	70
630	223
630	255
630	432
630	446
630	680
630	703
630	722
630	819
630	879
630	912
630	932
680	255
680	819
680	932
703	255
703	819
703	932
722	255
722	819
722	932
819	13
819	50
819	70
819	223
819	255
819	432
819	446
819	879
819	912
819	932
879	255
879	932
912	255
912	932
932	13
932	50
932	70
932	223
932	255
932	432
932	446
10	149
10	337
10	507
10	657
10	677
10	759
10	862
149	147
149	257
149	716
149	854
149	857
149	894
149	915
337	52
337	121
337	182
337	285
337	365
337	430
337	607
337	753
337	770
337	894
337	926
349	37
349	332
349	333
349	341
349	568
349	588
349	710
349	857
349	890
507	25
507	257
507	334
507	384
507	515
507	561
507	597
507	650
507	770
507	862
507	890
507	935
657	52
657	147
657	341
657	474
657	533
657	625
657	706
657	736
657	759
657	781
657	894
677	52
677	153
677	299
677	332
677	384
677	549
677	559
677	597
677	710
677	759
677	829
677	854
677	857
677	862
677	935
759	12
759	46
759	121
759	182
759	252
759	268
759	476
759	557
759	568
759	588
759	607
759	770
759	873
759	979
862	134
862	137
862	148
862	280
862	341
862	343
862	365
862	405
862	424
862	464
862	568
862	753
862	757
862	770
862	829
862	857
862	915
862	926
862	935
862	979
11	459
11	514
11	620
11	636
11	726
11	893
11	964
459	195
459	472
459	499
459	583
459	633
459	636
459	682
459	846
459	893
459	969
514	138
514	195
514	357
514	636
514	830
514	882
514	938
514	960
514	995
620	16
620	26
620	262
620	566
620	574
620	604
620	636
620	682
620	821
636	123
636	251
636	313
636	633
636	700
636	726
636	830
636	846
636	882
636	924
636	964
636	969
636	974
636	992
636	995
726	77
726	78
726	178
726	374
726	522
726	556
726	633
726	667
726	740
726	754
726	924
726	938
726	960
726	964
726	965
726	969
726	992
726	995
846	28
846	29
846	77
846	207
846	240
846	262
846	279
846	475
846	667
846	821
846	860
846	882
846	893
846	938
893	120
893	177
893	195
893	240
893	306
893	440
893	475
893	503
893	510
893	522
893	551
893	566
893	646
893	740
893	754
893	830
893	860
893	924
893	938
893	960
893	964
893	965
893	969
893	992
960	29
960	120
960	178
960	251
960	306
960	315
960	472
960	551
960	565
960	574
960	667
960	681
960	682
960	740
960	821
960	833
960	882
960	938
964	28
964	47
964	120
964	122
964	207
964	357
964	361
964	440
964	475
964	541
964	681
964	740
964	882
964	969
974	26
974	29
974	68
974	112
974	113
974	120
974	138
974	251
974	315
974	357
974	374
974	503
974	574
974	667
974	681
974	682
974	740
12	110
12	424
12	753
12	835
12	854
12	873
12	935
12	979
110	360
110	399
110	464
110	829
110	854
110	878
110	915
424	52
424	121
424	162
424	371
424	559
424	597
424	649
424	706
424	854
424	979
753	46
753	148
753	257
753	323
753	333
753	365
753	474
753	476
753	649
753	731
753	829
753	835
753	857
753	890
753	894
835	55
835	86
835	162
835	293
835	294
835	299
835	356
835	405
835	464
835	549
835	731
835	736
835	737
835	757
835	770
835	873
835	894
854	86
854	134
854	147
854	148
854	211
854	252
854	299
854	343
854	390
854	405
854	476
854	561
854	706
854	716
854	757
854	770
873	25
873	121
873	180
873	254
873	257
873	294
873	332
873	334
873	341
873	343
873	371
873	549
873	650
873	710
873	737
873	857
873	890
873	935
873	979
935	20
935	121
935	134
935	158
935	162
935	182
935	252
935	268
935	299
935	343
935	344
935	371
935	384
935	390
935	430
935	476
935	650
935	710
935	757
935	829
935	890
979	25
979	55
979	137
979	148
979	153
979	180
979	254
979	266
979	285
979	293
979	294
979	359
979	365
979	384
979	464
979	557
979	559
979	597
979	625
979	650
979	706
979	716
979	890
979	894
13	446
446	223
446	255
485	493
485	546
485	596
485	617
485	648
485	653
485	735
485	775
485	832
485	951
816	106
816	114
816	135
816	305
816	434
816	438
816	528
816	648
816	665
816	678
816	683
816	686
816	843
816	887
816	914
816	927
816	933
816	942
816	947
816	951
816	986
816	987
816	996
887	24
887	36
887	233
887	275
887	305
887	373
887	378
887	468
887	505
887	528
887	609
887	614
887	617
887	678
887	686
887	749
887	782
887	832
887	874
887	889
887	993
914	36
914	60
914	168
914	190
914	239
914	324
914	352
914	354
914	505
914	536
914	606
914	705
914	713
914	727
914	758
914	761
914	843
914	849
914	867
914	927
914	942
914	953
914	993
986	33
986	40
986	43
986	69
986	84
986	168
986	258
986	270
986	275
986	292
986	352
986	454
986	546
986	629
986	648
986	678
986	683
986	686
986	691
986	699
986	727
986	735
986	761
986	832
986	874
986	877
986	933
986	953
986	987
993	22
993	33
993	114
993	135
993	139
993	233
993	278
993	287
993	292
993	318
993	354
993	367
993	378
993	397
993	493
993	502
993	544
993	569
993	645
993	648
993	656
993	684
993	691
993	758
993	812
993	889
993	920
993	947
993	951
15	481
15	506
15	605
15	642
15	669
15	794
15	870
15	937
481	23
481	131
481	181
481	462
481	582
481	591
481	767
481	786
481	794
481	870
481	946
481	967
506	67
506	199
506	467
506	508
506	586
506	643
506	659
506	660
506	709
506	794
506	870
506	937
506	967
605	65
605	131
605	202
605	304
605	338
605	382
605	456
605	508
605	586
605	755
605	805
605	870
605	875
605	967
642	67
642	181
642	201
642	256
642	423
642	425
642	431
642	437
642	467
642	592
642	805
642	875
642	967
669	23
669	131
669	202
669	303
669	304
669	335
669	398
669	425
669	591
669	643
669	659
669	875
669	946
794	187
794	199
794	201
794	303
794	329
794	467
794	586
794	591
794	660
794	786
794	804
794	805
794	870
794	946
870	23
870	116
870	187
870	231
870	256
870	304
870	335
870	462
870	467
870	582
870	586
870	592
870	659
870	660
870	709
870	786
870	875
870	937
937	23
937	65
937	82
937	95
937	181
937	187
937	201
937	248
937	304
937	321
937	335
937	338
937	348
937	382
937	395
937	431
937	582
937	709
937	767
937	804
937	875
937	967
16	78
16	503
16	522
16	541
16	882
16	992
78	436
78	551
78	583
78	639
78	754
503	510
503	556
503	566
503	583
503	821
503	938
522	122
522	498
522	541
522	565
522	574
522	681
522	700
522	754
522	833
522	924
541	123
541	279
541	306
541	361
541	574
541	700
541	871
541	881
541	924
541	965
541	969
541	992
833	29
833	68
833	113
833	306
833	498
833	566
833	667
833	700
833	740
833	821
833	881
833	938
833	992
882	26
882	47
882	68
882	77
882	138
882	240
882	313
882	363
882	374
882	440
882	551
882	565
882	646
882	667
882	740
882	754
882	830
882	860
882	881
882	924
882	938
882	965
882	995
969	26
969	29
969	112
969	138
969	207
969	251
969	279
969	551
969	556
969	574
969	667
969	681
969	682
969	821
969	938
992	68
992	112
992	113
992	138
992	177
992	251
992	279
992	313
992	357
992	472
992	556
992	565
992	639
992	667
992	682
992	821
992	881
17	190
17	239
17	272
17	274
17	951
17	953
190	410
190	542
190	614
190	739
190	761
190	812
190	942
190	951
190	972
239	300
239	434
239	749
239	970
272	273
272	441
272	502
272	735
272	889
272	902
272	945
272	953
274	278
274	542
274	758
274	832
274	843
274	849
274	877
274	927
920	84
920	106
920	210
920	215
920	221
920	264
920	270
920	301
920	354
920	367
920	471
920	525
920	542
920	629
920	675
920	686
920	699
920	713
920	782
920	843
920	867
920	973
933	19
933	39
933	80
933	96
933	129
933	139
933	210
933	287
933	292
933	301
933	350
933	389
933	419
933	489
933	546
933	558
933	614
933	665
933	727
933	749
933	763
933	843
933	868
933	902
933	942
933	996
951	60
951	69
951	108
951	139
951	160
951	169
951	350
951	373
951	419
951	438
951	544
951	564
951	572
951	614
951	629
951	645
951	684
951	713
951	749
951	763
951	895
951	942
951	953
953	24
953	36
953	69
953	79
953	108
953	114
953	133
953	160
953	258
953	270
953	300
953	354
953	397
953	439
953	457
953	502
953	544
953	606
953	648
953	656
953	665
953	699
953	735
953	761
953	867
953	877
953	970
18	192
18	275
18	502
18	526
18	832
18	868
18	947
192	108
192	378
192	439
192	585
192	775
192	895
192	945
192	972
192	973
275	188
275	373
275	600
275	874
275	927
428	62
428	108
428	542
428	558
428	569
428	609
428	927
428	945
428	972
502	33
502	40
502	569
502	585
502	727
502	843
502	867
502	973
502	987
502	996
526	81
526	108
526	127
526	233
526	273
526	367
526	596
526	775
526	868
526	877
526	970
526	987
832	39
832	79
832	81
832	129
832	133
832	264
832	354
832	378
832	392
832	523
832	528
832	542
832	544
832	569
832	606
832	678
832	868
832	902
832	970
868	39
868	69
868	80
868	133
868	221
868	258
868	264
868	292
868	318
868	392
868	489
868	493
868	587
868	606
868	645
868	656
868	683
868	725
868	782
868	843
868	874
868	927
868	970
868	972
947	40
947	43
947	62
947	96
947	114
947	214
947	278
947	287
947	300
947	305
947	324
947	378
947	392
947	412
947	454
947	489
947	505
947	536
947	546
947	614
947	645
947	648
947	665
947	684
947	691
947	713
947	727
947	763
947	867
947	877
947	902
947	942
947	970
947	987
947	996
19	523
19	536
19	758
19	782
19	874
19	877
19	970
523	33
523	71
523	221
523	373
523	378
523	392
523	410
523	874
523	973
536	305
536	318
536	408
536	585
536	727
536	867
536	895
536	942
536	996
691	135
691	352
691	367
691	493
691	505
691	569
691	727
691	849
691	927
691	942
691	972
691	987
691	996
758	39
758	40
758	84
758	114
758	139
758	358
758	378
758	572
758	656
758	727
758	812
758	874
758	945
758	972
782	79
782	84
782	96
782	278
782	301
782	439
782	528
782	596
782	614
782	629
782	686
782	725
782	727
782	849
782	877
782	889
782	973
874	62
874	108
874	270
874	278
874	354
874	410
874	441
874	471
874	489
874	656
874	684
874	686
874	705
874	713
874	727
874	749
874	996
877	43
877	108
877	128
877	168
877	169
877	233
877	358
877	367
877	378
877	438
877	572
877	606
877	609
877	761
877	775
877	927
877	945
970	60
970	62
970	71
970	215
970	233
970	284
970	292
970	367
970	441
970	471
970	489
970	525
970	542
970	564
970	572
970	629
970	675
970	684
970	713
970	727
970	812
970	889
20	399
20	476
20	559
20	568
20	731
20	890
20	915
399	182
399	252
399	285
399	344
399	365
399	474
399	534
399	549
476	222
476	341
476	359
476	549
476	597
476	781
476	890
559	52
559	134
559	171
559	222
559	356
559	360
559	568
559	716
559	829
559	857
559	890
559	894
568	343
568	344
568	588
568	607
568	649
568	731
568	737
568	857
731	37
731	134
731	334
731	365
731	533
731	534
731	625
731	649
731	706
731	716
731	781
731	890
890	45
890	162
890	211
890	332
890	334
890	343
890	359
890	384
890	405
890	430
890	549
890	607
890	625
890	716
890	737
890	750
890	770
890	781
890	829
890	857
890	878
915	25
915	55
915	134
915	153
915	268
915	285
915	293
915	334
915	341
915	344
915	359
915	390
915	464
915	474
915	515
915	533
915	607
915	757
915	781
915	878
915	926
21	73
73	488
22	81
22	645
22	812
22	895
22	902
22	996
81	39
81	389
81	596
81	699
81	761
645	214
645	284
645	389
645	544
645	587
645	684
645	705
645	713
645	763
645	902
645	972
645	987
775	33
775	305
775	352
775	408
775	587
775	675
775	686
775	812
775	942
775	945
775	987
812	36
812	215
812	227
812	273
812	367
812	389
812	493
812	544
812	665
812	678
812	686
812	739
812	761
895	39
895	84
895	128
895	129
895	160
895	301
895	373
895	408
895	410
895	419
895	468
895	564
895	596
895	656
895	678
895	686
895	735
895	749
895	945
895	973
902	33
902	40
902	214
902	278
902	301
902	412
902	419
902	434
902	438
902	454
902	468
902	572
902	587
902	617
902	656
902	665
902	683
902	761
902	763
996	106
996	128
996	129
996	221
996	227
996	233
996	258
996	284
996	300
996	350
996	412
996	419
996	454
996	468
996	585
996	600
996	614
996	686
996	705
996	739
996	749
996	763
996	927
23	248
23	437
23	748
23	805
248	202
248	303
248	304
248	767
248	804
248	805
437	398
437	423
437	425
437	582
437	659
437	660
437	786
437	875
748	95
748	202
748	256
748	329
748	395
748	423
748	425
748	467
748	582
748	586
748	643
748	783
748	786
805	95
805	187
805	231
805	321
805	329
805	423
805	508
805	512
805	582
805	591
805	592
805	659
805	786
805	804
805	946
24	71
24	419
24	434
24	493
24	525
24	684
24	889
24	987
71	80
71	528
71	629
71	942
71	945
71	973
419	227
419	705
419	843
419	942
419	987
434	287
434	471
434	648
434	867
434	973
493	40
493	292
493	373
493	392
493	408
493	544
493	600
493	656
493	683
493	889
525	84
525	108
525	127
525	160
525	227
525	412
525	653
525	749
525	942
525	945
684	62
684	210
684	397
684	564
684	653
684	656
684	665
684	675
684	843
684	942
889	128
889	133
889	135
889	169
889	287
889	301
889	354
889	358
889	412
889	441
889	454
889	489
889	629
889	653
889	665
889	678
889	725
889	843
987	40
987	80
987	114
987	135
987	168
987	273
987	284
987	318
987	352
987	358
987	392
987	412
987	528
987	546
987	564
987	572
987	617
987	656
987	683
987	686
987	735
987	843
987	867
987	942
25	894
878	46
878	153
878	285
878	294
878	334
878	341
878	360
878	365
878	533
878	557
878	588
878	607
878	710
878	716
878	757
878	857
894	153
894	222
894	257
894	280
894	299
894	360
894	430
894	533
894	549
894	736
894	781
926	148
926	158
926	180
926	211
926	266
926	294
926	323
926	332
926	344
926	405
926	549
926	561
926	607
926	649
926	750
926	857
26	138
26	633
26	639
26	681
26	754
26	881
138	498
138	830
138	871
138	965
138	995
633	28
633	123
633	357
633	556
633	583
633	604
633	740
633	871
639	178
639	207
639	306
639	355
639	472
639	556
639	700
639	938
681	112
681	262
681	374
681	475
681	551
681	740
681	830
681	871
681	881
681	924
681	938
754	177
754	178
754	313
754	472
754	499
754	565
754	574
754	821
754	830
754	924
754	938
881	29
881	112
881	113
881	122
881	207
881	313
881	315
881	355
881	363
881	499
881	574
881	682
881	938
28	240
28	646
28	871
240	565
240	583
646	77
646	170
646	177
646	510
646	565
646	667
646	821
646	860
646	924
646	965
871	29
871	68
871	178
871	313
871	355
871	357
871	440
871	566
871	574
871	583
871	821
871	938
995	112
995	120
995	195
995	207
995	251
995	315
995	357
995	436
995	472
995	499
995	551
995	565
995	574
995	682
995	740
995	821
29	306
29	574
29	965
306	667
306	682
574	170
574	566
574	740
574	860
965	112
965	113
965	120
965	122
965	177
965	251
965	262
965	313
965	315
965	357
965	498
965	551
965	556
965	565
965	583
965	667
965	682
965	821
965	830
30	97
30	492
97	107
97	482
492	107
492	194
492	228
492	482
598	194
598	482
31	376
31	466
31	644
31	715
31	724
31	732
31	751
31	845
31	930
376	212
376	230
376	342
376	616
376	651
376	732
376	774
376	907
376	921
376	930
376	961
466	94
466	242
466	353
466	562
466	627
466	644
466	651
466	724
466	743
466	769
466	853
466	943
644	230
644	237
644	238
644	336
644	500
644	531
644	718
644	724
644	751
644	845
644	853
644	885
644	943
644	980
715	93
715	205
715	229
715	302
715	336
715	342
715	353
715	448
715	463
715	611
715	661
715	687
715	774
715	820
715	853
715	885
715	907
715	921
715	943
715	980
724	34
724	94
724	205
724	263
724	291
724	381
724	447
724	571
724	608
724	616
724	638
724	820
724	943
724	961
732	93
732	142
732	259
732	263
732	295
732	342
732	366
732	429
732	448
732	531
732	571
732	638
732	751
732	769
732	796
732	813
732	907
732	930
751	142
751	237
751	238
751	295
751	296
751	342
751	379
751	381
751	463
751	676
751	769
751	796
751	813
751	820
751	853
751	943
751	980
845	117
845	157
845	263
845	291
845	336
845	379
845	429
845	447
845	509
845	562
845	578
845	611
845	627
845	651
845	718
845	813
845	921
845	930
845	943
845	961
845	980
930	90
930	164
930	212
930	229
930	230
930	237
930	260
930	263
930	295
930	296
930	366
930	381
930	448
930	478
930	500
930	509
930	562
930	608
930	611
930	616
930	638
930	651
930	661
930	769
930	796
930	853
930	907
980	90
980	93
980	94
980	117
980	142
980	260
980	353
980	366
980	379
980	478
980	509
980	531
980	562
980	578
980	608
980	638
980	651
980	661
980	687
980	769
980	796
980	853
980	885
980	943
32	386
32	580
32	668
32	779
32	865
32	880
32	954
386	483
386	668
386	670
386	717
386	788
386	861
386	865
386	897
386	954
386	963
414	532
414	554
414	668
414	719
414	778
414	863
414	864
414	899
414	963
580	42
580	269
580	535
580	701
580	717
580	729
580	778
580	852
580	863
580	899
580	909
580	963
668	385
668	407
668	458
668	539
668	693
668	701
668	742
668	818
668	837
668	880
668	896
668	899
668	909
779	42
779	213
779	327
779	362
779	375
779	427
779	442
779	465
779	497
779	519
779	719
779	721
779	742
779	789
779	831
779	880
779	909
865	54
865	385
865	427
865	465
865	469
865	532
865	539
865	554
865	584
865	613
865	707
865	717
865	742
865	837
865	897
865	899
865	909
865	954
865	963
880	54
880	118
880	130
880	327
880	347
880	407
880	435
880	483
880	496
880	532
880	537
880	554
880	658
880	693
880	701
880	707
880	742
880	788
880	818
896	213
896	362
896	458
896	532
896	537
896	539
896	554
896	613
896	717
896	721
896	837
896	861
896	863
896	884
896	909
896	963
899	130
899	208
899	241
899	362
899	496
899	535
899	554
899	658
899	670
899	717
899	729
899	742
899	745
899	831
899	837
899	852
899	909
954	42
954	166
954	208
954	241
954	362
954	375
954	385
954	407
954	427
954	442
954	465
954	576
954	717
954	719
954	778
954	852
954	861
954	909
954	929
954	963
33	713
33	843
33	945
713	60
713	96
713	133
713	273
713	300
713	558
713	648
713	972
713	973
843	227
843	367
843	438
843	454
843	505
843	585
843	587
843	596
843	699
843	705
843	725
843	761
843	972
843	973
945	43
945	139
945	169
945	258
945	270
945	284
945	301
945	367
945	408
945	438
945	454
945	471
945	542
945	617
945	653
945	683
945	727
945	749
945	867
945	927
34	302
34	463
34	478
34	687
34	718
34	943
34	961
302	91
302	157
302	176
302	242
302	616
302	627
302	774
302	796
302	813
302	853
302	885
463	230
463	379
463	509
463	571
463	616
463	627
463	813
463	820
463	921
463	961
478	48
478	291
478	429
478	531
478	562
478	571
478	616
478	774
478	796
478	820
478	907
608	48
608	229
608	296
608	429
608	448
608	718
608	743
608	813
608	820
608	853
608	961
687	48
687	176
687	263
687	353
687	366
687	379
687	381
687	429
687	448
687	611
687	651
687	661
687	718
687	774
687	853
687	943
718	90
718	205
718	230
718	295
718	366
718	381
718	500
718	616
718	638
718	651
718	769
718	820
718	907
718	921
718	943
943	48
943	90
943	91
943	93
943	142
943	164
943	205
943	229
943	242
943	260
943	263
943	353
943	377
943	381
943	531
943	562
943	571
943	813
943	820
943	885
943	907
961	93
961	94
961	142
961	157
961	205
961	230
961	237
961	260
961	291
961	342
961	366
961	377
961	447
961	500
961	509
961	562
961	571
961	611
961	638
961	676
961	743
961	769
961	813
35	690
550	75
550	172
550	690
570	104
570	690
690	75
690	104
690	132
690	172
690	219
690	283
690	310
690	501
690	504
690	540
690	728
690	790
690	836
690	839
690	923
690	991
690	999
728	172
790	172
836	172
839	172
923	172
991	172
999	172
36	139
36	227
36	544
36	558
36	587
139	292
139	441
139	587
139	849
139	972
227	129
227	215
544	258
544	350
544	725
544	763
544	973
558	378
558	468
558	528
558	629
558	675
558	699
558	972
587	273
587	354
587	542
587	699
587	761
587	942
37	158
37	650
37	716
37	737
158	266
158	597
158	625
158	710
650	134
650	171
650	254
650	359
650	371
650	390
650	515
650	557
650	588
650	706
650	736
650	750
716	45
716	121
716	268
716	323
716	343
716	359
716	464
716	474
716	770
716	857
737	45
737	252
737	257
737	294
737	299
737	343
737	365
737	549
737	706
737	736
737	770
737	781
737	829
750	299
750	323
750	464
750	515
750	534
750	561
750	607
750	710
750	770
750	829
829	121
829	182
829	211
829	266
829	430
829	557
829	561
829	706
829	736
829	781
38	216
38	220
38	369
38	391
38	445
38	490
216	369
216	445
216	490
216	621
220	369
220	445
220	490
369	391
369	445
369	490
369	491
369	621
369	911
391	445
391	490
445	490
445	491
445	621
445	911
490	491
490	621
490	911
39	942
39	972
942	127
942	210
942	215
942	278
942	354
942	397
942	441
942	457
942	505
942	528
942	572
942	585
942	927
972	84
972	114
972	127
972	129
972	135
972	270
972	305
972	324
972	350
972	358
972	410
972	439
972	609
972	617
972	656
972	675
972	725
972	735
40	69
40	596
40	749
69	735
69	927
69	973
596	454
596	457
596	569
596	629
596	699
596	735
596	849
596	867
749	96
749	214
749	324
749	378
749	489
749	617
749	739
749	849
41	145
41	188
41	688
41	744
145	188
145	417
145	543
145	590
145	688
145	744
145	977
188	688
188	744
417	688
417	744
543	688
543	744
590	688
590	744
688	744
688	977
744	977
42	576
42	721
42	789
42	851
42	852
42	884
42	909
576	130
576	497
576	537
576	539
576	632
576	701
576	719
576	729
576	851
576	863
576	864
576	929
721	130
721	213
721	347
721	427
721	442
721	496
721	670
721	717
721	745
721	851
721	852
721	897
721	929
789	66
789	130
789	167
789	232
789	375
789	385
789	435
789	613
789	729
789	734
789	742
789	864
789	884
851	166
851	167
851	208
851	232
851	249
851	347
851	375
851	469
851	537
851	539
851	584
851	742
851	778
851	818
851	831
851	897
851	909
851	963
852	66
852	232
852	241
852	362
852	435
852	535
852	670
852	717
852	719
852	742
852	745
852	778
884	54
884	166
884	167
884	208
884	346
884	375
884	407
884	458
884	469
884	483
884	532
884	537
884	701
884	707
884	742
884	745
884	831
884	837
909	118
909	130
909	167
909	208
909	241
909	269
909	362
909	442
909	458
909	469
909	532
909	539
909	554
909	584
909	632
909	701
909	719
909	729
909	734
909	742
909	745
909	778
909	788
909	861
909	864
909	929
909	963
43	233
43	468
43	546
43	653
43	761
233	129
233	273
233	352
233	457
233	849
468	324
468	569
468	600
468	699
468	763
546	354
546	412
546	439
546	609
546	629
546	653
546	739
653	214
653	221
653	264
653	318
653	350
653	392
653	675
653	761
653	867
761	129
761	221
761	270
761	301
761	367
761	849
44	547
44	673
44	762
44	793
44	922
44	982
547	340
547	723
547	762
547	842
547	903
673	102
673	314
673	317
673	421
673	487
673	553
673	762
673	797
673	842
673	903
762	184
762	186
762	314
762	319
762	340
762	418
762	421
762	793
762	797
762	941
762	983
793	51
793	83
793	186
793	325
793	513
793	593
793	697
793	738
793	901
793	941
808	154
808	161
808	189
808	277
808	314
808	340
808	404
808	421
808	513
808	553
808	593
808	738
901	51
901	88
901	186
901	189
901	197
901	319
901	325
901	388
901	404
901	421
901	487
901	513
922	88
922	184
922	204
922	317
922	418
922	513
922	723
982	102
982	340
982	404
982	421
982	513
982	723
983	186
983	388
983	404
983	421
983	513
990	51
990	83
990	404
990	421
990	513
45	254
45	332
45	515
45	533
45	561
254	137
254	148
254	266
254	332
254	557
254	607
254	770
332	46
332	162
332	211
332	464
332	597
515	222
515	257
515	371
515	405
515	474
515	857
533	171
533	182
533	280
533	430
533	474
561	55
561	211
561	334
561	341
561	343
561	384
561	405
561	464
561	625
561	857
46	162
46	180
46	266
46	285
46	356
46	360
162	180
162	343
162	736
180	134
180	285
180	356
180	781
266	153
266	359
266	360
266	710
285	323
285	334
285	390
356	86
356	323
356	359
356	390
356	474
356	706
356	857
360	294
360	390
360	736
47	313
47	566
47	860
313	77
313	262
313	361
313	510
313	566
566	68
566	821
566	938
860	112
860	122
860	170
860	177
860	279
860	315
860	363
860	551
860	556
860	938
924	120
924	177
924	251
924	315
924	472
924	510
924	556
924	565
924	583
924	667
924	682
924	740
924	821
924	938
48	164
48	377
48	578
48	661
48	885
164	142
164	336
164	627
164	661
164	796
164	853
164	885
164	921
377	76
377	429
377	651
377	743
377	769
377	774
377	885
377	907
578	296
578	353
578	531
578	571
578	627
578	638
578	651
578	661
578	743
578	774
578	796
578	853
578	885
578	907
661	76
661	91
661	212
661	366
661	429
661	500
661	509
661	611
661	638
661	651
661	774
661	921
885	90
885	93
885	259
885	260
885	263
885	296
885	353
885	366
885	448
885	509
885	571
885	611
885	616
885	638
885	676
885	769
885	796
885	921
49	387
49	552
49	714
49	765
49	777
49	784
387	87
387	98
387	100
387	409
387	552
387	714
552	87
552	98
552	100
552	409
714	87
714	98
714	100
714	409
765	87
765	98
765	100
777	87
777	98
777	100
784	87
784	98
784	100
51	340
51	941
340	593
340	738
842	102
842	154
842	161
842	186
842	204
842	277
842	314
842	415
842	421
842	647
842	738
903	88
903	102
903	154
903	317
903	404
903	415
903	421
903	513
903	697
903	733
941	277
941	319
941	322
941	404
941	418
941	421
941	513
52	153
52	343
52	757
52	770
153	268
153	333
153	405
343	557
343	781
757	137
757	222
757	252
757	257
757	365
757	736
770	55
770	182
770	430
770	474
770	557
53	406
53	511
53	752
53	913
99	406
99	511
99	752
99	913
406	511
406	612
406	752
406	913
511	612
511	752
511	913
612	752
612	913
752	913
54	483
54	613
54	818
54	864
54	929
54	963
483	166
483	497
483	535
483	584
483	693
483	729
483	863
483	897
613	208
613	232
613	632
613	693
613	701
613	734
613	778
613	818
613	837
613	864
818	249
818	442
818	519
818	539
818	554
818	632
818	717
818	729
818	742
818	788
818	831
818	963
864	213
864	241
864	435
864	442
864	465
864	496
864	537
864	584
864	788
864	831
864	861
929	130
929	166
929	362
929	465
929	497
929	632
929	658
929	788
929	831
963	249
963	327
963	347
963	407
963	442
963	465
963	469
963	497
963	658
963	670
963	701
963	719
55	534
55	597
55	625
534	344
534	365
534	474
534	549
534	781
597	182
597	341
597	359
597	371
597	405
597	557
597	706
625	334
625	371
625	390
625	474
625	710
56	59
56	126
56	815
59	115
59	126
59	517
59	704
59	815
59	966
115	126
115	815
126	517
126	704
126	815
126	966
517	815
704	815
815	966
57	663
57	746
57	822
663	63
663	370
663	602
663	664
663	799
663	809
746	203
746	234
746	708
746	809
773	224
773	394
773	400
773	618
773	809
799	203
799	209
799	224
799	234
799	809
822	151
822	203
822	224
822	271
822	809
886	203
886	224
886	809
939	203
939	224
939	809
952	203
952	224
952	809
959	203
959	224
959	809
998	203
998	224
998	809
58	321
58	783
321	82
321	316
321	335
321	398
321	643
321	755
321	875
783	65
783	82
783	116
783	181
783	303
783	335
783	348
783	395
783	398
783	425
783	456
783	512
783	586
783	592
783	659
783	660
783	709
783	786
783	946
946	131
946	181
946	187
946	201
946	202
946	231
946	253
946	303
946	304
946	351
946	423
946	425
946	431
946	462
946	512
946	582
946	659
946	660
946	767
946	786
946	804
946	875
946	967
60	79
60	258
60	614
60	727
79	80
79	457
79	739
79	867
258	287
258	569
258	609
258	725
258	735
614	106
614	127
614	397
614	572
614	600
614	665
614	867
727	127
727	264
727	600
727	739
727	849
727	867
61	422
422	308
62	606
62	678
606	84
606	106
606	287
606	352
606	408
606	600
606	725
606	849
606	927
678	324
678	350
678	412
678	489
678	569
678	572
678	617
678	629
63	809
618	224
618	370
618	575
618	708
618	809
809	151
809	203
809	209
809	224
809	234
809	271
809	370
809	394
809	400
809	450
809	524
809	575
809	602
809	640
809	708
64	433
433	807
548	401
548	807
65	586
65	643
65	709
65	767
65	875
586	395
586	423
586	426
586	755
586	967
643	116
643	131
643	303
643	456
643	660
643	767
643	967
709	67
709	201
709	202
709	231
709	335
709	338
709	382
709	462
709	467
709	659
709	967
767	95
767	181
767	201
767	316
767	348
767	351
767	425
767	462
767	592
767	660
767	786
767	875
767	967
875	67
875	95
875	116
875	199
875	201
875	303
875	304
875	382
875	426
875	462
875	508
875	512
875	659
875	755
875	804
66	269
66	734
269	362
269	717
269	745
269	831
269	861
269	863
734	118
734	346
734	497
734	535
734	554
734	658
734	742
734	745
734	897
745	208
745	347
745	458
745	554
745	632
745	670
745	693
745	701
745	707
745	863
788	167
788	249
788	327
788	346
788	465
788	496
788	537
788	584
788	701
788	778
788	897
831	130
831	167
831	232
831	375
831	442
831	632
831	778
831	837
831	863
831	897
67	256
67	967
256	253
256	398
256	426
256	592
967	116
967	181
967	187
967	199
967	201
967	316
967	329
967	348
967	351
967	425
967	426
967	431
967	456
967	462
967	467
967	508
967	582
967	786
967	804
68	682
682	77
682	170
682	355
682	361
682	556
682	604
682	740
682	830
735	96
735	284
735	324
735	397
735	438
735	572
735	629
735	683
735	763
927	214
927	215
927	287
927	350
927	354
927	392
927	412
927	439
927	528
927	665
927	675
927	739
973	128
973	324
973	389
973	397
973	410
973	412
973	441
973	457
973	471
973	489
973	505
973	569
973	585
973	600
973	629
973	665
973	675
973	705
80	354
80	457
80	609
528	278
528	389
528	438
528	725
629	215
629	350
629	397
629	412
629	675
629	867
72	89
72	244
89	244
244	662
244	756
244	858
244	994
444	488
488	495
488	840
488	985
74	579
74	623
579	265
579	320
579	380
579	413
579	484
579	623
579	654
623	320
623	380
654	320
654	380
75	501
501	310
76	229
76	237
76	260
76	336
76	853
76	921
229	237
229	342
229	366
229	381
229	429
229	813
237	242
237	796
237	921
260	379
260	611
260	627
260	743
260	774
260	813
336	429
336	447
336	616
336	651
336	676
336	743
336	921
651	93
651	94
651	242
651	562
651	627
651	853
853	90
853	117
853	157
853	176
853	366
853	447
853	500
853	562
853	571
853	743
853	769
853	820
907	90
907	176
907	212
907	238
907	291
907	296
907	342
907	353
907	381
907	500
907	509
907	531
907	562
907	611
907	774
907	813
907	921
921	90
921	91
921	259
921	295
921	296
921	353
921	366
921	379
921	429
921	531
921	562
921	616
921	769
921	774
921	813
77	472
77	499
77	938
472	207
472	498
472	565
472	604
472	667
472	700
499	510
499	551
499	556
499	565
499	821
499	830
938	112
938	120
938	122
938	123
938	170
938	178
938	195
938	262
938	357
938	361
938	363
938	436
938	510
938	556
938	565
938	700
938	740
938	821
938	830
436	113
436	251
436	315
436	357
436	556
436	740
436	821
551	195
551	363
551	440
551	498
583	113
583	207
583	361
583	374
583	740
457	127
457	160
457	542
457	572
457	675
457	739
739	214
739	542
739	609
739	648
739	656
739	725
739	763
739	849
867	127
867	135
867	210
867	305
867	378
867	408
867	648
867	705
609	169
609	367
609	564
609	600
609	849
389	287
389	300
389	617
389	849
699	397
699	410
699	617
699	683
699	763
82	304
82	329
304	131
304	253
329	316
329	508
329	582
329	755
329	786
804	181
804	187
804	199
804	202
804	348
804	425
804	512
804	591
804	659
804	660
804	755
804	786
83	88
83	319
83	553
83	733
83	738
88	553
88	593
319	322
319	345
319	418
319	513
319	697
553	184
553	186
553	415
553	723
733	197
733	277
733	314
733	325
733	388
733	404
738	277
738	415
738	487
738	513
738	593
738	647
738	797
84	454
454	725
454	849
85	712
85	807
712	146
712	155
712	339
712	807
807	140
807	146
807	155
807	163
807	196
807	247
807	339
807	401
807	443
807	461
807	520
807	567
807	720
86	607
86	649
86	710
607	121
607	371
607	736
607	857
649	137
649	222
649	252
649	293
649	344
649	474
649	557
649	706
710	134
710	334
710	371
710	557
710	781
593	161
593	189
593	421
593	647
90	342
90	743
342	291
342	379
342	429
342	820
743	94
743	117
743	242
743	295
743	366
743	448
743	616
743	676
743	796
91	296
91	531
91	627
91	813
296	157
296	611
296	627
296	769
296	796
531	259
531	381
531	448
531	500
531	611
531	676
531	820
627	238
627	263
627	379
627	429
627	638
627	769
813	93
813	291
813	295
813	447
813	500
813	676
813	820
720	140
720	155
720	339
93	242
242	353
242	676
242	820
94	230
94	611
230	117
230	291
230	676
230	774
500	295
500	366
500	774
500	820
611	117
611	205
611	448
611	769
95	202
95	382
95	462
202	456
382	253
382	351
382	423
382	426
382	592
382	755
462	199
462	338
462	351
462	786
96	108
96	318
96	358
108	169
318	127
318	133
318	284
358	221
358	352
358	542
358	569
358	585
358	600
107	228
107	486
482	194
101	289
101	603
101	780
289	143
289	603
289	780
479	477
479	603
479	780
603	143
603	174
603	179
603	200
603	206
603	477
603	516
603	615
603	619
603	624
603	634
603	780
603	883
603	950
615	780
619	780
624	780
634	780
780	143
780	174
780	179
780	200
780	206
780	477
780	516
780	883
780	950
102	421
102	797
421	204
421	418
421	797
797	204
797	388
797	404
105	451
105	834
136	451
136	834
226	451
226	834
290	451
290	834
309	451
309	834
451	193
451	595
451	698
451	798
451	834
451	984
595	834
698	834
798	834
834	193
834	984
106	221
106	300
106	408
106	725
221	273
221	725
300	686
408	683
408	686
408	725
725	292
725	471
725	564
725	665
228	217
228	486
486	150
486	194
169	270
169	849
109	261
109	281
109	288
109	538
109	685
109	917
109	948
109	958
261	288
261	538
261	948
261	958
281	288
281	538
281	948
281	958
288	685
288	917
288	958
538	685
538	917
538	958
685	948
685	958
917	948
917	958
948	958
464	549
464	736
111	246
111	480
111	628
111	730
111	764
111	802
246	124
246	470
246	628
246	679
246	764
246	771
246	802
480	119
480	218
480	298
480	470
480	628
480	679
480	730
480	764
480	771
577	173
577	245
577	331
577	452
577	628
577	679
577	730
577	764
622	185
622	236
622	245
622	298
622	331
622	679
622	730
622	764
622	802
622	869
628	236
628	298
628	331
628	470
628	764
628	771
628	802
679	119
679	173
679	185
679	218
679	236
679	331
679	470
679	764
679	771
730	124
730	185
730	245
730	298
730	331
730	470
730	764
730	771
764	119
764	124
764	173
764	185
764	218
764	236
764	245
764	298
764	331
764	452
764	470
764	771
764	802
764	869
771	124
771	236
771	331
771	452
802	119
802	124
802	185
802	218
802	236
802	245
802	452
802	470
802	869
869	119
869	124
869	185
869	218
869	452
112	170
112	363
170	178
170	357
170	740
363	178
363	262
363	279
363	604
113	355
113	374
113	700
355	475
355	604
355	667
355	740
374	207
374	556
700	120
700	122
700	279
700	315
700	357
700	361
700	556
700	604
700	667
114	284
114	301
114	675
301	410
301	683
675	412
675	439
675	441
675	569
675	705
116	426
116	512
426	338
426	398
426	512
426	591
426	659
426	786
512	131
512	187
512	456
512	592
512	659
117	381
117	429
117	447
117	571
117	774
381	142
381	176
381	259
429	769
429	820
447	176
447	212
447	774
571	509
571	616
571	638
571	774
774	142
774	157
774	238
774	379
774	820
118	347
118	693
118	707
118	719
347	407
347	670
347	719
347	861
693	166
693	249
693	427
693	497
693	535
693	537
693	539
693	554
693	584
707	241
707	519
707	554
707	584
707	632
707	658
707	701
707	742
707	897
719	213
719	442
719	469
719	658
719	778
719	897
897	232
897	249
897	375
897	442
897	465
897	469
897	496
897	497
897	535
897	554
897	632
897	742
119	298
119	470
298	185
298	218
470	245
470	331
470	452
120	565
120	821
565	123
565	510
565	667
565	830
821	177
821	195
821	262
821	604
821	667
121	390
121	588
390	294
588	134
588	171
588	299
588	333
588	736
122	740
315	279
315	510
315	740
740	361
740	510
740	556
740	604
123	604
604	207
124	185
124	218
124	236
236	331
236	452
125	217
127	505
505	292
505	373
505	564
128	278
128	489
128	656
128	705
489	438
489	656
489	849
656	168
656	410
656	438
656	471
656	648
656	683
705	392
705	617
705	683
705	763
129	441
441	305
441	542
441	686
130	346
346	241
346	469
346	496
346	519
346	632
346	670
778	375
778	497
778	532
778	535
778	701
778	742
863	166
863	208
863	241
863	458
863	465
863	532
863	717
863	729
131	423
423	187
423	199
132	283
132	540
540	172
133	438
438	665
438	849
135	210
210	849
763	168
763	410
763	849
137	333
137	549
137	706
333	293
333	323
333	474
333	557
333	781
333	857
549	323
706	222
706	299
706	344
498	279
498	440
498	510
830	279
830	361
830	440
830	667
292	617
849	270
849	439
849	617
849	665
140	196
196	339
141	494
141	545
141	555
141	637
141	671
141	776
141	919
494	545
494	671
494	872
494	919
545	555
545	637
545	671
545	776
545	872
545	919
555	671
555	872
555	919
637	671
637	872
637	919
671	776
671	872
671	919
776	872
776	919
872	919
142	259
142	820
259	205
259	769
259	820
820	157
820	212
820	238
820	448
820	616
820	769
371	359
371	857
384	268
384	359
384	736
384	781
857	341
857	736
146	567
567	520
147	341
147	359
359	781
148	405
148	557
148	736
148	781
405	430
557	344
736	222
736	268
736	294
781	252
781	257
781	293
151	524
151	708
524	203
524	640
524	708
664	203
664	400
664	450
664	640
708	224
708	370
708	640
351	199
351	659
755	231
755	303
755	316
755	398
755	425
755	431
755	456
755	786
268	171
268	280
268	323
154	647
647	404
647	697
560	225
560	330
560	403
157	562
157	638
562	295
562	379
562	676
562	796
638	205
638	379
638	616
638	676
638	796
160	564
160	600
160	617
160	683
564	264
564	392
564	542
564	665
600	270
600	683
617	287
683	324
683	412
683	648
161	415
161	697
415	277
697	322
697	325
697	404
697	418
697	487
697	513
796	205
796	238
796	263
796	353
796	509
861	362
861	407
861	465
861	519
861	535
861	537
861	554
861	632
861	670
861	729
861	742
167	496
167	497
496	435
496	458
496	632
496	742
497	327
497	532
497	729
168	287
287	648
178	262
178	357
171	365
365	222
172	504
504	610
173	245
173	452
452	331
175	402
175	449
175	453
175	610
402	198
402	243
402	286
402	449
402	453
402	610
449	198
449	243
449	286
449	453
449	610
453	198
453	243
453	286
453	610
610	198
610	243
610	286
610	806
610	828
610	844
610	848
610	988
610	989
610	997
176	212
176	263
176	676
212	448
212	509
212	769
263	769
676	238
676	769
667	475
262	556
181	231
231	456
231	591
231	592
182	252
252	430
183	396
396	383
396	403
184	487
487	322
487	325
487	404
186	513
186	723
513	317
513	723
723	197
723	322
723	388
723	404
187	199
187	338
199	335
338	582
338	659
338	786
189	325
542	273
191	364
191	529
191	563
191	694
191	795
191	888
364	529
364	563
364	795
529	563
529	694
529	795
529	888
563	694
563	888
694	795
795	888
378	373
439	352
439	397
439	569
439	686
585	215
585	264
585	305
585	373
585	471
585	648
195	361
195	510
335	591
335	592
335	660
456	395
456	425
456	786
204	345
204	388
345	277
388	277
388	404
205	616
616	366
616	448
616	509
207	475
475	556
208	469
469	458
469	532
469	584
469	658
209	575
575	224
575	400
575	602
211	430
211	474
430	280
448	238
448	295
509	291
509	295
509	769
658	385
658	535
658	729
658	742
215	367
367	412
273	324
273	648
222	334
432	255
225	235
253	316
253	398
253	582
253	786
591	303
591	395
591	425
591	431
591	508
591	582
591	660
592	316
592	431
232	385
385	535
385	717
385	742
442	327
532	465
532	701
352	471
352	572
234	640
602	271
602	400
602	450
640	271
640	394
238	295
295	353
241	742
632	584
742	362
742	375
742	519
742	554
243	286
303	508
249	327
249	584
249	837
327	427
327	435
327	535
327	729
584	407
584	427
584	701
837	362
837	375
837	407
837	435
837	465
837	670
250	297
250	521
250	876
250	936
297	521
297	876
297	936
307	521
307	876
307	936
521	599
521	626
521	876
521	931
521	936
521	940
599	876
599	936
626	876
626	936
876	931
876	936
876	940
931	936
936	940
251	440
316	660
398	467
398	659
398	660
431	348
582	508
786	348
786	467
786	508
569	264
569	392
264	665
267	484
484	380
280	293
280	299
362	539
717	519
717	554
373	305
276	455
276	741
276	847
326	455
326	741
326	847
455	530
455	741
455	792
455	823
455	847
455	928
530	741
530	847
741	792
741	823
741	847
741	928
792	847
823	847
847	928
293	294
282	420
282	785
312	420
312	785
393	420
393	785
420	785
305	572
314	418
418	317
660	395
660	467
660	659
317	322
427	375
427	407
427	435
427	701
435	554
535	519
729	458
729	465
729	537
729	670
729	701
328	330
328	383
330	403
383	403
659	348
659	395
519	458
519	539
670	458
670	554
407	537
539	375
539	465
539	537
394	450
395	425
701	465
601	635
601	641
601	949
635	949
641	949
#End Newborn Edges

*Degree Changed Nodes
712	20	23
720	20	23
817	20	28
910	20	31
925	20	31
968	20	31
978	20	31
688	22	8
730	23	22
747	24	22
771	25	22
814	28	22
892	34	22
872	21	8
760	22	23
801	22	24
810	22	23
811	22	23
825	22	23
850	22	23
7	10	5
380	13	14
412	13	14
488	13	5
502	13	16
630	13	17
656	13	21
692	13	22
725	13	23
816	13	28
563	18	6
573	18	17
680	18	17
703	18	17
722	18	17
795	18	6
876	18	9
879	18	17
912	18	17
976	46	22
819	28	17
140	10	11
311	10	13
339	10	13
702	10	22
768	10	25
841	10	30
859	10	31
866	10	32
905	10	31
27	10	5
38	10	9
406	14	6
529	17	6
599	19	9
621	19	9
626	20	9
911	20	9
919	20	8
931	20	9
940	21	9
29	3	10
134	3	11
368	3	5
372	4	5
802	27	22
869	32	22
728	19	20
790	19	20
836	19	20
839	19	20
923	19	20
991	19	20
999	19	20
491	16	9
838	30	22
41	10	8
224	11	12
225	11	12
417	11	8
511	11	6
543	11	8
590	11	8
610	11	15
949	11	3
958	11	8
977	11	8
126	11	7
671	21	8
690	22	20
990	48	47
158	10	11
828	28	14
844	29	14
848	29	14
855	29	14
900	29	14
962	29	14
988	29	14
989	29	14
997	29	14
1000	30	14
451	14	11
53	3	6
99	3	6
148	3	11
612	3	6
55	7	10
282	7	4
312	7	4
320	7	13
359	7	14
393	7	4
403	7	14
807	7	27
56	5	7
115	5	7
517	5	7
704	5	7
966	5	7
57	9	10
764	25	22
886	31	29
939	31	29
952	31	29
959	31	29
998	31	29
59	9	7
297	13	9
307	13	9
61	10	9
623	19	20
741	24	8
601	19	3
72	10	6
73	10	6
444	11	5
495	11	5
662	11	6
756	11	6
840	11	5
858	11	6
985	11	5
994	11	6
109	11	8
89	9	6
909	17	36
752	24	7
780	11	17
936	11	9
391	14	9
244	12	6
574	17	18
579	17	18
681	17	21
726	17	23
821	17	28
834	17	11
882	17	33
893	17	34
131	11	10
141	10	8
142	11	10
145	6	8
276	6	8
326	6	8
530	6	8
792	6	8
823	6	8
928	6	8
147	11	10
545	17	8
159	11	5
513	16	15
172	6	11
288	6	8
538	6	8
603	6	17
635	6	3
641	6	3
948	6	8
806	25	14
541	11	17
551	11	17
636	11	20
667	11	21
682	11	22
744	11	8
785	11	4
809	11	27
847	11	8
932	11	17
938	11	40
183	3	11
330	3	13
913	3	6
971	3	21
188	10	9
191	11	6
220	12	9
207	7	11
494	7	8
555	7	8
565	7	18
637	7	8
742	7	24
776	7	8
216	12	9
250	12	9
521	17	9
777	23	14
445	15	9
261	3	8
281	3	8
685	3	8
917	3	8
286	13	12
784	22	14
490	16	9
364	2	6
694	2	6
888	2	6
369	14	9
455	15	8
765	21	14
409	14	10
422	14	15
420	15	4
714	18	14
446	12	14
449	15	14
453	15	14
552	15	14
