*Disappearing Nodes
#End Disappearing Nodes

*Newborn Nodes
#End Newborn Nodes

*Disappearing Edges
1	331
1	486
1	620
1	642
1	650
1	725
1	783
1	957
331	95
331	165
331	394
331	486
331	571
331	642
331	695
331	751
331	767
331	783
331	803
331	957
486	95
486	99
486	245
486	394
486	571
486	650
486	652
486	751
486	783
486	957
620	75
620	99
620	202
620	265
620	394
620	448
620	595
620	642
620	650
620	695
620	725
620	751
620	767
620	803
642	84
642	95
642	99
642	146
642	165
642	245
642	571
642	595
642	650
642	652
642	695
642	725
642	751
642	803
650	95
650	99
650	146
650	165
650	202
650	245
650	448
650	595
650	652
650	695
650	767
650	803
650	957
725	40
725	75
725	84
725	95
725	146
725	165
725	193
725	202
725	265
725	448
725	571
725	595
725	652
725	695
725	783
751	40
751	84
751	95
751	99
751	146
751	245
751	265
751	394
751	448
751	571
751	595
751	695
751	767
751	783
751	803
783	40
783	75
783	84
783	95
783	146
783	193
783	202
783	245
783	394
783	448
783	595
783	695
783	767
803	40
803	75
803	84
803	95
803	99
803	146
803	165
803	193
803	202
803	265
803	394
803	571
803	595
803	652
803	695
803	767
957	40
957	75
957	84
957	95
957	99
957	146
957	165
957	193
957	202
957	394
957	448
957	652
957	695
957	767
2	846
2	901
2	967
2	969
798	397
798	425
798	440
798	522
798	561
798	669
798	691
798	742
798	810
798	846
798	901
798	967
798	969
846	136
846	188
846	409
846	425
846	511
846	590
846	610
846	669
846	690
846	917
846	949
846	958
846	967
846	977
846	984
901	3
901	66
901	101
901	136
901	409
901	425
901	501
901	511
901	590
901	610
901	669
901	690
901	917
901	949
901	958
901	967
901	977
901	984
917	11
917	66
917	78
917	98
917	195
917	317
917	397
917	425
917	440
917	522
917	561
917	604
917	669
917	691
917	742
917	810
917	967
917	969
949	11
949	66
949	78
949	98
949	195
949	317
949	397
949	425
949	440
949	522
949	561
949	604
949	669
949	691
949	742
949	810
949	967
949	969
958	11
958	66
958	78
958	98
958	195
958	317
958	397
958	425
958	440
958	522
958	561
958	604
958	669
958	691
958	742
958	810
958	967
958	969
967	3
967	11
967	66
967	78
967	98
967	101
967	136
967	188
967	195
967	317
967	397
967	409
967	440
967	501
967	511
967	522
967	561
967	590
967	604
967	610
967	690
967	691
967	742
967	810
967	969
967	977
967	984
969	3
969	66
969	101
969	136
969	188
969	409
969	425
969	501
969	511
969	590
969	610
969	669
969	690
969	977
969	984
977	11
977	66
977	78
977	98
977	195
977	317
977	397
977	425
977	440
977	522
977	561
977	604
977	669
977	691
977	742
977	810
984	11
984	66
984	78
984	98
984	195
984	317
984	397
984	425
984	440
984	522
984	561
984	604
984	669
984	691
984	742
984	810
3	669
669	78
669	188
669	317
669	409
669	522
669	561
669	590
669	610
669	691
669	742
4	23
4	302
4	460
4	494
4	598
4	741
4	796
4	869
4	943
23	218
23	577
23	628
23	727
23	802
23	845
23	885
302	416
302	508
302	661
302	747
302	755
302	791
302	796
302	838
302	942
302	943
460	124
460	221
460	243
460	494
460	527
460	577
460	638
460	679
460	727
460	838
460	921
460	943
494	258
494	351
494	377
494	598
494	628
494	747
494	763
494	875
494	921
494	943
598	91
598	218
598	508
598	527
598	582
598	644
598	730
598	743
598	763
598	784
598	796
598	838
598	921
598	943
741	91
741	124
741	157
741	173
741	208
741	243
741	416
741	577
741	679
741	688
741	730
741	755
741	791
741	807
741	869
741	885
796	6
796	116
796	246
796	256
796	431
796	463
796	508
796	643
796	659
796	663
796	688
796	730
796	791
796	921
814	67
814	91
814	173
814	208
814	221
814	243
814	256
814	258
814	351
814	376
814	455
814	582
814	628
814	644
814	679
814	688
814	730
814	771
814	875
814	921
814	942
869	6
869	91
869	107
869	119
869	185
869	217
869	231
869	246
869	256
869	377
869	411
869	416
869	433
869	455
869	463
869	582
869	628
869	638
869	661
869	763
869	771
869	791
869	838
869	942
943	67
943	111
943	115
943	157
943	217
943	218
943	243
943	335
943	455
943	527
943	577
943	644
943	661
943	663
943	688
943	730
943	763
943	771
943	784
943	802
943	807
943	942
5	100
5	141
5	315
5	482
5	529
5	538
5	792
5	925
100	235
100	673
100	675
100	711
100	839
100	940
100	975
141	159
141	482
141	584
141	641
141	684
141	765
141	821
141	924
141	925
315	156
315	241
315	383
315	499
315	673
315	674
315	800
315	824
315	844
482	220
482	232
482	241
482	516
482	673
482	705
482	860
482	898
482	902
482	911
482	918
482	940
529	51
529	313
529	520
529	552
529	705
529	821
529	860
529	924
538	156
538	220
538	391
538	490
538	641
538	684
538	898
538	911
538	918
538	919
538	940
792	58
792	103
792	313
792	599
792	673
792	674
792	800
792	824
792	898
792	911
792	919
792	931
792	940
898	27
898	63
898	232
898	241
898	388
898	417
898	475
898	480
898	520
898	532
898	552
898	584
898	618
898	621
898	633
898	684
898	765
898	776
898	788
898	821
898	839
898	860
898	919
898	924
925	58
925	63
925	103
925	220
925	235
925	328
925	417
925	490
925	499
925	516
925	599
925	621
925	641
925	674
925	675
925	711
925	824
925	827
925	872
925	902
925	918
931	104
931	159
931	234
931	241
931	301
931	388
931	480
931	499
931	520
931	552
931	619
931	655
931	673
931	675
931	684
931	776
931	788
931	844
931	860
931	872
931	924
6	218
6	411
6	431
6	679
6	771
6	838
6	875
6	942
218	463
218	577
218	628
218	659
218	838
218	845
218	921
411	111
411	173
411	455
411	644
411	727
411	784
411	791
411	885
411	921
411	942
431	119
431	185
431	643
431	644
431	663
431	743
431	802
431	845
431	942
679	67
679	230
679	335
679	351
679	582
679	755
679	771
679	784
679	838
679	875
679	885
679	921
771	107
771	115
771	124
771	208
771	217
771	638
771	661
771	727
771	730
771	743
771	747
771	784
771	791
771	838
771	921
771	942
838	91
838	119
838	157
838	173
838	185
838	231
838	258
838	376
838	577
838	643
838	644
838	727
838	743
838	784
838	802
838	875
838	885
838	942
875	111
875	116
875	157
875	187
875	217
875	221
875	230
875	231
875	243
875	258
875	377
875	455
875	463
875	527
875	638
875	643
875	688
875	727
875	784
875	845
875	942
942	111
942	116
942	119
942	124
942	157
942	187
942	208
942	217
942	231
942	243
942	433
942	463
942	527
942	659
942	661
942	663
942	755
942	921
7	689
7	774
689	546
689	624
689	626
689	774
774	109
774	154
774	225
774	228
774	297
774	358
774	485
774	546
774	615
774	624
774	626
774	692
774	713
774	720
774	744
774	752
774	793
774	815
774	820
774	823
774	852
774	867
774	877
774	890
793	225
793	546
793	624
793	626
815	225
815	546
815	624
815	626
820	225
820	546
820	624
820	626
823	225
823	546
823	624
823	626
852	225
852	546
852	624
852	626
867	225
867	546
867	624
867	626
877	225
877	546
877	624
877	626
890	225
890	546
890	624
890	626
8	251
8	451
8	469
8	472
8	683
8	864
8	879
8	897
251	326
251	483
251	537
251	613
251	703
251	864
251	893
251	906
451	375
451	465
451	693
451	718
451	739
451	834
451	858
451	865
451	884
451	893
451	906
469	427
469	446
469	563
469	613
469	837
469	858
469	884
469	893
469	897
469	903
469	906
472	174
472	346
472	370
472	406
472	473
472	703
472	739
472	811
472	858
472	864
472	865
472	879
472	884
472	903
683	30
683	160
683	279
683	346
683	375
683	404
683	407
683	693
683	811
683	864
683	865
683	866
683	879
683	884
683	893
683	896
683	897
683	903
683	906
864	13
864	118
864	174
864	255
864	346
864	362
864	368
864	370
864	541
864	693
864	718
864	721
864	811
864	837
864	851
864	858
864	866
864	879
864	884
864	906
879	13
879	118
879	130
879	160
879	174
879	279
879	326
879	368
879	370
879	419
879	465
879	537
879	541
879	668
879	718
879	721
879	785
879	837
879	866
879	884
879	897
884	160
884	174
884	244
884	346
884	354
884	362
884	368
884	446
884	541
884	563
884	637
884	703
884	718
884	739
884	811
884	858
884	897
884	906
893	13
893	223
893	370
893	386
893	404
893	414
893	446
893	473
893	483
893	537
893	541
893	543
893	613
893	834
893	865
893	903
893	906
897	13
897	130
897	174
897	223
897	368
897	370
897	407
897	414
897	446
897	541
897	543
897	563
897	613
897	637
897	703
897	718
897	739
897	785
897	811
897	834
897	851
897	858
897	906
9	144
9	261
9	381
9	385
9	418
9	500
9	567
9	575
9	612
9	647
144	83
144	340
144	371
144	418
144	575
144	647
261	196
261	371
261	381
261	385
261	500
261	567
261	575
261	612
381	161
381	340
381	371
381	418
381	500
381	575
381	647
385	83
385	123
385	319
385	371
385	418
385	575
385	647
418	26
418	371
418	500
418	567
418	575
418	612
500	26
500	83
500	123
500	161
500	196
500	319
500	340
500	371
500	567
500	575
500	612
500	647
567	83
567	123
567	161
567	319
567	340
567	371
567	575
567	647
575	26
575	83
575	123
575	161
575	196
575	319
575	340
575	371
575	612
575	647
612	83
612	123
612	161
612	319
612	340
612	371
612	647
647	26
647	196
647	371
10	241
10	619
10	633
10	707
10	824
10	827
10	902
10	919
10	940
241	490
241	584
241	641
241	918
241	975
619	61
619	391
619	480
619	584
619	673
619	707
619	776
619	800
619	827
619	902
619	940
619	975
633	27
633	38
633	499
633	655
633	711
633	800
633	827
633	844
633	860
633	919
633	975
707	38
707	234
707	250
707	347
707	396
707	449
707	532
707	535
707	618
707	673
707	675
707	844
707	924
824	234
824	301
824	347
824	388
824	475
824	552
824	584
824	618
824	636
824	711
824	765
824	821
824	839
824	844
827	63
827	267
827	301
827	475
827	499
827	552
827	599
827	618
827	655
827	673
827	675
827	684
827	902
827	924
902	61
902	232
902	281
902	307
902	347
902	396
902	449
902	475
902	532
902	636
902	684
902	705
902	821
902	839
902	844
902	860
902	924
919	159
919	216
919	232
919	281
919	301
919	347
919	380
919	388
919	449
919	480
919	499
919	520
919	532
919	535
919	655
919	705
919	788
919	924
940	61
940	104
940	234
940	388
940	499
940	520
940	521
940	532
940	618
940	636
940	655
940	675
940	788
940	821
940	844
940	860
691	188
691	501
691	511
691	610
691	690
12	341
12	399
12	549
12	654
12	836
12	840
12	873
12	894
12	904
12	909
341	549
341	649
341	677
341	779
341	850
341	873
341	878
341	891
341	904
341	909
399	405
399	654
399	706
399	779
399	836
399	857
399	873
399	878
399	894
399	909
549	332
549	405
549	588
549	649
549	706
549	737
549	836
549	840
549	850
549	894
549	904
549	909
654	121
654	178
654	424
654	534
654	649
654	677
654	717
654	737
654	840
654	850
654	873
654	878
654	891
654	894
654	909
836	158
836	332
836	344
836	405
836	424
836	476
836	513
836	534
836	556
836	581
836	588
836	649
836	657
836	706
836	717
836	737
836	750
836	779
836	840
836	850
836	857
836	873
836	878
836	891
836	894
836	904
840	52
840	121
840	266
840	343
840	344
840	405
840	424
840	476
840	513
840	534
840	556
840	581
840	588
840	649
840	706
840	717
840	737
840	779
840	850
840	857
840	873
840	878
840	891
840	894
840	904
840	909
873	52
873	121
873	158
873	266
873	332
873	343
873	513
873	581
873	649
873	657
873	706
873	717
873	737
873	779
873	878
873	894
894	52
894	266
894	343
894	476
894	534
894	581
894	588
894	649
894	657
894	677
894	706
894	737
894	750
894	850
894	857
894	904
904	121
904	158
904	266
904	332
904	344
904	405
904	424
904	556
904	649
904	677
904	717
904	750
904	779
904	857
904	878
909	52
909	178
909	266
909	332
909	343
909	344
909	405
909	513
909	534
909	556
909	581
909	588
909	649
909	657
909	706
909	717
909	779
909	850
909	891
13	279
13	346
13	668
13	834
13	837
13	896
279	375
279	465
279	483
279	722
279	834
279	837
279	866
346	386
346	718
346	834
346	865
346	866
346	903
668	255
668	473
668	483
668	537
668	541
668	543
668	721
668	785
668	811
668	834
668	851
668	858
668	866
668	896
668	903
668	906
834	368
834	370
834	375
834	407
834	446
834	483
834	613
834	637
834	718
834	722
834	811
834	837
834	865
834	896
834	903
834	906
837	223
837	354
837	370
837	406
837	414
837	419
837	427
837	465
837	537
837	563
837	613
837	693
837	703
837	718
837	721
837	722
837	851
837	896
896	130
896	174
896	386
896	427
896	446
896	473
896	541
896	543
896	613
896	637
896	703
896	718
896	721
896	722
896	739
896	858
896	865
896	866
896	903
14	43
14	308
14	410
14	502
14	565
14	569
14	740
43	410
43	502
43	565
43	569
43	740
308	36
308	312
308	330
308	410
308	422
308	441
308	502
308	517
308	553
308	565
308	569
308	740
312	36
312	410
312	441
312	502
312	565
312	569
312	740
410	226
410	314
410	330
410	441
410	502
410	517
410	553
410	565
410	569
410	740
422	36
422	441
422	502
422	565
422	569
422	740
502	72
502	226
502	314
502	330
502	441
502	517
502	553
502	565
502	569
502	740
553	36
553	441
553	565
553	569
553	740
565	36
565	72
565	226
565	314
565	330
565	441
565	517
565	569
565	740
569	36
569	72
569	226
569	314
569	330
569	441
569	517
569	740
740	36
740	72
740	226
740	314
740	330
740	441
740	517
15	364
15	671
15	801
15	892
364	461
364	671
364	687
364	801
364	825
671	74
671	79
671	186
671	200
671	623
671	687
671	712
671	760
768	77
768	85
768	148
768	186
768	384
768	484
801	77
801	183
801	186
801	192
801	311
801	605
801	760
801	825
806	79
806	85
806	143
806	183
806	605
806	623
806	916
892	21
892	79
892	85
892	138
892	413
892	605
913	138
913	183
913	461
913	605
916	74
916	79
916	311
916	605
923	79
923	183
923	601
923	605
966	79
966	605
16	666
16	910
666	87
666	209
666	573
666	910
702	56
702	573
702	583
702	910
728	28
728	573
728	704
728	910
853	573
853	910
881	573
881	910
900	573
900	910
910	28
910	56
910	59
910	87
910	209
910	262
910	286
910	403
910	459
910	530
910	573
910	583
910	704
910	928
910	932
910	938
928	573
932	573
938	573
17	199
17	205
17	229
17	248
17	338
17	378
17	382
17	591
17	608
17	905
199	175
199	181
199	229
199	253
199	378
199	382
199	591
199	905
205	131
205	166
205	175
205	181
205	248
205	336
205	378
205	591
205	608
205	905
229	166
229	175
229	181
229	336
229	338
229	378
229	591
229	608
229	905
248	166
248	175
248	338
248	382
248	591
248	608
248	905
338	34
338	175
338	253
338	336
338	378
338	382
338	591
338	608
338	905
378	34
378	131
378	181
378	253
378	336
378	382
378	591
378	608
378	905
382	34
382	131
382	166
382	175
382	181
382	253
382	591
382	905
591	34
591	131
591	166
591	175
591	253
591	336
591	608
591	905
608	34
608	131
608	166
608	175
608	181
608	253
608	336
608	905
905	34
905	131
905	166
905	175
905	181
905	253
905	336
18	133
18	139
18	545
18	749
18	775
18	874
18	914
18	951
18	973
133	287
133	550
133	698
133	699
133	782
133	868
133	887
133	951
139	239
139	428
139	665
139	749
139	775
139	849
139	951
284	400
284	596
284	699
284	749
284	766
284	849
284	889
545	400
545	457
545	542
545	596
545	617
545	653
545	686
545	735
545	973
749	29
749	106
749	168
749	278
749	350
749	373
749	400
749	477
749	528
749	766
749	775
749	843
749	868
749	887
749	944
775	33
775	135
775	270
775	285
775	525
775	542
775	653
775	665
775	849
775	944
874	29
874	135
874	227
874	239
874	428
874	457
874	471
874	525
874	554
874	606
874	614
874	629
874	735
874	782
874	887
874	944
914	227
914	400
914	525
914	528
914	542
914	558
914	572
914	587
914	614
914	629
914	665
914	699
914	849
914	933
914	951
951	106
951	278
951	285
951	352
951	400
951	428
951	525
951	596
951	600
951	606
951	629
951	645
951	665
951	699
951	782
951	868
973	214
973	264
973	278
973	350
973	505
973	525
973	542
973	572
973	596
973	606
973	614
973	629
973	645
973	665
973	895
19	47
19	53
19	447
47	438
47	734
53	280
53	434
53	438
53	758
434	272
434	438
434	523
434	685
447	324
447	438
447	523
447	685
585	169
585	337
585	555
685	280
685	333
734	272
734	280
758	280
758	337
761	108
761	280
761	324
972	280
20	64
20	97
20	177
20	277
20	283
20	444
20	491
64	97
64	177
64	277
64	283
64	444
64	491
97	158
97	177
97	277
97	283
97	444
97	491
177	277
177	283
177	491
277	283
277	444
277	491
283	444
283	491
444	491
21	200
21	605
21	712
21	760
21	825
200	548
200	738
605	74
605	138
605	143
605	384
605	461
605	548
605	601
605	623
605	687
605	738
605	825
712	79
712	143
712	148
712	762
760	77
760	138
760	311
760	461
760	601
825	79
825	148
825	192
825	601
22	574
22	670
22	672
22	681
22	832
22	929
22	963
22	970
574	80
574	327
574	357
574	496
574	672
574	817
574	882
574	912
574	920
574	929
574	963
574	970
670	80
670	249
670	318
670	497
670	648
670	681
670	701
670	817
670	863
670	880
670	882
670	912
670	929
670	954
670	956
670	963
670	970
672	269
672	357
672	458
672	489
672	526
672	536
672	681
672	863
672	876
672	880
672	882
672	920
672	956
672	963
681	489
681	496
681	579
681	680
681	701
681	817
681	832
681	863
681	876
681	882
681	899
681	929
832	37
832	249
832	269
832	357
832	432
832	489
832	579
832	632
832	635
832	648
832	678
832	680
832	701
832	719
832	789
832	817
832	876
832	882
832	912
832	956
832	970
882	170
882	318
882	327
882	432
882	468
882	489
882	496
882	526
882	536
882	579
882	632
882	648
882	817
882	863
882	880
882	920
882	929
882	956
882	963
882	970
929	37
929	80
929	170
929	249
929	269
929	318
929	432
929	454
929	489
929	496
929	497
929	526
929	579
929	648
929	719
929	789
929	899
929	954
929	956
929	963
929	970
956	69
956	127
956	167
956	249
956	269
956	318
956	327
956	432
956	454
956	458
956	468
956	496
956	497
956	526
956	579
956	648
956	680
956	899
956	912
956	920
956	954
963	62
963	127
963	249
963	318
963	327
963	357
963	432
963	454
963	458
963	489
963	496
963	576
963	632
963	635
963	680
963	863
963	876
963	880
963	899
963	912
963	954
970	37
970	62
970	69
970	80
970	357
970	454
970	489
970	496
970	526
970	576
970	635
970	648
970	678
970	701
970	719
970	789
970	876
970	899
970	912
970	920
970	954
577	187
577	376
577	455
577	643
577	727
577	921
628	115
628	157
628	185
628	221
628	377
628	416
628	527
628	747
628	763
628	784
628	921
727	107
727	115
727	119
727	185
727	416
727	643
727	644
727	784
727	791
727	807
727	845
791	67
791	416
791	433
791	463
791	527
791	582
791	638
791	659
791	743
791	747
791	755
791	802
791	921
802	115
802	157
802	208
802	230
802	231
802	256
802	258
802	335
802	351
802	455
802	688
802	743
802	784
802	807
845	91
845	107
845	116
845	217
845	230
845	377
845	508
845	643
845	644
845	688
845	730
845	763
845	807
845	885
885	67
885	116
885	173
885	187
885	208
885	246
885	351
885	463
885	527
885	659
885	688
885	743
885	755
24	694
24	965
694	965
754	965
764	965
822	965
833	965
871	965
883	965
964	965
965	92
965	147
965	204
965	210
965	240
965	288
965	306
965	374
965	436
965	510
965	514
965	639
965	658
965	700
965	976
25	540
25	664
25	716
25	781
25	847
25	856
25	888
25	926
25	934
25	936
540	149
540	222
540	334
540	360
540	369
540	515
540	607
540	736
540	759
540	770
540	781
540	826
540	829
540	856
540	915
540	936
664	137
664	153
664	180
664	182
664	360
664	503
664	568
664	729
664	731
664	757
664	770
664	819
664	826
664	829
664	847
664	856
664	862
664	888
664	908
664	915
716	254
716	294
716	299
716	415
716	464
716	515
716	568
716	597
716	710
716	731
716	753
716	757
716	829
716	856
716	908
716	915
716	935
781	162
781	294
781	349
781	356
781	430
781	557
781	568
781	589
781	625
781	710
781	757
781	759
781	829
781	835
781	856
781	915
781	935
781	936
847	171
847	252
847	254
847	268
847	293
847	334
847	356
847	360
847	415
847	430
847	710
847	731
847	753
847	759
847	829
847	859
847	908
847	926
847	934
847	936
856	45
856	60
856	162
856	180
856	222
856	252
856	268
856	293
856	294
856	323
856	369
856	415
856	430
856	474
856	503
856	507
856	559
856	597
856	753
856	819
856	854
856	888
856	935
888	45
888	86
888	149
888	153
888	222
888	252
888	320
888	323
888	349
888	369
888	390
888	474
888	507
888	533
888	557
888	625
888	710
888	731
888	736
888	753
888	759
888	770
888	829
888	835
888	854
888	862
888	908
888	926
888	934
888	935
888	936
926	60
926	86
926	171
926	268
926	294
926	323
926	464
926	507
926	515
926	533
926	589
926	625
926	729
926	731
926	753
926	759
926	826
926	829
926	835
926	862
926	908
926	934
926	936
934	45
934	182
934	254
934	294
934	299
934	320
934	323
934	334
934	349
934	464
934	503
934	507
934	533
934	589
934	729
934	731
934	770
934	826
934	835
934	854
934	915
934	935
934	936
936	137
936	211
936	222
936	252
936	254
936	299
936	320
936	334
936	356
936	390
936	430
936	474
936	503
936	507
936	515
936	557
936	559
936	568
936	597
936	710
936	736
936	753
936	757
936	759
936	770
936	819
936	826
936	829
936	835
936	854
936	859
936	862
936	915
26	319
26	371
319	371
371	196
371	340
27	301
27	618
27	765
27	844
27	860
27	911
301	103
301	104
301	328
301	641
301	705
301	765
301	872
301	975
618	159
618	480
618	535
618	552
618	674
618	872
618	911
765	103
765	391
765	417
765	443
765	475
765	499
765	621
765	636
765	641
765	788
765	800
765	975
844	51
844	58
844	61
844	216
844	250
844	328
844	383
844	391
844	521
844	584
844	675
844	788
844	800
844	918
844	975
860	38
860	250
860	307
860	313
860	391
860	443
860	584
860	599
860	621
860	641
860	674
860	705
860	872
860	975
911	51
911	103
911	104
911	220
911	380
911	417
911	480
911	499
911	520
911	584
911	673
911	684
911	705
911	776
911	839
911	924
918	38
918	51
918	61
918	281
918	380
918	388
918	449
918	499
918	532
918	535
918	655
918	684
918	821
918	839
918	924
975	234
975	380
975	388
975	449
975	480
975	499
975	636
975	673
975	705
975	776
975	821
975	839
975	924
704	56
704	59
704	573
29	558
29	614
29	849
29	889
558	239
558	428
558	505
558	596
558	614
558	617
558	889
558	944
614	550
614	629
614	653
614	665
614	699
614	849
614	933
645	106
645	287
645	352
645	439
645	587
645	596
645	600
645	686
645	766
645	889
645	895
645	933
849	81
849	168
849	239
849	264
849	352
849	373
849	439
849	525
849	587
849	596
849	686
849	699
849	766
849	933
889	81
889	106
889	214
889	227
889	389
889	400
889	457
889	471
889	550
889	554
889	653
889	868
895	81
895	203
895	215
895	264
895	389
895	400
895	428
895	439
895	471
895	477
895	550
895	587
895	606
895	665
895	699
944	81
944	168
944	227
944	270
944	352
944	373
944	389
944	400
944	505
944	653
944	698
944	782
944	843
944	887
30	174
30	362
30	406
30	427
30	865
30	903
174	721
174	851
174	903
362	244
362	404
362	563
362	637
362	718
362	785
362	851
362	866
362	906
406	118
406	244
406	414
406	419
406	446
406	473
406	718
406	851
406	858
427	118
427	537
427	613
427	785
427	811
427	858
427	865
427	866
693	244
693	255
693	354
693	370
693	419
693	543
693	637
693	785
693	811
722	244
722	255
722	326
722	354
722	368
722	375
722	407
722	419
722	718
722	739
722	785
722	865
865	326
865	368
865	375
865	407
865	414
865	446
865	465
865	483
865	613
865	637
865	703
865	718
865	739
866	130
866	386
866	404
866	414
866	419
866	465
866	473
866	537
866	739
866	811
866	906
903	118
903	326
903	368
903	375
903	407
903	419
903	465
903	473
903	483
903	537
903	541
903	613
903	721
903	785
903	858
31	247
31	429
31	466
31	467
31	696
31	724
31	813
31	937
31	955
31	961
247	82
247	398
247	467
247	732
247	907
247	955
429	201
429	592
429	627
429	676
429	724
429	769
429	772
429	787
429	870
429	930
429	937
429	946
429	953
466	176
466	212
466	478
466	676
466	696
466	772
466	930
466	937
466	946
467	142
467	152
467	316
467	321
467	651
467	748
467	813
467	907
467	955
696	237
696	238
696	366
696	495
696	531
696	611
696	651
696	748
696	772
696	805
696	841
696	870
696	937
696	953
724	76
724	152
724	201
724	462
724	481
724	631
724	660
724	676
724	715
724	794
724	870
724	907
724	946
724	961
813	76
813	176
813	291
813	304
813	329
813	398
813	456
813	481
813	495
813	531
813	578
813	594
813	660
813	732
813	772
813	953
937	82
937	94
937	142
937	291
937	303
937	304
937	342
937	345
937	398
937	423
937	456
937	562
937	578
937	627
937	631
937	651
937	769
937	786
937	907
937	955
937	961
955	76
955	189
955	238
955	291
955	295
955	296
955	304
955	316
955	321
955	345
955	478
955	495
955	509
955	531
955	611
955	616
955	732
955	748
955	772
955	805
955	907
955	946
955	961
961	76
961	142
961	201
961	304
961	316
961	342
961	398
961	456
961	478
961	506
961	562
961	592
961	611
961	616
961	631
961	732
961	841
961	870
961	953
32	922
32	941
32	947
32	960
32	982
816	197
816	290
816	325
816	487
816	566
816	646
816	922
816	941
816	947
816	960
816	982
922	290
922	408
922	442
922	445
922	726
922	745
922	818
922	927
922	960
922	968
922	979
922	981
927	197
927	290
927	325
927	487
927	566
927	646
927	941
927	947
927	960
927	982
941	290
941	408
941	442
941	445
941	726
941	745
941	818
941	960
941	968
941	979
941	981
947	290
947	408
947	442
947	445
947	726
947	745
947	818
947	960
947	968
947	979
947	981
960	197
960	290
960	325
960	408
960	442
960	445
960	487
960	566
960	646
960	726
960	745
960	818
960	968
960	979
960	981
960	982
968	197
968	290
968	325
968	487
968	566
968	646
968	982
979	197
979	290
979	325
979	487
979	566
979	646
979	982
981	197
981	290
981	325
981	487
981	566
981	646
981	982
982	290
982	408
982	442
982	445
982	726
982	745
982	818
33	525
33	572
33	699
33	766
33	843
525	214
525	373
525	392
525	439
525	457
525	600
525	686
525	735
525	766
525	843
572	106
572	215
572	227
572	285
572	352
572	400
572	471
572	600
572	735
699	227
699	239
699	392
699	554
699	606
699	629
699	843
699	868
766	227
766	278
766	285
766	373
766	400
766	528
766	596
766	606
766	653
766	698
843	106
843	135
843	203
843	285
843	392
843	439
843	457
843	528
843	587
843	600
843	887
34	131
34	166
131	181
131	253
131	336
166	253
166	336
35	986
35	990
35	995
35	998
986	172
986	353
986	372
986	402
986	420
986	426
986	453
986	504
986	609
986	777
986	795
986	855
986	950
986	952
986	962
986	978
986	985
986	987
986	988
986	989
986	991
986	992
986	993
986	997
986	998
986	999
986	1000
987	263
987	289
987	300
987	353
987	365
987	421
987	593
987	630
987	662
987	697
987	723
987	733
987	756
987	780
987	828
987	830
987	842
987	983
987	985
987	990
987	994
987	995
987	996
987	998
989	46
989	102
989	263
989	300
989	353
989	421
989	593
989	630
989	662
989	697
989	723
989	733
989	756
989	780
989	828
989	830
989	842
989	983
989	985
989	990
989	994
989	995
989	996
989	998
990	353
990	387
990	402
990	426
990	453
990	504
990	609
990	777
990	795
990	855
990	950
990	952
990	962
990	978
990	985
990	988
990	991
990	992
990	993
990	997
990	998
990	999
990	1000
993	73
993	263
993	289
993	300
993	365
993	421
993	593
993	630
993	662
993	697
993	723
993	733
993	756
993	780
993	828
993	830
993	842
993	983
993	985
993	994
993	995
993	996
993	998
995	353
995	372
995	387
995	402
995	420
995	426
995	453
995	504
995	609
995	777
995	795
995	855
995	950
995	952
995	962
995	978
995	985
995	988
995	991
995	992
995	997
995	998
995	999
995	1000
997	73
997	102
997	263
997	289
997	300
997	353
997	421
997	593
997	630
997	662
997	697
997	723
997	733
997	756
997	780
997	828
997	830
997	842
997	983
997	985
997	994
997	996
997	998
998	46
998	73
998	172
998	263
998	289
998	300
998	353
998	365
998	372
998	402
998	420
998	421
998	426
998	504
998	593
998	609
998	630
998	662
998	697
998	723
998	733
998	756
998	777
998	780
998	795
998	828
998	830
998	842
998	855
998	950
998	952
998	962
998	978
998	983
998	985
998	988
998	991
998	992
998	994
998	996
998	999
998	1000
999	46
999	73
999	102
999	263
999	289
999	300
999	353
999	365
999	593
999	630
999	662
999	697
999	723
999	733
999	756
999	780
999	828
999	830
999	842
999	983
999	985
999	994
999	996
1000	46
1000	73
1000	102
1000	300
1000	353
1000	365
1000	421
1000	593
1000	630
1000	662
1000	697
1000	723
1000	733
1000	756
1000	780
1000	828
1000	830
1000	842
1000	983
1000	985
1000	994
1000	996
36	314
36	441
36	517
314	441
441	72
441	226
441	330
441	517
37	680
37	719
37	789
37	863
37	880
37	954
680	62
680	458
680	468
680	579
680	648
680	876
680	899
719	497
719	536
719	576
719	635
719	648
719	678
719	899
719	920
789	62
789	127
789	167
789	269
789	489
789	526
789	536
789	632
789	678
789	817
789	876
789	880
789	899
789	920
863	167
863	327
863	357
863	454
863	458
863	489
863	497
863	526
863	536
863	576
863	579
863	876
863	880
863	899
863	920
863	954
880	62
880	170
880	318
880	432
880	458
880	468
880	489
880	576
880	632
880	648
880	678
880	701
880	899
880	912
880	920
912	69
912	127
912	167
912	170
912	318
912	357
912	454
912	458
912	468
912	496
912	526
912	536
912	576
912	632
912	635
912	678
912	876
912	920
954	62
954	69
954	80
954	127
954	167
954	249
954	318
954	327
954	454
954	468
954	489
954	496
954	497
954	536
954	632
954	635
954	678
954	817
954	899
38	281
38	684
38	788
281	307
281	347
281	521
281	673
281	674
281	684
684	232
684	443
684	449
684	521
684	599
684	872
788	104
788	216
788	220
788	267
788	313
788	380
788	383
788	388
788	655
788	800
788	872
39	48
39	88
39	117
48	105
48	117
48	120
48	257
48	276
48	450
48	564
48	708
48	809
88	117
117	105
117	120
117	257
117	276
117	450
117	564
117	708
117	809
120	105
40	245
40	571
40	652
40	695
40	767
245	571
245	595
245	652
571	165
571	193
571	202
571	265
571	448
571	695
571	767
652	84
652	146
652	193
652	202
652	394
652	595
652	695
695	75
695	99
695	146
695	193
695	202
695	265
695	394
695	448
695	595
695	767
767	84
767	95
767	99
767	165
767	193
767	202
767	394
767	448
41	150
150	640
640	453
42	179
42	233
42	275
42	282
42	322
42	359
42	363
42	412
42	656
42	980
179	190
179	275
179	282
179	322
233	190
233	322
275	322
282	322
322	190
322	359
322	363
322	412
322	656
322	980
44	110
44	126
89	110
89	126
110	126
45	211
45	299
45	356
45	759
45	859
45	862
211	464
211	757
211	826
211	908
211	915
299	356
299	607
299	757
299	819
299	829
299	854
299	859
299	908
356	86
356	503
356	533
356	625
356	729
356	736
356	819
356	829
759	252
759	268
759	293
759	294
759	503
759	557
759	753
759	770
759	829
759	835
759	935
859	149
859	153
859	162
859	171
859	180
859	254
859	415
859	557
859	559
859	568
859	597
859	710
859	819
859	829
859	854
862	137
862	153
862	171
862	182
862	252
862	293
862	349
862	390
862	430
862	474
862	503
862	507
862	557
862	607
862	729
862	731
862	736
862	753
862	908
862	935
46	985
46	988
46	991
985	102
985	172
985	263
985	300
985	365
985	372
985	387
985	402
985	420
985	421
985	426
985	504
985	593
985	609
985	630
985	662
985	697
985	723
985	733
985	756
985	777
985	780
985	795
985	828
985	830
985	842
985	855
985	950
985	952
985	962
985	978
985	983
985	988
985	991
985	992
985	994
985	996
988	73
988	102
988	300
988	353
988	365
988	421
988	593
988	630
988	662
988	697
988	723
988	733
988	756
988	780
988	828
988	830
988	842
988	983
988	994
988	996
991	102
991	263
991	289
991	300
991	365
991	421
991	593
991	630
991	662
991	697
991	723
991	733
991	756
991	780
991	828
991	830
991	842
991	983
991	994
991	996
994	353
994	372
994	387
994	402
994	420
994	426
994	453
994	504
994	609
994	777
994	795
994	855
994	950
994	952
994	962
994	978
994	992
438	145
438	547
523	70
523	108
523	224
547	108
547	555
49	667
667	57
667	68
667	128
667	151
667	198
667	271
667	298
667	401
667	492
667	524
667	602
667	746
667	773
667	797
667	799
667	848
667	886
667	939
667	948
667	959
746	68
746	93
773	68
773	93
797	68
797	93
799	68
799	93
848	68
848	93
886	68
886	93
939	68
939	93
948	68
948	93
959	68
959	93
50	435
50	519
50	808
435	122
435	808
519	163
519	361
519	367
519	539
519	551
519	580
519	622
519	682
519	778
519	808
519	812
519	831
519	861
519	945
519	971
682	55
682	310
682	808
778	55
778	310
778	808
808	54
808	55
808	113
808	122
808	163
808	310
808	361
808	367
808	539
808	551
808	580
808	622
808	812
808	831
808	861
808	945
808	971
812	55
812	310
831	55
831	310
861	55
861	310
945	55
945	310
971	55
971	310
51	396
51	520
51	584
51	800
396	159
396	307
396	636
396	821
396	839
520	232
520	267
520	307
520	417
520	521
520	599
584	159
584	499
584	641
584	711
584	872
800	159
800	267
800	380
800	391
800	449
800	475
800	490
800	535
800	552
800	655
800	705
800	924
52	717
52	750
52	779
52	850
52	878
581	657
581	717
581	750
581	850
581	878
581	891
717	178
717	332
717	476
717	513
717	657
717	677
717	706
717	779
717	857
717	878
750	121
750	158
750	178
750	343
750	588
750	677
750	706
750	737
750	850
779	121
779	332
779	343
779	424
779	513
779	534
779	556
779	657
779	677
779	706
779	737
779	878
850	158
850	178
850	266
850	343
850	344
850	405
850	424
850	476
850	513
850	534
850	677
850	737
850	857
878	121
878	266
878	344
878	405
878	476
878	513
878	534
878	556
878	649
878	677
878	737
878	857
878	891
280	71
280	169
280	224
280	272
280	324
280	555
54	539
539	310
539	367
622	55
622	310
58	159
58	532
58	535
58	705
159	674
159	924
532	234
532	328
532	480
532	636
532	872
535	216
535	232
535	417
535	475
535	552
535	636
535	839
535	872
621	313
621	347
621	380
621	383
621	490
621	552
621	636
621	655
621	839
705	156
705	267
705	347
705	599
705	655
705	776
60	334
60	503
60	515
60	819
60	835
60	854
60	915
60	935
334	254
334	320
334	430
334	464
334	826
334	854
334	915
503	559
503	710
503	770
503	835
503	908
515	369
515	474
515	559
515	589
515	607
515	736
515	757
515	908
819	162
819	293
819	294
819	323
819	464
819	557
819	568
819	607
819	729
819	753
819	829
819	835
819	854
819	935
835	86
835	171
835	252
835	254
835	268
835	369
835	390
835	464
835	507
835	597
835	625
835	731
835	753
835	908
854	180
854	182
854	222
854	323
854	349
854	369
854	390
854	533
854	559
854	607
854	736
854	757
854	826
854	908
854	915
854	935
915	162
915	171
915	180
915	268
915	293
915	294
915	320
915	464
915	474
915	559
915	589
915	597
915	625
915	710
915	729
915	736
915	770
935	137
935	149
935	182
935	293
935	320
935	349
935	360
935	415
935	474
935	507
935	557
935	568
935	597
935	607
935	710
935	770
935	826
61	388
61	674
61	776
388	499
388	516
388	872
674	220
674	307
674	347
674	776
674	924
776	250
776	328
776	380
776	383
776	711
776	872
924	235
924	250
924	267
924	417
924	490
924	516
924	599
924	872
62	536
536	80
536	497
536	579
536	648
536	701
899	80
899	127
899	167
899	170
899	269
899	318
899	357
899	432
899	458
899	496
899	526
899	579
899	632
899	635
899	648
899	920
63	636
63	711
63	839
267	234
267	821
636	156
636	499
636	599
636	673
711	313
711	449
711	480
711	516
711	673
711	675
711	839
839	104
839	216
839	234
839	380
839	449
839	516
839	521
839	675
65	76
65	493
65	509
65	594
65	651
65	805
65	841
65	953
76	201
76	296
76	594
76	651
76	805
493	212
493	238
493	291
493	296
493	329
493	345
493	481
493	611
493	627
493	660
493	715
493	772
493	870
493	930
509	212
509	316
509	329
509	395
509	462
509	631
509	748
509	907
509	946
594	142
594	212
594	366
594	562
594	611
594	660
594	676
594	748
594	769
594	841
594	907
594	930
651	201
651	303
651	304
651	342
651	423
651	456
651	562
651	732
651	786
651	841
651	870
651	946
805	189
805	295
805	303
805	304
805	345
805	366
805	506
805	562
805	627
805	709
805	732
805	772
805	946
841	152
841	176
841	237
841	321
841	342
841	345
841	366
841	423
841	462
841	481
841	531
841	562
841	578
841	592
841	631
841	709
841	772
841	786
841	794
953	82
953	237
953	291
953	321
953	342
953	345
953	398
953	423
953	456
953	478
953	562
953	676
953	709
953	769
953	787
953	794
953	870
953	946
66	604
66	690
604	409
604	501
604	590
604	610
604	690
690	397
690	425
690	561
690	742
690	810
67	217
67	377
67	455
67	463
67	527
217	508
217	663
217	763
377	157
377	433
377	463
377	508
377	661
377	755
377	763
455	433
455	463
455	661
455	743
463	351
463	508
463	661
463	743
527	115
527	243
527	335
527	643
527	763
527	921
69	170
69	632
69	876
170	458
170	526
170	876
170	920
632	167
632	468
632	489
632	497
632	526
817	127
817	249
817	357
817	432
817	458
817	468
817	576
817	678
817	701
817	876
876	167
876	318
876	357
876	454
876	458
876	468
876	489
876	576
876	579
70	145
70	333
70	555
145	555
333	169
333	555
555	272
72	330
73	992
992	102
992	289
992	365
992	421
992	593
992	630
992	662
992	697
992	723
992	733
992	756
992	780
992	828
992	830
992	842
992	983
992	996
996	172
996	353
996	372
996	387
996	402
996	420
996	426
996	453
996	504
996	609
996	777
996	795
996	855
996	950
996	952
996	962
996	978
74	714
714	79
714	132
714	140
714	148
714	192
714	311
714	384
714	484
714	687
738	140
738	143
738	384
738	484
75	146
75	394
75	595
394	193
394	265
394	595
595	84
595	99
595	193
595	202
201	676
201	732
201	907
296	212
296	291
296	366
296	398
296	611
296	631
296	660
296	907
296	930
77	762
762	79
762	132
762	138
762	183
762	413
762	484
762	687
810	101
810	136
810	188
810	409
810	425
810	501
810	511
810	610
80	327
80	920
327	496
327	635
327	920
920	127
920	249
920	269
920	432
920	489
920	576
920	579
920	635
920	648
920	678
920	701
81	373
81	596
81	868
373	215
373	392
373	542
373	933
596	214
596	287
596	352
596	505
596	587
596	686
596	933
653	264
653	270
653	278
653	389
653	505
653	528
782	227
782	264
782	505
782	686
782	698
782	933
868	135
868	168
868	285
868	287
868	389
868	542
868	587
868	617
868	698
868	735
82	304
82	631
82	660
82	772
82	930
82	946
304	94
304	531
304	616
304	794
304	870
578	316
578	329
578	478
578	592
578	631
578	786
578	787
578	907
578	930
578	946
631	342
631	531
631	611
631	715
631	794
631	870
660	176
660	345
660	366
660	395
660	456
660	531
660	748
660	787
660	930
772	321
772	342
772	345
772	395
772	481
772	531
772	769
772	786
772	787
772	870
930	94
930	152
930	176
930	237
930	238
930	303
930	316
930	329
930	395
930	592
930	748
930	787
930	870
946	152
946	295
946	321
946	345
946	366
946	395
946	398
946	423
946	531
946	562
946	616
946	715
946	732
946	786
946	794
123	196
84	448
448	165
448	193
448	265
85	413
85	601
413	186
413	484
413	623
601	548
601	623
86	268
86	390
86	625
86	731
86	757
268	568
268	589
268	736
268	757
268	829
390	507
390	533
390	557
390	757
625	254
625	323
625	415
625	474
625	507
625	597
625	757
625	829
731	137
731	222
731	369
731	464
731	710
731	729
731	829
731	908
757	222
757	294
757	349
757	369
757	415
757	533
757	557
757	607
908	222
908	254
908	293
908	294
908	415
908	430
908	464
908	568
908	589
908	729
908	736
908	753
908	826
90	155
90	184
90	273
155	273
184	273
91	376
91	644
91	921
376	221
376	231
376	644
376	688
376	730
376	807
644	221
644	230
644	335
644	638
644	659
644	688
644	730
644	921
921	111
921	119
921	124
921	208
921	243
921	256
921	335
921	416
921	582
921	659
921	807
92	700
93	602
602	128
602	151
602	198
94	342
94	676
94	709
94	732
94	748
342	238
342	462
342	709
342	715
676	189
676	366
676	423
676	478
676	592
676	611
676	616
676	769
676	787
709	212
709	237
709	316
709	456
709	478
709	495
709	592
709	611
709	715
709	769
709	786
709	870
709	907
732	238
732	295
732	316
732	481
732	592
732	787
732	794
732	870
748	142
748	212
748	295
748	423
748	478
748	506
748	611
748	616
748	627
748	786
907	176
907	237
907	303
907	329
907	395
907	481
907	495
907	506
907	616
907	786
907	787
96	112
96	134
96	206
96	219
96	309
96	452
96	544
96	560
96	586
112	452
112	544
112	560
134	452
134	544
134	560
206	452
206	544
206	560
219	452
219	544
219	560
309	452
309	544
309	560
452	544
452	560
452	586
544	560
544	586
560	586
158	857
158	891
522	425
522	590
235	103
235	328
235	475
235	499
235	641
235	673
673	380
673	443
673	552
673	872
675	104
675	220
675	307
675	313
675	380
675	821
675	872
821	220
821	328
821	380
821	475
821	490
821	521
821	552
821	641
103	307
307	490
307	516
307	655
104	417
104	872
417	499
417	552
872	234
872	449
872	480
872	521
106	392
106	698
392	135
392	287
392	439
392	471
392	554
392	665
698	203
698	287
698	350
698	439
698	471
698	528
698	550
698	554
698	600
698	665
698	887
933	203
933	270
933	285
933	350
933	528
933	542
933	550
933	600
933	617
933	686
107	508
107	659
107	663
107	688
107	747
107	755
508	115
508	231
508	661
508	747
508	755
659	116
659	119
659	243
659	416
659	433
659	638
659	730
659	784
663	119
663	230
663	256
663	661
663	747
688	116
688	173
688	258
688	416
688	582
688	743
688	763
688	784
747	115
747	187
747	243
747	256
747	416
747	582
747	807
755	111
755	116
755	187
755	208
755	230
755	335
755	807
108	169
108	337
324	224
109	720
720	228
720	546
720	624
720	626
744	225
744	546
744	624
744	626
111	335
111	582
111	661
111	784
335	730
335	743
335	763
582	116
582	173
582	187
582	231
582	433
582	643
582	730
661	119
661	243
661	433
661	638
784	173
784	187
784	246
784	416
784	638
784	763
113	310
310	551
310	580
114	125
114	164
114	236
114	242
114	393
114	470
114	488
114	512
114	518
114	570
114	804
125	488
125	570
125	804
164	194
164	242
164	259
164	274
164	470
164	488
164	512
164	518
164	570
164	804
236	213
236	488
236	570
236	804
242	213
242	488
242	570
242	804
393	213
393	488
393	570
393	804
470	213
470	488
470	570
470	804
488	191
488	194
488	213
488	259
488	274
488	512
488	518
488	570
488	804
512	213
512	570
512	804
518	213
518	570
518	804
570	191
570	194
570	213
570	259
570	274
570	804
804	191
804	194
804	213
804	259
804	274
115	230
230	157
230	258
230	638
116	433
116	763
433	157
433	246
763	119
763	246
763	416
763	643
763	730
763	743
118	160
118	473
118	483
118	613
118	721
118	785
160	368
160	407
160	703
160	739
160	851
473	255
473	326
473	386
473	414
473	543
473	721
473	906
483	368
483	537
483	563
483	718
613	703
613	721
613	739
613	785
721	130
721	223
721	255
721	326
721	354
721	446
721	465
721	718
721	851
785	130
785	255
785	368
785	375
785	386
785	541
785	543
785	637
785	739
785	811
785	851
785	858
785	906
119	743
743	124
743	208
743	243
743	256
743	258
743	351
743	643
743	807
121	588
121	857
121	891
588	344
588	405
588	476
588	657
588	706
588	737
857	332
857	343
857	344
857	405
857	424
857	476
857	513
857	534
857	649
857	677
857	706
891	266
891	332
891	343
891	344
891	405
891	424
891	513
891	534
891	556
891	649
891	657
891	737
161	196
124	173
124	208
124	807
173	807
807	185
807	256
807	638
807	730
259	213
274	213
127	678
678	269
678	357
678	497
678	635
678	701
129	305
129	348
207	305
207	325
207	348
305	339
305	348
339	348
130	541
130	739
130	851
130	906
541	244
541	537
541	637
541	703
541	718
541	851
739	223
739	255
739	386
739	404
739	414
739	419
739	446
739	563
739	703
851	244
851	368
851	370
851	407
851	414
851	465
851	537
851	811
851	906
906	354
906	375
906	386
906	414
906	465
906	537
906	718
906	811
906	858
181	253
253	175
253	336
336	175
132	140
132	623
140	548
623	461
623	484
287	554
287	606
287	887
550	203
550	214
550	270
550	285
550	505
550	606
550	686
550	887
887	135
887	168
887	350
887	477
887	554
887	587
887	600
887	617
135	600
135	617
135	665
428	285
428	389
428	400
428	554
428	629
600	400
600	477
600	587
600	617
617	168
617	203
617	239
617	278
617	389
617	505
617	686
617	735
665	457
665	477
665	735
136	742
742	425
742	501
742	511
742	590
742	610
137	349
137	568
137	607
137	729
137	826
349	430
349	507
349	557
349	597
349	736
568	430
568	464
568	559
568	607
568	710
607	360
607	430
607	507
607	533
607	729
607	736
607	753
607	829
729	323
729	597
729	710
729	753
729	826
729	829
826	149
826	153
826	162
826	182
826	360
826	415
826	430
826	559
138	548
138	687
548	484
687	183
687	384
687	461
239	264
239	352
641	216
641	250
641	328
641	391
641	655
142	295
142	462
142	786
142	870
295	398
295	531
295	616
295	769
295	786
295	787
295	794
462	152
462	291
462	423
462	592
462	616
462	794
786	238
786	291
786	329
786	627
786	769
786	787
870	176
870	237
870	423
870	478
870	495
870	611
149	710
149	770
153	430
153	736
153	770
710	252
710	254
710	294
710	360
710	533
710	559
710	829
770	293
770	360
770	474
770	557
770	589
770	736
152	456
152	627
456	176
456	481
456	495
456	627
562	321
562	495
562	611
562	715
562	769
627	291
627	423
627	478
627	495
627	715
627	769
627	787
627	794
430	589
430	736
736	171
736	360
736	369
154	713
713	225
713	546
713	624
713	626
752	225
752	546
752	624
752	626
156	449
156	521
449	216
368	370
368	537
407	354
407	404
407	703
703	326
703	419
703	446
703	543
703	563
703	637
703	858
162	180
162	533
162	597
180	360
180	597
533	254
533	323
533	474
533	507
597	182
597	323
597	589
597	829
551	361
167	496
167	526
496	497
526	648
168	477
477	215
477	350
477	439
477	606
542	227
542	270
542	505
542	587
542	735
686	285
686	439
686	471
686	735
171	252
171	589
252	559
589	320
589	323
589	464
589	559
589	829
176	316
176	329
321	189
321	506
321	715
329	398
329	478
329	715
178	266
178	677
178	737
266	556
266	737
677	343
677	344
677	476
677	513
677	706
677	737
737	534
737	556
737	649
737	657
360	182
360	753
360	829
182	323
182	474
182	829
474	293
474	294
474	507
829	320
829	507
829	559
185	221
185	246
185	730
221	231
221	246
221	638
221	730
730	187
730	351
730	638
730	643
384	192
384	461
189	506
189	592
189	616
506	237
506	345
506	366
506	423
506	715
506	787
592	769
616	212
616	291
616	531
616	787
191	213
195	501
197	818
818	290
818	325
818	487
818	566
818	646
203	439
203	457
203	505
439	264
439	457
457	554
457	587
457	606
457	735
505	735
204	658
325	745
753	294
753	320
753	369
753	415
753	557
214	264
214	270
214	278
214	471
214	629
264	471
264	554
270	278
270	389
270	735
278	350
278	389
471	606
629	350
629	352
629	400
629	554
629	587
215	389
215	735
735	285
735	528
735	554
599	383
220	443
220	475
443	234
443	313
443	490
443	516
475	234
475	313
231	643
638	258
638	416
222	369
369	293
223	386
223	465
223	563
223	811
223	858
386	637
386	811
386	858
465	255
465	326
465	375
465	811
563	404
563	419
563	718
637	244
637	404
637	718
637	858
811	370
811	404
811	414
811	718
811	858
858	354
858	404
858	414
858	446
858	537
858	718
232	655
552	313
552	328
552	391
655	347
655	516
234	347
328	380
237	715
794	303
794	395
794	481
794	531
794	787
238	303
238	395
303	611
303	769
395	481
352	350
490	383
490	480
244	354
244	543
244	718
354	370
354	537
354	543
543	326
718	404
398	531
398	769
249	454
249	635
249	701
454	576
454	635
454	648
635	357
635	432
635	576
701	432
701	468
701	497
250	516
255	419
419	404
260	292
260	355
260	379
260	437
260	479
260	498
260	603
292	355
292	379
292	437
292	479
292	498
292	603
355	379
355	437
355	479
355	498
355	603
379	437
379	479
379	498
379	603
437	479
437	498
437	603
479	498
479	603
498	603
262	573
573	286
573	403
573	459
573	530
573	583
554	285
556	405
556	513
556	649
556	657
657	405
657	424
657	534
657	649
657	706
269	648
648	579
524	492
375	446
400	606
606	528
285	587
286	583
639	436
983	353
983	372
983	387
983	402
983	420
983	426
983	453
983	504
983	609
983	777
983	795
983	855
983	950
983	952
983	962
983	978
290	726
290	745
726	487
726	566
726	646
745	487
745	566
745	646
291	531
291	787
787	481
787	769
769	366
769	478
298	492
313	383
317	610
561	590
561	610
318	579
579	576
320	415
320	557
380	391
649	534
649	706
343	424
343	706
424	706
706	476
370	414
495	423
495	481
397	511
408	646
646	442
646	445
409	440
440	590
425	590
432	489
442	566
566	445
485	624
624	546
624	615
624	626
624	692
692	546
692	626
546	626
626	615
593	962
593	978
962	630
962	662
962	697
962	723
962	733
962	756
962	780
962	828
962	830
962	842
978	630
978	662
978	697
978	723
978	733
978	756
978	780
978	828
978	830
978	842
630	950
950	662
950	697
950	723
950	733
950	756
950	780
950	828
950	830
950	842
634	974
790	974
662	952
952	697
952	723
952	733
952	756
952	780
952	828
952	830
952	842
697	855
855	723
855	733
855	756
855	780
855	828
855	830
855	842
842	777
842	795
828	777
828	795
830	777
830	795
777	780
#End Disappearing Edges

*Newborn Edges
1	230
1	376
1	741
1	755
1	767
1	791
1	885
1	943
230	150
230	217
230	718
230	727
230	741
230	767
230	921
230	942
230	943
230	957
376	40
376	208
376	245
376	718
376	747
376	784
376	796
376	802
376	957
741	75
741	107
741	111
741	351
741	411
741	448
741	527
741	571
741	595
741	659
741	771
741	783
741	814
741	838
741	921
751	23
751	67
751	150
751	231
751	256
751	377
751	460
751	527
751	577
751	727
751	747
751	755
751	784
751	802
751	807
751	814
751	875
751	942
751	943
755	40
755	115
755	146
755	165
755	173
755	258
755	433
755	448
755	659
755	688
755	725
755	743
755	869
755	921
767	67
767	164
767	416
767	508
767	577
767	638
767	661
767	679
767	688
767	784
767	838
767	869
767	875
767	921
767	942
767	943
791	111
791	115
791	116
791	146
791	150
791	165
791	208
791	218
791	460
791	577
791	595
791	652
791	679
791	807
791	838
791	885
791	942
791	943
791	957
803	115
803	164
803	246
803	335
803	377
803	411
803	431
803	433
803	577
803	582
803	643
803	661
803	679
803	727
803	747
803	802
803	845
803	885
803	921
803	942
803	943
885	40
885	107
885	111
885	119
885	353
885	377
885	571
885	582
885	642
885	718
885	771
885	783
885	796
885	869
885	875
885	921
943	75
943	124
943	150
943	165
943	202
943	245
943	265
943	331
943	416
943	431
943	463
943	595
943	628
943	642
943	650
943	725
943	743
943	747
943	783
943	796
943	957
2	501
2	590
2	610
2	690
501	101
501	136
501	188
501	225
501	409
501	590
501	610
590	3
590	101
590	136
590	188
590	225
590	409
590	511
610	3
610	101
610	136
610	188
610	225
610	409
610	511
690	3
690	101
690	136
690	188
690	225
690	409
798	136
798	188
798	225
917	225
949	225
958	225
977	225
984	225
3	511
511	136
511	188
511	225
511	409
4	157
4	335
4	377
4	431
4	659
4	730
4	838
4	845
4	875
157	91
157	448
157	455
157	644
157	652
157	718
157	725
157	869
157	921
335	99
335	208
335	571
335	628
335	688
335	725
335	783
335	869
335	875
377	302
377	411
377	643
377	644
377	659
377	688
377	718
377	783
377	921
431	67
431	146
431	258
431	433
431	598
431	620
431	642
431	869
659	221
659	331
659	455
659	508
659	577
659	620
659	642
659	652
659	688
659	718
659	743
659	957
730	67
730	75
730	116
730	119
730	173
730	217
730	411
730	433
730	494
730	527
730	642
730	652
730	661
730	718
730	869
730	875
730	921
730	942
730	957
814	99
814	107
814	111
814	124
814	185
814	202
814	218
814	231
814	245
814	265
814	331
814	598
814	642
814	747
814	783
814	796
814	838
814	845
814	957
838	23
838	107
838	115
838	116
838	146
838	150
838	202
838	351
838	463
838	486
838	508
838	527
838	571
838	620
838	650
838	652
838	688
838	725
838	747
838	763
838	796
845	119
845	146
845	165
845	185
845	187
845	202
845	256
845	351
845	638
845	642
845	661
845	663
845	725
845	771
845	784
845	957
875	97
875	107
875	115
875	119
875	146
875	150
875	246
875	256
875	331
875	416
875	433
875	486
875	508
875	620
875	652
875	743
875	771
875	796
875	807
875	957
5	490
5	711
5	902
5	911
5	918
5	919
5	940
5	975
490	417
490	491
490	529
490	641
490	827
490	872
490	898
490	919
490	940
490	975
711	38
711	58
711	328
711	391
711	491
711	621
711	674
711	800
711	827
711	872
711	918
711	919
711	975
898	38
898	58
898	103
898	156
898	216
898	220
898	235
898	250
898	267
898	307
898	313
898	328
898	396
898	443
898	491
898	516
898	599
898	674
898	800
898	824
898	827
898	911
898	918
898	931
898	940
898	975
902	27
902	38
902	58
902	63
902	141
902	250
902	313
902	328
902	383
902	443
902	516
902	521
902	529
902	599
902	707
902	800
902	824
902	911
902	919
902	931
902	975
911	141
911	156
911	235
911	313
911	328
911	383
911	396
911	491
911	516
911	621
911	641
911	707
911	800
911	824
911	827
911	919
911	931
911	940
918	63
918	103
918	141
918	216
918	220
918	250
918	267
918	307
918	443
918	516
918	529
918	599
918	641
918	707
918	919
918	931
918	975
919	58
919	141
919	235
919	307
919	313
919	396
919	417
919	443
919	491
919	521
919	529
919	641
919	800
919	872
919	931
919	940
919	975
931	27
931	58
931	103
931	141
931	156
931	216
931	250
931	307
931	313
931	391
931	443
931	491
931	516
931	621
931	641
931	707
931	800
940	27
940	63
940	141
940	216
940	250
940	267
940	307
940	313
940	328
940	383
940	391
940	417
940	491
940	529
940	674
940	707
940	827
975	38
975	58
975	141
975	220
975	235
975	307
975	328
975	417
975	443
975	491
975	641
975	800
6	14
6	48
6	64
6	312
6	314
6	330
6	422
6	517
6	546
6	553
14	72
14	226
14	314
14	330
14	517
14	546
48	43
48	72
48	226
48	314
48	330
48	422
48	517
48	546
48	553
64	60
64	72
64	226
64	312
64	330
64	422
64	517
64	546
64	553
312	43
312	60
312	72
312	226
312	330
312	546
314	60
314	72
314	226
314	546
330	43
330	60
330	546
422	43
422	60
422	546
517	60
517	546
546	43
546	60
546	72
546	226
546	553
553	60
7	713
7	965
713	228
713	441
713	573
713	603
713	965
793	441
793	573
793	603
793	965
815	441
815	573
815	603
815	965
820	441
820	573
820	603
820	965
823	441
823	573
823	603
823	965
852	441
852	573
852	603
852	965
867	441
867	573
867	603
867	965
877	441
877	573
877	603
877	965
890	441
890	573
890	603
890	965
965	109
965	154
965	228
965	297
965	358
965	441
965	485
965	573
965	603
965	615
965	689
965	692
965	720
965	744
965	752
8	42
8	672
8	789
8	811
8	837
8	906
8	954
8	956
42	251
42	432
42	739
42	834
42	876
42	884
42	893
42	912
42	954
672	255
672	370
672	404
672	406
672	483
672	519
672	541
672	613
672	648
672	703
672	721
672	722
672	851
672	884
672	903
789	9
789	255
789	318
789	327
789	346
789	404
789	406
789	427
789	468
789	576
789	680
789	851
789	866
789	882
789	884
789	897
789	906
811	170
811	354
811	357
811	419
811	458
811	496
811	541
811	576
811	670
811	680
811	701
811	703
811	832
811	865
811	882
811	903
811	920
811	929
811	954
811	963
837	22
837	37
837	118
837	170
837	174
837	249
837	269
837	432
837	446
837	472
837	576
837	678
837	719
837	739
837	785
837	832
837	863
837	882
837	884
837	912
837	954
837	963
837	970
884	22
884	69
884	249
884	318
884	327
884	427
884	526
884	537
884	574
884	576
884	579
884	668
884	721
884	785
884	817
884	865
884	880
884	899
884	956
884	970
893	127
893	326
893	497
893	536
893	576
893	632
893	670
893	680
893	701
893	722
893	866
893	876
893	880
893	899
893	912
893	920
893	929
893	956
893	963
893	970
906	167
906	213
906	279
906	318
906	326
906	357
906	370
906	446
906	454
906	468
906	489
906	497
906	519
906	574
906	579
906	613
906	632
906	703
906	863
906	876
906	882
906	920
906	956
954	118
954	223
954	251
954	255
954	362
954	386
954	407
954	414
954	446
954	637
954	668
954	683
954	693
954	703
954	722
954	740
954	851
954	864
954	866
954	876
954	879
954	897
956	130
956	160
956	213
956	346
956	375
956	386
956	406
956	469
956	472
956	473
956	537
956	541
956	543
956	668
956	683
956	703
956	851
956	864
956	865
956	896
956	897
956	970
9	326
9	419
9	543
9	574
9	668
9	739
9	896
9	903
9	912
326	454
326	637
326	701
326	739
326	866
326	897
326	929
419	451
419	632
419	648
419	858
419	865
419	882
419	896
419	899
419	929
419	970
543	541
543	613
543	632
543	721
543	740
543	882
543	903
543	929
543	963
574	193
574	251
574	469
574	541
574	576
574	579
574	866
574	879
574	880
574	897
668	69
668	130
668	318
668	346
668	386
668	489
668	670
668	739
668	817
668	882
668	897
668	920
668	929
668	963
739	213
739	244
739	346
739	357
739	362
739	407
739	432
739	579
739	635
739	637
739	681
739	721
739	863
739	864
739	876
739	929
896	22
896	62
896	118
896	170
896	193
896	318
896	327
896	519
896	526
896	537
896	563
896	678
896	681
896	701
896	863
896	864
896	880
896	882
896	920
896	963
896	970
903	22
903	223
903	244
903	386
903	427
903	451
903	536
903	576
903	579
903	635
903	648
903	680
903	817
903	832
903	876
903	882
903	897
903	899
903	920
903	963
903	970
912	22
912	130
912	160
912	213
912	251
912	269
912	346
912	406
912	427
912	489
912	613
912	637
912	683
912	703
912	740
912	785
912	817
912	834
912	851
912	864
912	879
10	388
10	475
10	488
10	636
10	792
10	839
10	844
10	860
10	924
388	104
388	281
388	619
388	673
388	675
388	765
388	792
388	821
388	839
388	924
388	925
475	51
475	159
475	301
475	520
475	633
475	675
475	705
475	776
475	788
475	792
475	844
488	61
488	315
488	520
488	535
488	619
488	655
488	675
488	684
488	705
488	765
488	821
488	839
488	844
488	924
488	925
636	301
636	315
636	538
636	552
636	618
636	619
636	633
636	655
636	675
636	839
636	844
636	860
636	925
792	61
792	100
792	159
792	232
792	482
792	618
792	619
792	705
792	765
792	776
792	860
839	159
839	241
839	301
839	347
839	480
839	532
839	538
839	584
839	618
839	655
839	673
839	765
839	776
839	788
839	844
839	924
844	100
844	104
844	159
844	232
844	241
844	301
844	347
844	482
844	520
844	532
844	535
844	538
844	552
844	618
844	619
844	673
844	705
844	925
860	51
860	61
860	100
860	104
860	232
860	241
860	301
860	480
860	520
860	535
860	538
860	552
860	618
860	655
860	673
860	675
860	684
860	776
860	821
924	104
924	232
924	241
924	281
924	301
924	315
924	347
924	482
924	520
924	532
924	552
924	584
924	633
924	675
924	684
924	765
924	821
924	925
925	100
925	104
925	232
925	241
925	281
925	301
925	315
925	347
925	449
925	480
925	520
925	532
925	535
925	538
925	584
925	673
925	776
925	788
11	440
11	522
11	561
11	604
11	742
11	810
440	78
440	90
440	195
440	317
440	397
440	522
440	561
440	691
522	78
522	90
522	195
522	317
522	397
522	604
522	691
561	78
561	90
561	98
561	195
561	397
561	536
561	604
561	742
604	78
604	90
604	98
604	195
604	317
604	397
691	78
691	90
691	98
691	317
691	810
742	78
742	90
742	98
742	195
742	317
810	90
810	98
810	195
846	78
846	90
846	397
901	90
969	90
12	110
12	268
12	556
12	568
12	716
12	737
12	770
12	878
12	908
12	926
110	137
110	474
110	507
110	819
110	826
110	850
110	854
110	894
110	904
110	909
268	424
268	533
268	556
268	625
268	654
268	706
268	710
268	729
268	753
268	891
268	998
556	171
556	415
556	549
556	625
556	695
556	717
556	757
556	826
556	926
556	935
556	998
568	178
568	293
568	507
568	588
568	597
568	657
568	677
568	737
568	750
568	779
568	857
568	904
568	909
568	998
716	137
716	149
716	171
716	182
716	266
716	280
716	320
716	341
716	343
716	399
716	424
716	430
716	654
716	729
716	759
716	850
716	878
737	158
737	280
737	294
737	343
737	369
737	415
737	430
737	513
737	731
737	757
737	829
737	847
737	854
737	862
737	926
737	935
737	998
770	20
770	180
770	254
770	415
770	533
770	534
770	588
770	625
770	649
770	657
770	819
770	854
770	857
770	904
770	908
770	926
878	171
878	182
878	211
878	252
878	320
878	334
878	349
878	371
878	515
878	544
878	589
878	607
878	657
878	729
878	736
878	753
878	856
878	859
878	908
878	926
878	934
878	998
908	121
908	149
908	162
908	180
908	280
908	320
908	323
908	356
908	369
908	371
908	399
908	533
908	534
908	549
908	597
908	607
908	677
908	695
908	779
908	819
908	829
908	850
908	873
926	137
926	178
926	360
926	369
926	390
926	405
926	430
926	474
926	607
926	649
926	706
926	736
926	750
926	779
926	850
926	857
926	859
926	894
926	909
926	915
926	998
13	368
13	634
13	790
368	634
368	790
15	714
15	738
15	762
15	825
714	21
714	85
714	138
714	671
714	712
714	760
714	762
714	801
714	806
738	183
738	364
738	461
738	548
738	768
762	74
762	148
762	192
762	308
762	461
762	623
762	671
768	21
768	132
768	143
768	364
768	413
806	77
806	132
806	140
806	200
806	801
806	825
825	77
825	138
825	183
825	308
825	413
825	760
913	74
913	200
913	308
913	364
916	85
916	308
916	384
916	484
916	548
923	138
923	186
923	308
923	892
966	308
16	583
16	704
583	87
583	262
583	355
583	452
583	502
702	310
702	355
702	452
702	502
704	310
704	355
704	452
704	502
728	310
728	355
728	452
728	502
853	310
853	355
853	452
853	502
881	310
881	355
881	452
881	502
900	310
900	355
900	452
900	502
928	310
928	355
928	452
928	502
932	310
932	355
932	452
932	502
938	310
938	355
938	452
938	502
17	31
17	379
17	627
17	696
17	794
17	907
17	937
17	946
17	955
17	961
31	303
31	316
31	398
31	509
31	594
31	611
31	769
31	786
31	805
379	253
379	291
379	605
379	651
379	660
379	676
379	805
379	841
379	937
379	946
379	953
379	955
379	967
627	181
627	212
627	253
627	296
627	345
627	437
627	531
627	565
627	660
627	724
627	772
627	804
627	946
627	955
627	961
696	296
696	382
696	478
696	500
696	565
696	594
696	608
696	616
696	631
696	709
696	724
696	774
696	804
696	813
696	907
794	201
794	212
794	382
794	398
794	467
794	578
794	594
794	605
794	748
794	769
794	772
794	774
794	805
794	907
907	65
907	76
907	205
907	238
907	253
907	295
907	382
907	462
907	493
907	605
907	608
907	611
907	631
907	651
907	676
907	813
907	841
907	870
907	930
937	76
937	229
937	238
937	248
937	260
937	296
937	338
937	348
937	425
937	462
937	481
937	495
937	500
937	509
937	531
937	608
937	660
937	669
937	804
937	841
937	870
937	953
937	967
946	76
946	94
946	166
946	176
946	201
946	238
946	248
946	260
946	303
946	304
946	425
946	478
946	493
946	565
946	591
946	605
946	608
946	611
946	676
946	748
946	769
946	841
955	82
955	131
955	166
955	175
955	176
955	181
955	342
955	382
955	398
955	466
955	493
955	500
955	506
955	562
955	565
955	591
955	605
955	608
955	651
955	660
955	709
955	804
955	813
955	841
961	82
961	175
961	199
961	212
961	247
961	248
961	253
961	338
961	345
961	348
961	366
961	382
961	395
961	425
961	429
961	493
961	500
961	531
961	804
961	930
961	967
18	81
18	528
18	542
18	600
18	782
18	843
18	895
18	933
18	944
81	278
81	457
81	545
81	735
81	887
81	951
284	410
284	550
284	554
284	614
284	645
284	874
284	944
528	135
528	139
528	378
528	389
528	410
528	596
528	699
528	951
542	203
542	428
542	439
542	606
542	614
542	617
542	629
542	653
542	843
542	887
542	951
600	139
600	270
600	389
600	479
600	545
600	596
600	665
600	699
600	735
600	868
600	874
600	944
782	135
782	203
782	214
782	239
782	373
782	410
782	477
782	629
782	699
843	168
843	214
843	378
843	428
843	479
843	545
843	596
843	606
843	629
843	645
843	653
843	686
843	849
843	973
895	133
895	139
895	239
895	270
895	287
895	350
895	352
895	378
895	479
895	572
895	596
895	614
895	617
895	629
895	686
895	874
933	29
933	33
933	135
933	168
933	215
933	264
933	278
933	287
933	378
933	392
933	439
933	479
933	665
933	698
933	868
933	889
944	106
944	133
944	135
944	239
944	264
944	378
944	392
944	428
944	479
944	572
944	587
944	596
944	617
944	735
944	973
19	55
19	333
19	337
55	79
55	333
55	523
55	547
55	555
55	685
55	758
55	761
55	972
333	114
333	447
337	53
337	70
434	70
434	114
434	169
434	224
434	555
585	272
585	447
585	547
685	79
685	114
685	169
734	79
734	114
734	145
758	79
758	114
761	79
761	114
972	79
972	114
20	222
20	430
20	515
20	695
20	706
20	850
20	856
20	862
20	998
222	252
222	371
222	677
222	759
222	779
222	819
222	850
222	909
430	178
430	254
430	341
430	390
430	597
430	717
430	731
430	835
430	891
430	915
515	162
515	299
515	320
515	344
515	513
515	717
515	847
515	850
515	856
515	873
515	894
695	52
695	349
695	356
695	415
695	474
695	507
695	533
695	544
695	597
695	607
695	710
695	819
695	826
695	829
695	835
695	873
695	891
695	904
695	915
706	25
706	323
706	360
706	371
706	405
706	597
706	753
706	759
706	781
706	829
706	862
706	915
706	934
706	935
706	998
850	25
850	149
850	182
850	294
850	299
850	503
850	544
850	657
850	731
850	736
850	835
850	854
850	856
850	862
850	915
850	935
856	52
856	86
856	121
856	254
856	320
856	332
856	334
856	341
856	360
856	399
856	513
856	544
856	657
856	677
856	710
856	750
856	829
856	847
856	859
856	873
856	894
856	904
856	909
856	915
862	162
862	332
862	341
862	399
862	405
862	424
862	513
862	534
862	649
862	654
862	717
862	750
862	757
862	759
862	779
862	781
862	854
862	859
862	891
862	904
862	909
998	52
998	121
998	137
998	153
998	180
998	293
998	294
998	299
998	320
998	323
998	334
998	343
998	349
998	356
998	360
998	369
998	390
998	399
998	415
998	464
998	474
998	476
998	503
998	533
998	534
998	557
998	588
998	589
998	597
998	625
998	649
998	736
998	750
998	753
998	781
998	819
998	826
998	835
998	854
998	904
998	934
998	935
21	192
21	484
21	623
21	671
192	623
192	712
484	143
484	311
484	461
484	601
484	687
623	143
623	183
623	364
623	687
623	801
671	138
671	308
671	311
671	461
671	548
671	601
671	892
22	80
22	864
22	879
80	37
80	193
80	386
80	407
80	537
80	880
80	882
80	897
864	69
864	130
864	170
864	244
864	249
864	279
864	454
864	536
864	613
864	632
864	701
864	719
864	832
864	880
864	882
864	897
864	899
864	920
879	30
879	62
879	127
879	213
879	327
879	357
879	362
879	375
879	427
879	454
879	576
879	579
879	613
879	719
879	817
879	858
879	863
879	865
879	899
879	929
879	963
882	37
882	130
882	249
882	269
882	354
882	362
882	370
882	469
882	472
882	541
882	637
882	680
882	683
882	897
23	124
23	598
23	642
23	763
23	771
23	957
124	119
124	494
124	595
124	727
124	802
598	40
598	75
598	173
598	221
598	256
598	416
598	455
598	460
598	642
598	663
598	688
598	718
598	727
642	119
642	221
642	265
642	455
642	628
642	643
642	663
642	784
763	75
763	115
763	146
763	165
763	221
763	231
763	331
763	353
763	486
763	571
763	595
763	650
763	679
763	783
763	921
763	942
763	957
771	91
771	202
771	245
771	353
771	433
771	460
771	463
771	486
771	643
771	650
771	652
771	663
771	718
771	725
771	783
771	796
942	40
942	67
942	75
942	173
942	185
942	218
942	265
942	353
942	416
942	448
942	455
942	460
942	486
942	595
942	620
942	644
942	718
942	725
942	727
942	783
942	796
957	67
957	97
957	107
957	185
957	221
957	258
957	302
957	353
957	411
957	460
957	463
957	527
957	628
957	638
957	679
957	688
957	743
957	784
957	796
957	802
957	807
957	869
24	570
24	639
570	68
570	240
570	306
570	436
570	514
570	639
570	658
570	694
570	700
570	754
570	764
570	822
570	833
570	871
570	883
570	964
570	976
639	92
639	210
754	68
764	68
822	68
833	68
871	68
883	68
964	68
976	68
25	293
25	677
25	736
25	757
25	835
25	873
25	891
25	915
293	252
293	294
293	476
293	507
293	544
293	654
293	717
293	894
677	299
677	320
677	415
677	544
677	581
677	588
677	625
677	710
677	757
677	759
677	835
677	854
736	320
736	343
736	415
736	476
736	544
736	559
736	657
736	731
736	757
736	759
736	847
736	873
736	904
757	266
757	341
757	559
757	729
757	819
757	826
757	847
757	859
757	891
757	894
757	904
757	909
757	915
757	935
835	178
835	294
835	299
835	343
835	349
835	356
835	371
835	549
835	588
835	607
835	717
835	729
835	847
835	857
835	873
835	904
835	909
873	294
873	356
873	415
873	507
873	533
873	557
873	589
873	607
873	729
873	753
873	781
873	854
873	859
873	915
873	934
891	390
891	464
891	533
891	559
891	731
891	753
891	759
891	781
891	819
891	826
891	829
891	847
891	859
891	934
891	935
915	86
915	178
915	343
915	360
915	371
915	390
915	399
915	405
915	424
915	513
915	534
915	544
915	581
915	654
915	826
915	829
915	857
915	894
26	196
26	381
26	569
26	905
144	196
144	385
144	569
144	905
196	569
196	905
381	569
381	905
385	569
385	905
567	569
567	905
569	612
569	905
612	905
27	599
27	707
27	824
27	827
27	872
599	313
599	417
599	491
599	641
599	707
599	872
707	220
707	235
707	267
707	391
707	674
707	800
707	824
707	872
824	220
824	235
824	250
824	328
824	396
824	417
824	443
824	516
824	521
824	621
824	641
824	674
824	827
827	141
827	156
827	220
827	313
827	417
827	491
827	529
827	621
827	674
827	800
827	872
872	103
872	141
872	156
872	220
872	267
872	307
872	391
872	417
872	443
872	491
872	516
872	641
872	674
28	59
28	666
59	530
666	56
666	310
666	355
666	452
666	502
29	227
29	572
29	766
29	887
29	973
227	33
227	133
227	428
227	471
227	505
227	665
227	686
227	849
572	135
572	239
572	606
572	645
572	665
572	686
572	766
572	849
572	868
645	392
645	457
645	477
645	505
645	614
645	698
645	699
645	749
645	849
645	868
645	874
766	215
766	239
766	264
766	439
766	457
766	477
766	479
766	505
766	550
766	587
766	614
766	699
766	775
766	951
887	33
887	139
887	270
887	373
887	471
887	479
887	545
887	606
887	629
887	686
887	735
887	889
887	914
914	135
914	214
914	373
914	378
914	389
914	392
914	477
914	479
914	596
914	606
914	617
914	653
914	686
914	874
914	973
973	33
973	203
973	239
973	270
973	352
973	378
973	392
973	410
973	479
973	550
973	558
973	698
973	699
30	681
30	721
30	832
30	899
30	963
30	970
681	167
681	249
681	327
681	370
681	386
681	446
681	451
681	458
681	683
681	740
681	858
681	897
693	249
693	279
693	375
693	446
693	473
693	526
693	740
693	817
693	832
693	865
693	929
693	970
721	432
721	454
721	496
721	541
721	722
721	817
721	832
721	834
721	863
721	866
721	880
721	899
721	929
721	963
722	127
722	327
722	473
722	519
722	563
722	637
722	817
722	832
722	851
722	880
722	899
722	929
832	69
832	167
832	223
832	244
832	370
832	451
832	483
832	496
832	637
832	670
832	683
832	740
832	851
832	897
832	899
866	118
866	193
866	327
866	458
866	541
866	579
866	613
866	632
866	637
866	670
866	740
866	876
866	920
866	929
899	251
899	279
899	346
899	404
899	414
899	469
899	473
899	497
899	537
899	541
899	637
899	683
899	703
899	834
899	851
899	865
899	897
963	118
963	167
963	255
963	362
963	386
963	451
963	469
963	483
963	497
963	519
963	579
963	613
963	683
963	740
963	785
963	851
963	897
970	160
970	174
970	354
970	362
970	370
970	386
970	407
970	472
970	473
970	483
970	613
970	683
970	703
970	740
970	785
970	851
970	858
970	897
303	291
303	336
303	342
303	398
303	608
303	748
303	953
316	34
316	189
316	631
316	774
316	786
316	804
316	841
316	967
398	229
398	291
398	467
398	493
398	748
398	774
398	870
509	181
509	423
509	506
509	578
509	592
509	715
509	772
509	841
509	967
594	201
594	291
594	321
594	338
594	456
594	466
594	669
594	709
594	772
594	804
594	805
594	953
611	175
611	181
611	291
611	437
611	481
611	531
611	651
611	669
611	772
611	774
769	76
769	131
769	248
769	296
769	321
769	345
769	425
769	481
769	493
769	531
769	605
769	651
769	804
769	967
786	131
786	176
786	199
786	201
786	237
786	247
786	304
786	336
786	395
786	495
786	592
786	631
786	715
786	724
786	967
805	142
805	166
805	237
805	296
805	342
805	467
805	478
805	591
805	592
805	651
805	676
805	804
805	967
32	442
32	445
32	726
32	745
32	818
442	408
442	445
445	408
33	214
33	629
214	203
214	587
214	614
214	775
214	868
214	951
629	278
629	287
629	392
629	558
629	617
629	698
629	749
889	239
889	264
889	270
889	278
889	287
889	378
889	477
889	479
889	606
889	617
889	665
889	686
889	698
889	849
951	203
951	239
951	270
951	350
951	378
951	410
951	457
951	479
951	550
951	554
951	587
951	653
951	686
951	698
951	749
34	321
34	429
34	466
34	478
34	732
34	774
34	870
229	94
229	131
229	304
229	531
229	565
229	669
229	787
229	841
229	967
248	478
248	631
248	724
248	870
248	953
321	175
321	605
321	631
321	660
321	669
321	804
321	930
429	82
429	152
429	238
429	338
429	348
429	423
429	500
429	565
429	660
429	669
429	732
429	841
466	348
466	605
466	608
466	724
466	870
466	953
466	967
478	131
478	205
478	291
478	423
478	605
478	772
478	813
732	199
732	205
732	212
732	260
732	345
732	425
732	437
732	467
732	500
732	565
732	578
732	591
732	669
732	676
732	715
774	94
774	152
774	175
774	189
774	295
774	329
774	382
774	423
774	500
774	506
774	562
774	616
774	709
774	724
774	772
774	787
774	841
774	930
774	953
774	967
870	65
870	94
870	205
870	253
870	260
870	296
870	336
870	366
870	437
870	456
870	608
870	669
870	841
870	967
35	978
35	988
35	991
35	992
978	172
978	283
978	372
978	387
978	402
978	420
978	426
978	453
978	504
978	626
987	283
987	372
987	504
987	626
988	283
988	402
988	420
988	626
989	283
989	387
989	426
989	626
991	172
991	283
991	453
991	626
992	283
992	626
993	283
993	426
993	626
997	283
997	402
997	626
999	172
999	283
999	372
999	626
1000	283
1000	402
1000	626
36	828
36	830
36	842
36	960
36	983
36	986
36	990
36	994
36	995
36	996
828	46
828	73
828	102
828	263
828	289
828	300
828	365
828	421
828	593
828	624
828	630
828	662
828	697
828	723
828	960
830	46
830	73
830	102
830	263
830	289
830	300
830	365
830	421
830	593
830	624
830	630
830	662
830	697
830	723
830	733
830	960
842	46
842	73
842	102
842	263
842	289
842	300
842	365
842	421
842	593
842	624
842	630
842	662
842	697
842	960
960	46
960	73
960	102
960	263
960	289
960	300
960	365
960	421
960	593
960	624
960	630
960	662
960	697
960	723
960	733
960	756
960	780
960	983
960	986
960	990
960	994
960	995
960	996
983	46
983	73
983	102
983	263
983	624
986	46
986	263
986	300
986	365
986	624
990	73
990	102
990	624
994	300
994	421
994	624
995	73
995	102
995	300
995	624
996	46
996	102
996	624
37	354
37	432
37	458
37	637
37	785
37	876
354	251
354	468
354	472
354	632
354	865
354	897
354	920
354	929
432	357
432	427
432	458
432	472
432	497
432	563
432	858
458	249
458	362
458	483
458	703
458	834
458	897
637	357
637	454
637	483
637	576
637	683
785	127
785	170
785	193
785	370
785	404
785	414
785	472
785	489
785	496
785	497
785	563
785	648
785	701
785	719
785	740
785	863
785	880
876	127
876	223
876	346
876	375
876	407
876	414
876	632
876	648
876	703
876	740
876	834
876	851
876	920
38	220
38	313
38	641
220	313
220	800
313	63
641	156
641	307
641	491
641	621
641	800
39	95
39	105
39	277
95	105
95	120
95	257
95	276
95	277
95	450
95	564
95	708
95	809
105	277
120	96
120	277
257	96
257	277
276	96
276	277
277	88
277	96
277	450
277	564
277	708
277	809
450	96
450	290
564	96
708	96
809	96
40	218
40	258
40	595
40	807
40	921
218	246
218	411
218	460
218	508
218	582
218	620
218	783
258	116
258	486
258	718
258	727
258	796
595	107
595	448
595	527
595	571
595	582
595	638
595	718
595	747
595	802
807	75
807	91
807	99
807	150
807	164
807	187
807	217
807	351
807	463
807	571
807	869
921	67
921	107
921	146
921	165
921	202
921	217
921	221
921	302
921	486
921	508
921	571
921	650
921	652
921	663
921	718
921	784
41	84
41	93
41	234
41	840
84	93
84	234
84	640
84	840
93	234
93	640
93	840
234	640
234	840
640	840
251	719
251	863
251	865
834	69
834	118
834	130
834	160
834	167
834	170
834	223
834	244
834	454
834	472
834	489
834	497
834	537
834	648
834	678
834	703
834	880
43	60
44	836
44	985
89	836
89	985
836	985
45	86
45	294
45	534
45	557
45	597
45	826
45	857
45	909
45	935
86	137
86	254
86	544
86	557
86	829
86	934
294	180
294	503
294	854
294	904
294	909
294	935
534	507
534	533
534	589
534	750
534	829
534	847
534	859
557	254
557	299
557	323
557	507
557	559
557	625
557	657
557	829
557	847
557	854
597	171
597	266
597	464
597	588
597	649
597	710
597	781
597	894
597	909
826	52
826	171
826	343
826	399
826	474
826	507
826	607
826	654
826	781
826	819
826	857
826	894
847	52
847	137
847	299
847	344
847	399
847	405
847	476
847	503
847	729
847	750
847	779
847	857
847	909
857	182
857	299
857	323
857	334
857	369
857	464
857	507
857	581
857	710
857	731
857	781
857	854
857	934
909	153
909	182
909	252
909	280
909	299
909	360
909	371
909	474
909	503
909	589
909	710
909	819
909	934
935	121
935	162
935	254
935	266
935	323
935	343
935	356
935	369
935	405
935	424
935	503
935	549
935	581
935	588
935	657
935	753
935	829
935	894
47	79
47	108
47	224
79	145
79	438
79	523
108	272
108	438
108	447
108	555
224	555
447	53
447	169
523	53
523	438
523	555
547	70
49	664
664	128
664	151
664	198
664	271
664	298
664	394
664	401
664	465
664	492
664	575
664	602
664	746
664	773
664	797
664	799
664	848
664	886
664	939
664	948
664	959
746	243
746	394
746	465
746	575
773	243
773	394
773	465
773	575
797	243
797	394
797	465
797	575
799	243
799	394
799	465
799	575
848	243
848	394
848	465
848	575
886	243
886	394
886	465
886	575
939	243
939	394
939	465
939	575
948	243
948	394
948	465
948	575
959	243
959	394
959	465
959	575
50	361
50	367
50	622
361	54
361	622
367	285
367	435
622	285
622	292
682	285
682	292
778	285
778	292
812	285
812	292
831	285
831	292
861	285
861	292
945	285
945	292
971	285
971	292
51	104
51	633
51	655
51	673
51	675
51	765
104	552
104	618
104	673
633	281
633	301
633	480
633	520
633	535
633	538
633	684
633	705
633	788
655	449
655	482
655	532
655	535
655	552
655	584
655	619
655	673
655	684
655	821
673	61
673	301
673	449
673	538
673	584
673	675
673	705
673	776
673	788
673	821
675	159
675	241
675	480
675	538
675	552
675	619
675	705
675	765
765	241
765	347
765	449
765	480
765	482
765	532
765	552
765	584
765	684
765	821
52	211
52	349
52	657
52	710
211	415
211	581
211	781
211	854
211	894
349	121
349	149
349	153
349	266
349	544
349	649
349	759
349	779
581	171
581	334
581	464
581	731
581	819
581	829
657	182
657	344
657	464
657	503
657	533
657	710
657	854
710	158
710	180
710	299
710	332
710	334
710	341
710	625
710	649
710	717
710	753
710	934
53	324
53	555
324	114
324	272
324	438
555	114
54	551
551	113
551	122
551	292
56	452
56	530
452	310
452	403
452	502
530	87
530	502
57	465
465	492
465	524
465	575
465	602
58	800
621	63
621	141
621	267
621	307
621	516
621	674
621	800
800	63
800	328
800	383
800	443
800	491
800	521
800	529
61	449
61	552
61	584
61	684
449	347
449	480
449	520
449	535
449	584
449	788
449	821
552	159
552	532
552	538
552	684
552	705
552	788
584	347
584	482
584	705
584	776
584	788
584	821
684	315
684	480
684	482
684	532
684	535
684	619
684	788
684	821
62	526
62	632
62	858
62	865
62	920
526	193
526	213
526	269
526	427
526	579
526	670
526	740
526	858
526	880
632	255
632	817
632	851
632	865
632	897
858	167
858	174
858	193
858	213
858	318
858	375
858	468
858	473
858	576
858	579
858	635
858	648
858	670
858	851
858	863
858	880
858	929
863	127
863	170
863	174
863	223
863	404
863	406
863	427
863	469
863	472
863	496
863	648
863	703
863	897
865	213
865	327
865	468
865	469
865	489
865	496
865	536
865	537
865	635
865	648
865	680
865	740
920	167
920	244
920	346
920	362
920	375
920	404
920	406
920	537
920	563
920	613
920	683
920	703
920	740
920	851
267	307
267	391
65	345
65	495
65	565
65	715
65	748
65	787
345	304
345	329
345	462
345	500
345	813
495	201
495	260
495	304
495	348
495	437
495	592
495	787
495	953
565	175
565	247
565	342
565	456
565	493
565	562
565	813
565	930
565	953
565	967
715	205
715	238
715	291
715	338
715	382
715	437
715	953
715	967
748	82
748	176
748	329
748	342
748	348
748	395
748	462
748	592
748	651
748	787
748	804
748	813
748	967
787	142
787	152
787	176
787	247
787	260
787	304
787	342
787	437
787	467
787	493
787	591
787	841
787	967
66	112
66	134
66	206
66	219
66	273
66	309
66	540
66	586
112	273
112	540
134	273
134	540
206	273
206	540
219	273
219	540
273	309
273	540
273	586
309	540
540	586
67	99
67	638
67	718
99	221
99	455
99	463
99	577
99	582
99	802
638	97
638	119
638	173
638	185
638	331
638	351
638	411
638	448
638	527
638	582
718	173
718	187
718	256
718	302
718	448
718	463
718	652
718	727
718	869
68	700
69	406
69	563
406	318
406	357
406	451
406	483
406	648
563	407
563	446
563	489
563	670
563	719
563	851
817	269
817	375
817	469
817	483
817	537
817	648
817	703
817	897
929	174
929	255
929	279
929	414
929	451
929	472
929	483
929	519
929	537
929	613
929	740
929	851
70	114
114	438
71	145
71	169
74	548
74	801
548	461
548	712
801	138
801	140
801	308
801	384
801	413
801	461
892	140
892	148
892	183
892	308
892	687
75	679
75	784
652	231
652	508
652	527
652	679
652	743
652	784
679	116
679	165
679	246
679	411
679	571
679	620
679	688
679	802
679	869
784	116
784	146
784	202
784	455
784	463
784	582
784	650
784	725
784	743
784	783
76	462
76	605
76	660
76	669
76	930
76	967
462	181
462	189
462	253
462	531
462	676
462	953
605	131
605	253
605	336
605	506
605	578
605	772
605	804
605	841
605	930
660	131
660	199
660	238
660	591
660	592
660	651
660	709
660	841
669	94
669	175
669	176
669	329
669	493
669	592
669	616
669	631
669	841
669	930
669	953
930	175
930	181
930	205
930	253
930	295
930	338
930	382
930	456
930	608
930	651
930	709
930	724
930	953
967	94
967	131
967	142
967	166
967	201
967	295
967	304
967	329
967	336
967	342
967	348
967	366
967	423
967	481
967	562
967	578
967	591
967	608
967	616
967	676
967	724
967	772
967	813
967	841
967	953
77	687
687	140
687	143
687	200
687	308
687	601
712	138
712	186
712	308
438	272
193	174
193	327
193	680
193	880
386	255
386	536
386	648
386	670
407	357
407	451
407	473
407	541
407	670
537	279
537	318
537	327
537	497
537	536
880	118
880	213
880	483
880	519
880	541
880	680
880	703
880	740
880	897
897	118
897	167
897	244
897	454
897	519
897	678
897	740
278	428
278	439
278	457
278	471
278	596
278	686
457	106
457	505
457	550
457	596
457	698
457	749
457	849
545	168
545	550
545	554
545	698
545	775
545	868
653	106
653	139
653	373
653	428
653	558
653	617
653	735
653	868
735	135
735	350
735	352
735	373
735	378
735	392
735	410
735	439
735	606
735	614
735	698
874	203
874	264
874	287
874	350
874	373
874	389
874	410
874	558
874	587
874	699
874	749
874	775
82	238
82	253
82	676
82	709
82	813
238	437
238	804
253	176
253	425
253	456
578	176
578	205
578	237
578	336
578	456
578	724
578	772
578	804
676	152
676	205
676	237
676	260
676	295
676	506
676	531
676	772
709	166
709	176
709	205
709	295
709	338
709	481
709	493
709	591
709	631
709	651
709	724
813	199
813	205
813	338
813	342
813	348
813	423
813	437
813	591
813	616
83	126
83	161
83	261
83	340
123	126
123	261
123	418
126	161
126	261
126	319
126	340
126	418
126	647
161	319
261	319
261	418
85	132
85	308
85	364
132	760
308	601
364	760
760	148
760	183
760	186
760	384
137	424
137	533
137	717
137	750
254	180
254	341
254	369
254	476
254	854
544	121
544	390
544	625
544	649
544	654
544	779
544	829
829	153
829	162
829	252
829	280
829	323
829	344
829	390
829	405
829	533
829	654
829	717
829	894
829	934
934	153
934	162
934	252
934	332
934	341
934	371
934	424
934	474
934	513
934	607
934	649
934	654
934	717
934	753
934	779
934	781
934	904
88	96
91	107
91	460
91	527
91	582
91	620
91	643
107	644
460	116
460	231
460	351
460	783
460	796
527	146
527	187
527	217
527	582
527	620
527	727
582	245
582	246
582	265
582	620
582	628
582	644
582	650
620	116
620	119
620	185
620	246
620	727
643	97
643	115
643	146
643	411
643	448
643	644
643	661
643	688
92	658
94	201
94	506
201	562
506	295
506	425
506	562
506	651
506	804
506	841
97	577
97	650
97	661
97	663
97	688
97	783
577	119
577	173
577	416
577	448
577	743
650	111
650	256
650	351
650	353
650	628
650	644
650	663
650	743
650	747
661	187
661	202
661	221
661	231
661	265
661	353
661	486
661	688
661	725
663	231
663	455
663	508
663	869
688	115
688	164
688	185
688	208
688	245
688	628
688	747
783	111
783	116
783	187
783	433
783	571
98	397
397	195
397	317
221	433
221	494
221	725
455	217
455	416
455	725
455	727
463	164
463	231
463	494
463	725
463	747
463	802
802	111
802	187
802	245
802	302
802	331
802	411
802	433
802	448
802	644
802	869
100	535
100	618
100	776
100	788
535	241
535	482
535	520
535	532
618	232
618	241
618	281
618	705
618	776
618	821
776	159
776	301
776	520
776	788
776	821
788	241
788	281
788	315
788	482
788	619
788	705
788	821
821	232
821	281
821	347
821	482
821	538
821	619
103	383
103	491
103	674
383	216
383	417
383	521
491	391
491	521
674	216
674	328
674	396
674	529
106	215
106	410
106	505
106	554
106	868
215	287
215	699
215	868
410	264
410	471
410	587
410	617
410	749
410	868
505	439
505	587
505	699
505	749
505	775
505	849
554	203
554	350
554	558
554	587
554	614
554	617
554	749
554	849
554	868
868	139
868	264
868	373
868	439
868	596
644	119
644	256
644	265
644	302
644	416
644	448
644	508
644	628
644	743
644	747
109	752
744	154
744	441
744	573
744	603
752	441
752	573
752	603
474	158
474	717
474	729
474	731
474	779
474	854
474	894
507	178
507	654
507	729
507	753
507	854
507	859
819	153
819	158
819	332
819	559
819	589
819	625
819	750
819	759
819	779
819	904
854	320
854	343
854	344
854	476
854	549
854	625
854	717
854	729
854	894
894	344
894	503
894	513
894	559
894	589
894	607
894	625
894	729
894	731
904	334
904	356
904	369
904	503
904	731
904	759
904	781
904	859
111	208
111	796
111	869
208	164
208	185
208	353
208	727
208	747
796	164
796	217
796	416
796	727
796	743
869	115
869	116
869	150
869	164
869	202
869	265
869	331
869	486
869	571
869	725
869	743
869	747
113	539
539	122
539	163
539	285
539	292
580	163
580	285
580	292
116	727
727	494
727	508
727	725
727	747
117	125
117	191
117	194
117	236
117	242
117	259
117	274
117	393
117	470
117	512
117	518
125	191
125	236
125	242
191	274
191	393
194	242
194	259
194	470
236	242
236	274
242	259
259	274
118	346
118	489
118	496
346	127
346	496
489	362
489	414
489	468
489	472
489	497
489	701
489	740
496	127
496	174
496	446
496	541
496	670
119	173
173	725
173	743
121	464
121	549
121	607
121	859
464	171
464	360
464	371
464	717
464	779
549	266
549	356
549	424
549	513
549	729
549	753
549	779
549	859
607	182
607	280
607	323
607	390
607	588
607	654
607	759
607	779
859	158
859	280
859	334
859	343
859	356
859	476
859	589
494	185
494	187
494	302
494	416
494	486
494	571
494	743
127	683
683	167
683	357
683	370
683	613
683	678
683	703
683	719
683	851
128	575
575	198
575	298
575	394
575	492
575	524
575	602
129	400
129	525
129	910
129	936
207	400
207	525
207	910
207	936
339	400
339	525
339	910
339	936
400	525
400	910
400	936
525	910
525	936
910	936
130	174
130	370
130	519
130	678
174	519
174	541
370	375
370	427
370	536
370	576
519	160
519	170
519	472
519	648
519	678
519	851
678	170
678	362
678	414
678	446
678	454
678	469
678	473
678	613
131	199
131	616
131	841
199	423
199	500
199	953
616	260
616	366
616	423
616	500
616	562
616	608
616	804
616	841
841	247
841	291
841	425
841	467
841	591
133	168
133	270
133	617
133	665
133	749
133	849
168	439
168	614
168	665
270	596
270	686
270	749
617	350
617	479
617	614
617	665
617	699
665	373
665	389
665	550
665	587
665	849
749	352
749	428
749	471
749	550
749	587
749	606
749	699
749	849
849	287
849	378
849	389
849	392
849	477
849	479
849	550
849	558
849	698
135	606
135	698
428	264
428	352
428	479
606	352
606	378
606	392
606	775
698	352
698	373
698	389
698	558
698	596
698	686
424	360
424	405
424	759
533	405
533	476
533	588
717	162
717	371
717	559
717	729
717	781
750	162
750	320
750	341
750	589
750	753
138	186
139	471
139	596
471	550
471	558
471	596
471	775
596	550
596	699
596	775
142	152
142	175
142	260
142	423
142	437
142	456
152	166
152	260
152	953
175	166
175	481
260	166
260	336
423	291
423	295
423	531
437	296
437	336
437	608
437	724
437	804
456	338
456	366
456	467
456	500
456	562
631	295
631	425
631	591
631	608
631	772
631	953
694	204
148	601
601	311
601	384
149	182
149	654
149	753
153	320
153	360
182	299
182	415
182	649
654	334
654	369
654	371
654	759
654	779
729	343
729	344
729	503
729	649
753	162
753	280
753	371
753	476
753	779
753	781
759	178
759	334
759	390
759	513
759	559
150	165
150	302
150	725
165	743
302	256
302	331
302	571
725	353
151	401
166	304
166	562
562	212
562	425
562	500
562	531
953	304
953	338
953	348
953	425
953	493
953	651
360	171
360	371
360	589
360	625
155	290
155	498
155	560
184	290
184	498
184	560
290	498
290	560
498	560
448	508
448	743
158	559
158	649
158	781
559	266
559	323
559	369
559	399
649	252
649	323
649	356
649	625
649	781
781	252
781	280
781	334
781	415
781	588
159	301
159	482
159	705
301	281
301	315
482	480
482	532
482	538
705	281
705	315
705	480
705	532
160	244
160	318
160	414
160	536
244	255
244	279
244	719
318	427
318	454
414	249
414	255
414	357
414	635
414	740
536	223
536	404
536	451
536	473
164	433
164	571
164	628
433	628
571	743
628	202
628	351
628	353
628	411
628	486
628	743
486	743
743	217
743	231
304	291
304	348
304	804
338	493
338	772
167	375
375	404
375	635
719	223
719	269
719	469
719	541
439	352
439	550
439	587
439	699
614	203
614	392
686	587
686	699
170	613
613	279
171	399
399	731
172	962
962	283
962	372
962	387
962	402
962	420
962	426
962	453
962	504
962	626
541	473
541	670
481	295
481	342
481	348
481	591
481	651
481	804
176	366
366	329
366	395
366	493
366	592
177	667
177	974
444	667
444	974
667	974
178	779
779	252
779	334
779	369
779	503
179	305
179	380
179	499
179	888
233	305
233	380
233	499
233	888
305	190
305	275
305	282
305	359
305	363
305	380
305	412
305	499
305	656
305	888
305	980
359	380
359	499
359	888
363	380
363	499
363	888
380	190
380	275
380	282
380	412
380	499
380	656
380	888
380	980
412	499
412	888
499	190
499	275
499	282
499	656
499	888
499	980
656	888
888	190
888	275
888	282
888	980
180	405
180	513
405	344
405	589
405	731
513	266
513	323
181	395
181	772
181	804
395	237
395	247
395	296
395	467
591	342
591	425
591	467
591	500
591	651
591	804
772	329
772	348
772	382
772	608
772	804
804	237
804	382
804	425
804	467
804	608
299	332
183	384
384	200
384	413
187	353
353	331
353	508
189	205
189	296
189	500
189	531
296	382
296	531
296	608
500	291
500	493
531	336
531	608
680	451
680	472
680	670
680	851
197	322
197	325
197	487
197	566
197	646
197	808
322	325
322	487
322	566
322	646
322	808
322	922
322	941
322	947
322	982
325	487
325	566
325	646
325	808
487	808
566	808
646	808
808	922
808	941
808	947
808	982
336	329
336	592
202	217
217	256
203	389
389	378
389	775
204	436
747	331
209	459
209	502
459	310
459	355
502	286
502	355
212	467
212	651
212	724
651	247
651	425
724	237
724	295
724	329
724	493
213	454
213	576
213	701
454	255
701	279
701	357
701	446
701	451
701	579
587	350
775	264
775	350
775	392
775	477
287	558
287	699
558	378
699	264
216	521
521	417
521	516
246	245
246	331
411	331
508	416
252	356
371	588
589	280
589	356
589	390
589	588
589	731
223	362
223	635
362	635
635	269
635	404
635	446
635	468
635	483
635	579
635	851
225	409
231	416
416	245
232	347
347	619
235	250
235	396
235	529
396	328
396	391
237	329
237	382
329	342
382	592
243	492
243	524
243	602
492	394
524	394
602	394
279	703
249	468
249	473
249	740
468	404
468	740
473	404
473	446
473	451
473	648
740	446
740	670
740	703
356	266
341	332
341	731
369	332
476	731
262	403
263	756
263	780
756	289
756	300
756	365
756	421
756	593
756	624
756	630
756	662
756	697
756	723
756	733
756	780
780	289
780	300
780	365
780	421
780	593
780	624
780	630
780	662
780	697
780	723
780	733
266	332
266	731
731	280
307	443
391	516
625	280
625	588
269	427
269	579
427	357
579	703
281	538
283	950
283	952
950	372
950	387
950	402
950	420
950	426
950	453
950	504
950	609
950	626
952	372
952	387
952	402
952	420
952	426
952	453
952	504
952	609
952	626
550	373
550	477
285	292
285	435
292	435
286	310
288	510
289	733
733	300
733	365
733	421
733	593
733	624
733	630
733	662
733	697
733	723
291	592
503	343
503	344
295	342
295	348
720	441
720	573
720	603
315	520
315	619
311	413
413	461
520	480
520	619
619	532
323	344
851	670
350	479
479	477
352	477
472	497
472	670
689	441
689	573
689	603
365	723
723	421
723	593
723	624
723	630
723	662
723	697
372	855
855	387
855	402
855	420
855	426
855	453
855	504
855	609
855	626
374	514
404	670
648	446
648	469
670	483
420	795
795	426
795	453
795	504
795	609
795	626
795	777
421	697
697	593
697	624
697	630
697	662
497	469
441	692
692	573
692	603
485	603
603	573
603	615
504	777
777	609
777	626
573	615
593	624
593	630
593	662
624	630
624	662
630	662
609	626
#End Newborn Edges

*Degree Changed Nodes
957	28	43
798	27	17
846	30	16
901	35	16
917	36	17
949	36	17
958	36	17
967	36	44
969	36	16
977	36	17
984	36	17
689	21	20
793	26	25
815	26	25
820	26	25
823	26	25
852	26	25
867	26	25
877	26	25
890	26	25
144	11	8
261	12	8
381	14	8
385	14	8
418	15	8
567	18	8
612	18	8
647	18	8
691	22	16
836	29	3
840	30	5
13	10	3
422	15	14
553	17	14
565	17	18
569	17	8
740	17	24
966	40	39
666	20	21
853	23	25
881	23	25
900	23	25
910	23	6
928	23	25
932	23	25
938	23	25
591	17	19
608	17	19
905	17	8
972	25	27
20	7	10
64	7	10
97	8	10
177	7	3
277	7	12
283	7	13
444	7	3
491	7	16
754	24	25
764	24	25
822	24	25
833	24	25
871	24	25
883	24	25
964	24	25
965	24	25
976	24	25
540	17	8
888	34	13
936	40	6
26	10	8
319	12	8
975	45	43
816	22	11
922	22	10
927	22	11
941	22	10
947	22	10
960	22	27
968	22	11
979	22	11
981	22	11
982	22	10
525	17	6
131	10	11
986	48	27
987	48	27
989	48	27
990	48	27
993	49	27
995	49	27
997	50	27
999	50	27
1000	50	27
517	16	14
257	11	12
276	11	12
450	11	13
564	11	12
708	11	12
809	11	12
41	2	5
150	2	11
640	3	5
179	11	10
233	11	12
275	11	12
282	11	12
322	11	10
359	11	13
363	11	13
412	11	13
656	11	13
980	11	13
110	3	11
126	3	8
985	48	3
988	48	27
991	48	27
994	49	27
667	21	3
746	22	24
773	22	24
797	22	24
799	22	24
848	22	24
886	22	24
939	22	24
948	22	24
959	22	24
682	22	20
778	22	20
808	22	10
812	22	20
831	22	20
861	22	20
945	22	20
971	22	20
55	9	10
535	17	16
60	10	9
66	10	8
604	19	16
690	22	17
71	9	10
992	48	27
996	50	27
146	10	11
77	10	9
810	27	16
83	10	8
123	11	8
84	10	5
90	3	10
155	3	4
184	3	4
273	3	8
93	10	5
112	9	8
134	9	8
206	9	8
219	9	8
309	9	8
452	9	15
544	9	17
560	9	4
586	9	8
522	17	16
720	23	21
236	12	11
242	12	11
393	14	11
470	15	11
512	16	11
518	16	11
570	16	18
804	16	27
161	11	8
196	11	8
340	13	8
124	11	10
259	12	11
274	12	11
129	4	6
207	5	6
305	4	13
339	4	6
348	4	13
742	24	16
147	11	10
368	14	3
190	10	11
197	11	10
818	21	11
325	13	10
443	14	15
234	12	5
499	16	13
260	7	12
292	7	13
355	7	13
379	7	14
437	7	15
479	7	16
498	7	4
603	7	18
524	15	17
400	14	6
286	13	12
583	16	18
639	18	20
983	47	27
290	13	5
726	19	11
745	20	11
492	14	16
317	13	11
561	18	17
610	19	17
380	14	13
397	14	13
511	16	15
401	13	14
530	15	17
408	14	10
646	18	10
409	14	12
590	19	17
514	15	16
442	15	11
566	17	10
445	15	11
459	14	15
624	19	18
487	15	10
546	17	14
626	18	17
593	19	18
962	35	26
978	35	27
609	19	17
630	20	18
950	33	25
634	2	3
790	2	3
974	2	3
662	21	18
952	32	25
697	22	19
855	31	24
723	23	20
842	30	27
733	24	22
828	29	27
756	25	23
830	28	27
777	26	18
780	26	23
795	25	21
