*Disappearing Nodes
#End Disappearing Nodes

*Newborn Nodes
#End Newborn Nodes

*Disappearing Edges
1	774
1	786
1	787
1	794
1	796
1	813
1	921
1	943
253	605
253	616
253	651
253	772
253	820
253	845
253	870
253	890
253	907
253	946
774	67
774	91
774	93
774	238
774	295
774	316
774	376
774	398
774	426
774	605
774	611
774	616
774	627
774	643
774	676
774	696
774	804
774	820
774	907
774	955
774	980
786	34
786	176
786	229
786	230
786	366
786	382
786	425
786	512
786	531
786	562
786	638
786	659
786	715
786	755
786	767
786	772
786	787
786	794
786	805
786	845
786	870
786	930
786	943
787	48
787	116
787	142
787	157
787	238
787	259
787	336
787	338
787	382
787	462
787	506
787	562
787	578
787	659
787	755
787	791
787	967
794	34
794	212
794	398
794	423
794	456
794	462
794	466
794	508
794	578
794	751
794	791
794	805
794	875
794	907
794	937
794	946
794	967
794	980
796	131
796	199
796	256
796	291
796	336
796	463
796	467
796	578
796	582
796	586
796	611
796	638
796	661
796	715
796	718
796	803
796	804
796	805
796	967
813	31
813	67
813	116
813	117
813	201
813	296
813	303
813	353
813	398
813	423
813	426
813	460
813	466
813	506
813	592
813	676
813	755
813	769
813	805
813	937
921	34
921	91
921	93
921	166
921	187
921	231
921	291
921	366
921	395
921	429
921	447
921	456
921	478
921	481
921	586
921	592
921	594
921	643
921	676
921	718
921	769
921	845
921	875
921	907
921	943
921	961
921	967
943	34
943	157
943	181
943	199
943	230
943	237
943	238
943	335
943	366
943	398
943	423
943	429
943	460
943	467
943	531
943	578
943	582
943	643
943	644
943	651
943	661
943	709
943	743
943	751
943	803
943	805
943	845
943	946
961	23
961	91
961	142
961	205
961	256
961	259
961	291
961	295
961	321
961	338
961	381
961	395
961	398
961	437
961	462
961	481
961	518
961	531
961	592
961	594
961	616
961	651
961	661
961	732
961	743
961	772
961	870
961	930
961	937
961	946
961	980
2	673
2	776
63	673
63	776
196	673
196	776
488	673
488	776
520	673
520	776
601	673
601	776
636	673
636	776
673	776
673	925
776	925
3	99
3	134
3	384
3	452
3	461
3	790
3	909
99	384
99	452
99	461
134	384
134	452
134	461
384	452
384	461
384	790
384	909
452	461
452	790
452	909
461	790
461	909
909	916
4	111
4	298
4	494
4	892
111	411
111	416
111	663
111	688
111	730
111	741
111	838
298	119
298	125
298	146
298	165
298	246
298	486
298	679
298	771
411	119
411	124
411	173
411	628
411	671
411	688
411	802
411	838
411	892
494	119
494	125
494	185
494	470
494	486
494	595
494	663
494	671
494	730
494	747
494	771
494	802
494	814
494	838
494	869
631	40
631	119
631	146
631	470
631	480
631	486
631	527
631	671
631	679
631	688
631	747
631	771
631	814
688	146
688	331
688	433
688	470
688	486
688	571
688	595
688	663
688	771
741	40
741	97
741	173
741	218
741	265
741	571
741	671
741	892
747	97
747	119
747	218
747	236
747	246
747	416
747	527
747	571
747	671
747	730
869	97
869	146
869	150
869	173
869	236
869	486
869	527
869	571
869	671
869	771
869	838
892	97
892	124
892	571
892	663
892	671
892	730
5	38
5	235
5	491
5	521
5	711
5	919
5	940
38	621
38	824
38	872
38	940
235	27
235	396
235	707
235	824
235	827
235	872
491	328
491	455
491	490
491	504
491	891
521	27
521	59
521	220
521	490
521	707
521	827
711	59
711	103
711	297
711	383
711	391
711	504
711	599
711	674
872	112
872	216
872	328
872	516
872	707
891	27
891	216
891	490
891	504
891	560
891	674
891	707
891	898
891	911
898	112
898	141
898	307
898	516
898	599
898	707
919	156
919	490
919	504
919	707
919	800
919	940
940	504
940	707
6	72
6	312
6	807
6	948
72	277
72	553
72	652
72	948
277	312
277	807
277	948
312	553
312	652
312	948
553	807
553	948
652	807
652	948
807	948
7	135
7	169
7	300
7	301
7	392
7	600
7	953
7	986
7	993
135	270
135	428
135	629
135	762
135	889
135	951
135	973
135	986
169	301
169	528
169	713
169	762
169	843
169	849
169	933
169	951
169	987
300	258
300	389
300	457
300	528
300	606
300	645
300	713
300	775
300	849
300	973
300	987
301	96
301	214
301	350
301	358
301	523
301	558
301	699
301	766
301	843
301	996
392	214
392	358
392	438
392	443
392	457
392	471
392	815
392	889
392	972
392	975
600	60
600	70
600	275
600	358
600	389
600	546
600	606
600	666
600	782
600	887
600	889
600	895
600	944
600	993
782	19
782	96
782	287
782	368
782	397
782	438
782	443
782	542
782	564
782	587
782	614
782	645
782	653
782	713
782	766
782	849
782	889
782	895
782	944
782	986
953	79
953	81
953	96
953	114
953	133
953	239
953	258
953	272
953	284
953	305
953	337
953	352
953	368
953	408
953	410
953	434
953	457
953	471
953	587
953	609
953	653
953	685
953	705
953	713
953	735
953	761
953	815
953	914
953	951
953	973
953	987
986	60
986	79
986	106
986	114
986	139
986	270
986	275
986	337
986	523
986	528
986	558
986	569
986	585
986	606
986	629
986	645
986	666
986	705
986	735
986	761
986	766
986	843
986	849
986	914
986	972
986	973
986	975
986	987
993	139
993	168
993	214
993	227
993	272
993	324
993	337
993	350
993	443
993	471
993	485
993	523
993	596
993	606
993	609
993	617
993	653
993	666
993	685
993	686
993	766
993	843
993	874
993	889
993	987
8	363
8	841
120	247
120	363
120	841
233	247
233	363
233	841
282	247
282	363
282	841
359	247
359	363
359	841
363	61
363	190
363	247
363	380
363	412
363	656
363	692
363	725
363	841
412	841
656	247
656	841
692	247
692	841
725	247
725	841
841	43
841	61
841	190
841	247
841	380
9	489
9	648
9	821
9	832
9	867
9	906
9	956
9	970
489	223
489	354
489	367
489	468
489	473
489	551
489	680
489	816
489	834
489	879
489	893
648	50
648	255
648	354
648	658
648	678
648	681
648	722
648	739
648	876
648	879
648	882
648	893
648	912
821	22
821	69
821	163
821	292
821	419
821	445
821	468
821	536
821	678
821	683
821	812
821	832
821	867
821	920
821	927
821	956
821	970
832	80
832	122
832	193
832	326
832	367
832	432
832	472
832	551
832	579
832	680
832	726
832	816
832	876
832	879
832	882
832	912
867	13
867	127
867	194
867	244
867	279
867	315
867	432
867	445
867	563
867	658
867	680
867	681
867	722
867	726
867	816
867	858
867	876
867	893
876	22
876	80
876	318
876	419
876	446
876	526
876	536
876	675
876	680
876	683
876	684
876	703
876	906
876	945
876	956
876	970
876	981
893	80
893	326
893	419
893	454
893	468
893	536
893	551
893	618
893	635
893	681
893	812
893	927
893	945
893	981
906	50
906	69
906	170
906	193
906	194
906	255
906	315
906	357
906	451
906	472
906	473
906	526
906	579
906	681
906	703
906	722
906	795
906	816
906	858
906	912
956	122
956	170
956	174
956	193
956	223
956	279
956	315
956	357
956	432
956	445
956	451
956	472
956	473
956	548
956	551
956	574
956	579
956	658
956	680
956	726
956	795
956	834
956	858
956	912
970	174
970	194
970	255
970	357
970	445
970	548
970	551
970	563
970	579
970	658
970	680
970	703
970	722
970	816
970	858
970	879
970	882
10	341
10	513
10	649
10	770
10	835
10	854
10	873
10	908
10	915
10	934
341	252
341	334
341	534
341	544
341	556
341	710
341	750
341	753
341	757
341	759
341	857
341	862
513	344
513	533
513	544
513	554
513	588
513	757
513	857
513	894
513	904
513	934
513	979
649	149
649	153
649	285
649	334
649	344
649	349
649	360
649	515
649	549
649	654
649	677
649	698
649	757
649	857
649	878
649	935
770	20
770	52
770	252
770	257
770	294
770	332
770	333
770	349
770	476
770	534
770	589
770	597
770	657
770	677
770	695
770	856
770	926
770	935
770	979
835	12
835	25
835	180
835	349
835	371
835	464
835	559
835	568
835	607
835	625
835	654
835	657
835	717
835	736
835	826
835	850
835	873
835	894
835	915
854	12
854	25
854	52
854	222
854	266
854	285
854	371
854	405
854	476
854	533
854	554
854	556
854	588
854	625
854	706
854	731
854	850
854	859
854	873
854	934
854	935
873	110
873	149
873	254
873	299
873	323
873	332
873	333
873	474
873	534
873	554
873	589
873	597
873	607
873	654
873	716
873	736
873	759
873	781
873	847
873	850
873	859
873	878
908	52
908	149
908	153
908	171
908	252
908	254
908	257
908	280
908	344
908	349
908	356
908	365
908	515
908	533
908	607
908	654
908	677
908	695
908	717
908	737
908	753
908	819
908	829
908	862
908	904
908	934
908	979
915	20
915	144
915	182
915	211
915	268
915	280
915	293
915	356
915	369
915	371
915	568
915	710
915	736
915	737
915	819
915	829
915	850
915	859
915	904
915	979
934	144
934	211
934	254
934	257
934	294
934	343
934	349
934	369
934	424
934	474
934	476
934	549
934	557
934	581
934	597
934	625
934	654
934	710
934	716
934	717
934	731
934	781
934	819
934	856
934	862
934	878
11	633
11	694
11	704
11	810
11	846
11	871
11	969
633	68
633	195
633	203
633	498
633	604
633	620
633	694
633	754
633	833
694	306
694	436
694	440
694	475
694	498
694	510
694	514
694	561
694	604
694	620
694	639
694	704
694	754
694	810
694	833
694	871
694	964
694	969
694	974
694	976
704	78
704	90
704	195
704	240
704	374
704	475
704	754
704	810
704	833
704	964
704	974
810	68
810	240
810	306
810	374
810	436
810	510
810	514
810	522
810	561
810	700
810	833
846	47
846	203
846	436
846	440
846	499
846	514
846	561
846	604
846	620
846	833
871	78
871	90
871	195
871	436
871	440
871	475
871	498
871	499
871	522
871	639
871	700
964	47
964	68
964	306
964	374
964	510
969	47
969	203
969	620
969	974
974	47
974	604
976	68
976	78
976	240
976	436
976	440
976	514
976	522
12	211
12	405
12	625
12	753
12	781
12	862
12	878
211	46
211	121
211	137
211	252
211	293
211	695
211	850
405	254
405	285
405	356
405	399
405	474
405	533
405	717
405	826
405	859
625	45
625	294
625	430
625	474
625	533
625	556
625	710
625	753
625	847
625	856
625	904
753	153
753	294
753	360
753	365
753	399
753	424
753	557
753	589
753	597
753	607
753	717
753	894
753	904
781	20
781	52
781	153
781	222
781	268
781	280
781	293
781	332
781	349
781	474
781	503
781	716
781	717
781	757
781	819
781	847
781	856
781	926
862	20
862	45
862	162
862	333
862	356
862	533
862	544
862	589
862	677
862	698
862	706
862	737
862	819
862	904
878	20
878	121
878	144
878	162
878	257
878	285
878	299
878	344
878	360
878	390
878	503
878	549
878	588
878	607
878	706
878	710
878	717
878	759
878	850
878	935
878	979
935	20
935	46
935	86
935	137
935	180
935	285
935	293
935	343
935	360
935	476
935	533
935	657
935	698
935	717
935	736
935	750
935	819
935	847
13	174
13	194
13	468
13	618
13	858
13	927
13	981
174	419
174	536
174	548
174	579
174	678
174	680
174	834
194	318
194	563
194	675
194	726
194	879
194	882
194	945
468	446
468	563
468	574
468	680
468	795
468	858
468	882
468	912
618	22
618	69
618	122
618	160
618	223
618	244
618	279
618	472
618	579
618	879
618	912
858	122
858	127
858	193
858	292
858	367
858	419
858	454
858	635
858	675
858	927
879	160
879	163
879	292
879	326
879	354
879	367
879	473
879	526
879	551
879	681
879	683
879	727
879	816
879	927
927	170
927	193
927	244
927	315
927	451
927	472
927	473
927	574
927	579
927	658
927	680
927	681
927	726
927	795
927	816
927	882
927	912
981	170
981	193
981	255
981	315
981	357
981	432
981	445
981	446
981	451
981	472
981	548
981	680
981	681
981	703
981	722
981	726
981	795
981	816
981	834
981	882
14	191
14	210
14	672
191	210
191	274
191	394
191	672
210	274
210	672
274	672
15	152
15	448
15	643
15	659
15	743
15	870
15	930
15	980
152	456
152	605
152	616
152	820
152	907
152	980
448	82
448	202
448	456
448	531
448	562
448	608
448	644
448	669
448	696
448	732
448	767
448	980
591	117
591	175
591	248
591	348
591	426
591	429
591	531
591	562
591	605
591	608
591	651
591	660
591	669
591	769
591	804
643	93
643	256
643	260
643	291
643	351
643	376
643	382
643	437
643	661
643	772
643	805
643	885
643	907
643	967
659	295
659	335
659	351
659	376
659	377
659	467
659	481
659	506
659	512
659	578
659	582
659	724
659	791
659	980
743	31
743	48
743	58
743	296
743	302
743	366
743	478
743	506
743	508
743	531
743	642
743	676
743	732
743	772
743	791
743	820
743	875
743	955
870	116
870	117
870	131
870	157
870	175
870	302
870	335
870	382
870	478
870	509
870	642
870	661
870	715
870	748
870	791
870	875
870	930
870	946
870	955
930	31
930	166
930	176
930	187
930	199
930	260
930	335
930	348
930	381
930	437
930	466
930	506
930	512
930	608
930	669
930	696
930	748
930	751
930	772
930	791
930	804
930	946
955	34
955	93
955	116
955	175
955	176
955	187
955	230
955	237
955	256
955	303
955	304
955	335
955	353
955	437
955	447
955	518
955	592
955	660
955	676
955	715
955	751
955	755
955	769
955	805
955	875
980	23
980	82
980	175
980	176
980	181
980	187
980	201
980	202
980	212
980	229
980	242
980	296
980	342
980	425
980	463
980	467
980	508
980	586
980	594
980	608
980	642
980	661
980	676
980	724
980	732
980	755
980	772
980	820
980	890
16	646
16	860
16	900
16	965
16	992
646	26
646	28
646	123
646	178
646	209
646	262
646	355
646	361
646	459
646	583
646	900
830	26
830	178
830	209
830	361
830	459
830	860
830	900
830	965
860	26
860	28
860	123
860	178
860	355
860	361
860	459
860	900
860	924
881	123
881	178
881	209
881	262
881	355
881	361
881	900
881	960
900	26
900	28
900	123
900	178
900	209
900	262
900	355
900	361
900	459
900	583
900	924
900	960
900	965
900	992
900	995
924	26
924	28
924	178
924	355
924	459
960	26
960	178
960	355
960	361
965	355
992	123
992	361
995	262
995	459
17	258
17	438
17	525
17	587
17	609
17	758
17	843
17	914
258	324
258	434
258	505
258	685
258	699
258	749
258	951
258	996
438	60
438	214
438	546
438	569
438	685
438	749
438	762
438	849
438	868
438	975
439	278
439	352
439	368
439	587
439	596
439	705
439	973
439	975
525	33
525	81
525	128
525	215
525	227
525	239
525	410
525	735
525	868
525	874
525	895
525	972
525	996
587	79
587	106
587	168
587	215
587	221
587	457
587	572
587	686
587	735
587	874
587	996
609	33
609	378
609	485
609	558
609	564
609	666
609	762
609	763
609	874
609	877
609	914
609	951
609	996
758	60
758	139
758	264
758	284
758	287
758	397
758	505
758	606
758	699
758	763
758	766
758	849
758	868
758	874
758	951
758	975
758	987
758	996
843	128
843	139
843	337
843	408
843	457
843	471
843	493
843	629
843	735
843	749
843	815
843	849
843	874
843	887
843	889
843	895
843	987
914	71
914	106
914	129
914	278
914	305
914	410
914	441
914	505
914	528
914	564
914	569
914	617
914	653
914	691
914	699
914	763
914	815
914	874
914	877
914	944
987	24
987	71
987	114
987	221
987	278
987	287
987	324
987	378
987	493
987	523
987	542
987	564
987	572
987	585
987	606
987	653
987	685
987	699
987	705
987	713
987	749
987	944
18	287
18	408
18	686
18	762
18	868
18	933
18	972
18	996
287	653
287	762
287	815
287	889
287	951
287	975
408	133
408	227
408	378
408	815
408	868
408	975
408	996
686	24
686	133
686	278
686	352
686	358
686	368
686	441
686	528
686	585
686	877
686	887
686	889
686	972
686	973
686	975
762	19
762	106
762	114
762	168
762	270
762	352
762	368
762	410
762	441
762	528
762	542
762	705
762	735
762	761
762	877
762	887
762	933
762	972
762	973
868	106
868	108
868	133
868	214
868	239
868	305
868	350
868	505
868	617
868	749
868	766
868	849
868	877
868	887
868	951
868	996
933	60
933	70
933	81
933	168
933	278
933	324
933	368
933	457
933	485
933	546
933	569
933	572
933	585
933	596
933	606
933	666
933	685
933	749
933	815
933	944
933	951
933	996
944	19
944	33
944	60
944	70
944	114
944	284
944	337
944	352
944	389
944	441
944	443
944	542
944	546
944	606
944	653
944	713
944	761
944	763
944	951
972	24
972	79
972	81
972	96
972	108
972	278
972	397
972	443
972	542
972	558
972	585
972	596
972	629
972	645
972	665
972	735
972	749
972	761
972	766
972	775
972	877
972	889
972	951
972	996
996	33
996	70
996	221
996	278
996	284
996	337
996	358
996	389
996	528
996	585
996	617
996	629
996	665
996	666
996	685
996	691
996	705
996	849
996	951
19	270
19	368
19	505
19	569
19	877
19	887
270	505
270	523
270	763
270	849
270	973
368	350
368	546
368	572
368	713
368	775
368	815
368	951
505	33
505	221
505	428
505	528
505	564
505	629
505	653
505	895
569	108
569	139
569	350
569	564
569	572
569	685
569	749
569	877
569	895
569	951
766	70
766	215
766	378
766	542
766	735
766	749
766	761
766	951
766	975
877	96
877	108
877	129
877	264
877	324
877	350
877	373
877	434
877	443
877	485
877	528
877	542
877	572
877	606
877	617
877	685
877	699
877	749
877	763
877	895
887	114
887	133
887	139
887	221
887	324
887	373
887	378
887	389
887	558
887	606
887	614
887	617
887	629
887	685
887	691
887	705
887	713
887	735
887	763
887	874
887	889
20	677
20	698
20	710
20	750
677	46
677	110
677	323
677	343
677	344
677	399
677	544
677	554
677	695
677	750
677	757
677	904
677	926
698	137
698	180
698	285
698	344
698	349
698	356
698	556
698	597
698	607
698	706
698	736
698	737
698	750
698	826
698	829
698	859
698	904
698	979
710	110
710	144
710	371
710	390
710	549
710	568
710	589
710	717
710	857
750	144
750	293
750	294
750	424
750	515
750	588
750	597
750	607
750	657
750	731
750	829
750	847
750	979
21	192
21	364
21	806
21	913
21	916
21	942
21	971
192	339
192	768
192	806
192	905
192	916
192	923
364	140
364	311
364	339
364	768
364	806
364	905
364	916
364	923
768	77
768	183
768	330
768	806
768	913
768	916
768	942
768	971
806	77
806	85
806	140
806	183
806	311
806	330
806	339
806	905
806	913
806	916
806	923
806	942
806	971
905	77
905	183
905	330
905	913
905	916
905	942
905	971
913	77
913	85
913	140
913	311
913	339
913	916
913	923
916	77
916	85
916	140
916	183
916	311
916	330
916	339
916	923
916	942
916	971
923	77
923	183
923	330
923	942
923	971
942	77
942	85
942	140
942	311
942	339
971	77
971	85
971	140
971	311
971	339
22	472
22	681
22	683
22	703
472	279
472	446
472	684
472	816
472	945
681	69
681	193
681	446
681	536
681	563
681	579
681	675
681	812
683	113
683	122
683	223
683	318
683	451
683	563
683	579
683	703
683	726
683	834
683	882
703	354
703	536
703	675
703	678
703	684
703	726
703	739
703	795
703	920
703	945
945	50
945	113
945	170
945	223
945	244
945	279
945	357
945	446
945	451
945	473
945	548
945	563
945	574
945	834
945	912
23	117
23	260
23	336
23	478
23	644
23	718
23	804
117	205
117	230
117	237
117	336
117	512
260	65
260	82
260	395
260	398
260	426
260	875
260	885
336	256
336	295
336	348
336	605
336	709
336	748
336	803
336	885
478	229
478	248
478	259
478	395
478	425
478	562
478	582
478	616
478	791
644	58
644	230
644	231
644	429
644	431
644	456
644	509
644	562
644	586
644	611
644	769
644	791
644	803
718	212
718	302
718	316
718	353
718	398
718	437
718	462
718	509
718	562
718	642
718	669
718	709
718	715
718	783
718	946
804	131
804	205
804	237
804	242
804	256
804	342
804	351
804	376
804	518
804	578
804	582
804	627
804	676
804	751
804	907
804	937
804	967
24	221
24	337
24	523
24	614
24	629
24	951
221	129
221	434
221	558
221	815
337	471
337	523
337	691
337	735
337	874
337	889
523	389
523	410
523	493
523	542
523	596
523	665
523	874
523	951
614	106
614	114
614	214
614	389
614	441
614	443
614	685
614	895
614	973
629	128
629	215
629	378
629	705
629	749
629	951
629	973
629	975
951	33
951	70
951	129
951	139
951	324
951	441
951	542
951	572
951	645
951	685
951	761
951	763
951	889
25	171
25	464
25	554
25	757
25	850
25	856
25	926
171	137
171	222
171	503
171	731
171	737
171	819
171	847
464	45
464	153
464	182
464	257
464	268
464	371
464	424
464	544
464	559
464	731
554	252
554	280
554	343
554	344
554	736
554	757
554	894
757	162
757	222
757	356
757	607
757	716
757	736
757	759
757	829
757	850
757	857
757	894
850	46
850	86
850	110
850	222
850	257
850	333
850	343
850	360
850	424
850	533
850	549
850	556
850	557
850	588
850	657
850	759
850	829
850	859
850	894
850	904
850	926
850	979
856	45
856	149
856	162
856	356
856	371
856	390
856	399
856	430
856	556
856	559
856	589
856	657
856	737
856	847
856	859
856	894
856	904
926	45
926	46
926	121
926	293
926	299
926	360
926	399
926	474
926	507
926	533
926	581
926	597
926	736
926	737
27	824
27	918
27	931
824	103
824	220
824	307
824	391
824	406
824	504
824	529
824	707
911	391
911	396
911	504
911	674
911	707
911	800
918	112
918	328
918	396
918	504
918	707
931	156
931	383
931	504
931	560
931	707
29	797
664	492
664	797
746	492
746	797
764	492
764	797
797	57
797	151
797	200
797	234
797	271
797	394
797	421
797	465
797	492
797	524
797	575
797	602
797	640
797	799
797	822
797	886
797	939
797	959
797	998
799	492
822	492
886	492
939	492
959	492
998	492
30	386
30	537
30	539
30	624
30	637
30	851
30	865
30	899
30	954
30	963
386	32
386	362
386	442
386	537
386	580
386	637
386	745
386	852
386	861
386	864
386	865
386	954
537	208
537	458
537	532
537	539
537	576
537	580
537	851
537	852
537	864
537	866
537	896
537	899
537	929
539	32
539	346
539	362
539	404
539	414
539	496
539	535
539	584
539	622
539	785
539	837
539	865
539	899
539	963
624	269
624	497
624	584
624	622
624	637
624	745
624	778
624	779
624	817
624	831
624	837
624	861
624	963
637	42
637	54
637	118
637	249
637	362
637	458
637	632
637	693
637	740
637	778
637	811
637	954
851	414
851	435
851	442
851	532
851	584
851	701
851	729
851	734
851	745
851	785
851	811
851	817
851	831
865	42
865	213
865	327
865	347
865	404
865	435
865	483
865	497
865	535
865	541
865	576
865	622
865	719
865	778
865	788
865	818
865	896
899	130
899	167
899	327
899	346
899	407
899	427
899	435
899	584
899	632
899	701
899	729
899	740
899	817
899	818
899	852
899	863
899	884
899	897
899	929
954	213
954	232
954	497
954	519
954	580
954	701
954	778
954	779
954	788
954	837
954	852
954	861
954	864
963	54
963	66
963	213
963	232
963	241
963	404
963	435
963	613
963	622
963	632
963	701
963	719
963	779
963	880
31	263
31	426
31	592
31	661
31	967
263	93
263	379
263	381
263	508
263	578
263	582
263	676
263	724
263	890
263	937
426	248
426	429
426	437
426	509
426	769
426	803
426	875
592	157
592	231
592	248
592	379
592	500
592	531
592	562
592	608
592	611
592	696
592	791
661	67
661	115
661	157
661	166
661	291
661	295
661	423
661	437
661	696
661	767
661	769
661	885
967	82
967	91
967	199
967	229
967	238
967	256
967	351
967	353
967	377
967	379
967	382
967	395
967	423
967	429
967	456
967	586
967	709
967	715
967	732
967	751
967	755
967	769
967	820
967	937
32	241
32	483
32	721
32	789
32	880
32	896
32	897
241	327
241	632
241	719
241	721
241	729
241	778
241	779
241	785
241	861
483	54
483	362
483	469
483	497
483	519
483	668
483	701
483	778
483	811
483	866
483	880
483	929
721	42
721	167
721	208
721	269
721	362
721	435
721	668
721	693
721	745
721	778
721	811
721	818
721	884
721	929
789	213
789	249
789	404
789	407
789	532
789	632
789	693
789	719
789	734
789	863
789	864
789	880
789	896
880	42
880	130
880	269
880	346
880	362
880	442
880	532
880	541
880	613
880	622
880	693
880	745
880	778
880	785
880	811
880	817
896	66
896	130
896	327
896	385
896	414
896	496
896	576
896	668
896	701
896	778
896	785
896	837
896	852
896	861
896	929
897	167
897	427
897	442
897	496
897	580
897	622
897	670
897	701
897	719
897	745
897	811
897	818
897	837
897	864
897	929
929	42
929	118
929	213
929	346
929	385
929	576
929	668
929	788
929	811
929	831
929	837
929	852
929	863
929	866
33	215
33	493
33	691
215	284
215	350
215	358
215	443
215	653
493	168
493	358
493	397
493	665
493	761
493	775
493	874
493	895
493	973
493	975
691	239
691	564
691	572
691	606
691	645
691	699
691	713
691	849
691	874
849	81
849	128
849	278
849	305
849	397
849	428
849	471
849	542
849	596
849	763
849	889
849	973
34	291
34	382
34	582
34	696
291	316
291	398
291	696
291	820
291	937
291	946
382	176
382	242
382	329
382	463
382	751
382	885
382	907
582	201
582	242
582	366
582	447
582	518
582	594
582	608
582	627
582	769
582	890
696	176
696	353
696	463
696	509
696	594
696	616
696	638
696	724
696	772
696	890
35	372
35	540
35	545
35	550
35	626
35	950
35	952
372	159
372	172
372	283
372	415
372	540
372	545
372	550
372	570
372	626
372	950
372	952
372	991
372	999
540	172
540	415
540	545
540	626
540	950
540	952
545	159
545	172
545	283
545	415
545	550
545	570
545	626
545	950
545	952
545	991
545	999
550	172
550	415
550	626
550	950
550	952
570	172
570	415
570	626
570	950
570	952
626	159
626	172
626	283
626	415
626	950
626	952
626	991
626	999
950	159
950	172
950	283
950	415
950	952
950	991
950	999
952	159
952	172
952	283
952	415
952	991
952	999
991	172
991	415
999	172
999	415
36	808
36	823
36	901
36	903
36	922
36	941
36	947
36	982
36	983
36	990
808	44
808	55
808	317
808	418
808	487
808	547
808	752
808	823
808	903
823	44
823	88
823	126
823	189
823	197
823	317
823	319
823	322
823	340
823	418
823	487
823	547
823	647
823	697
823	723
823	733
823	752
823	842
823	901
823	903
823	922
823	941
823	947
823	982
823	983
823	990
901	51
901	83
901	98
901	126
901	418
901	697
903	51
903	88
903	102
922	83
922	88
922	98
922	126
922	317
922	340
941	51
941	55
947	197
37	105
37	288
37	370
37	375
37	400
37	450
37	708
105	288
105	370
105	375
288	370
288	375
288	400
288	450
288	708
370	375
370	400
370	450
370	708
375	400
375	450
375	708
621	216
621	328
621	391
621	396
621	529
621	707
621	800
800	59
800	112
800	307
800	383
800	406
800	504
800	516
800	707
39	261
39	281
39	393
39	566
39	809
39	917
261	207
261	276
261	393
261	517
261	689
261	966
276	154
276	281
276	393
276	566
276	809
276	917
281	207
281	393
281	517
281	689
281	966
393	154
393	207
393	517
393	566
393	689
393	809
393	917
393	966
517	154
517	566
517	809
517	917
566	207
566	689
566	966
689	154
689	809
689	917
809	207
809	792
809	966
917	207
917	966
966	154
40	119
40	124
40	577
40	598
119	577
119	628
124	150
124	577
124	595
124	679
124	802
124	814
577	107
577	125
577	217
577	416
577	433
577	480
577	663
577	771
577	838
598	185
598	217
598	236
598	331
598	433
598	480
598	571
598	595
598	628
598	663
598	838
628	97
628	165
628	173
628	236
628	246
628	571
628	595
628	663
628	679
628	730
730	217
730	470
730	571
730	595
730	663
730	671
730	814
838	146
838	150
838	245
838	470
838	571
838	663
838	671
41	590
41	690
41	702
590	84
590	226
690	56
690	84
690	101
702	56
702	84
702	101
780	56
780	84
780	101
798	56
798	84
798	101
936	56
936	84
936	101
949	56
949	84
949	101
958	56
958	84
958	101
977	56
977	84
977	101
984	56
984	84
984	101
42	442
42	818
42	864
442	347
442	532
442	613
442	622
442	740
442	788
442	864
734	347
734	404
734	541
734	576
734	584
734	613
734	622
734	668
734	719
734	740
734	785
734	788
734	837
734	852
734	884
818	269
818	414
818	435
818	532
818	535
818	541
818	576
818	622
818	785
818	788
818	831
818	852
818	861
861	347
861	385
861	407
861	427
861	469
861	541
861	622
861	670
861	701
861	719
861	729
861	837
861	884
864	66
864	385
864	576
864	580
864	622
864	785
864	817
864	837
864	852
864	863
43	247
190	61
247	61
247	380
45	360
45	589
45	847
360	149
360	180
360	390
360	399
360	533
360	737
360	857
589	121
589	280
589	323
589	343
589	503
589	515
589	654
589	706
589	829
847	52
847	121
847	252
847	254
847	356
847	503
847	507
847	533
847	557
847	559
847	716
847	717
847	736
847	819
847	826
847	859
894	52
894	137
894	144
894	162
894	180
894	182
894	252
894	266
894	299
894	332
894	343
894	344
894	365
894	369
894	559
894	568
894	581
894	607
894	657
894	826
894	859
46	369
46	859
46	979
369	323
369	706
369	717
369	737
369	759
369	819
369	857
369	979
859	110
859	149
859	153
859	182
859	266
859	293
859	371
859	533
859	556
859	557
859	559
859	657
859	695
859	736
979	86
979	110
979	153
979	180
979	254
979	257
979	280
979	293
979	294
979	332
979	333
979	334
979	474
979	476
979	534
979	559
979	597
979	826
979	904
47	440
47	522
47	833
440	240
440	499
440	754
522	68
522	436
522	514
522	620
522	754
522	833
754	68
754	203
754	475
754	498
754	510
754	561
754	833
833	203
833	306
833	436
833	475
833	498
833	620
833	639
833	700
48	302
48	366
48	506
48	605
48	875
48	937
302	212
302	481
302	506
302	627
302	755
302	791
302	875
366	423
366	518
366	724
366	748
366	805
366	885
366	890
366	937
506	202
506	321
506	447
506	586
506	642
506	669
506	709
605	94
605	116
605	230
605	462
605	508
605	755
605	820
605	885
605	907
875	157
875	181
875	295
875	303
875	353
875	377
875	425
875	429
875	500
875	562
875	594
875	627
875	642
875	751
875	769
875	820
875	946
907	166
907	212
907	229
907	423
907	425
907	456
907	462
907	500
907	508
907	512
907	611
907	724
907	767
907	783
907	803
937	58
937	131
937	181
937	202
937	256
937	295
937	329
937	342
937	353
937	379
937	437
937	462
937	481
937	594
937	642
937	660
937	669
937	748
937	845
49	420
49	453
49	777
420	219
420	273
420	286
420	387
420	402
420	453
453	219
453	273
453	286
453	387
453	402
777	219
777	273
848	219
848	273
855	219
855	273
962	219
962	273
988	219
988	273
989	219
989	273
997	219
997	273
1000	53
1000	219
1000	273
50	80
50	315
50	548
50	551
50	722
50	882
50	920
80	127
80	526
80	574
80	816
80	834
315	675
315	727
315	816
315	920
548	244
548	255
548	357
548	432
548	536
548	563
548	795
548	812
548	834
548	882
548	912
551	62
551	160
551	244
551	318
551	563
551	739
551	834
551	882
551	912
551	920
722	127
722	163
722	244
722	574
722	635
722	727
722	739
722	920
882	354
882	367
882	473
882	526
882	635
882	675
882	678
882	684
882	812
882	920
920	122
920	170
920	251
920	255
920	357
920	432
920	445
920	446
920	451
920	658
920	726
920	816
920	834
920	912
723	55
723	161
723	189
723	197
723	322
723	547
52	424
52	717
52	737
424	121
424	180
424	334
424	568
424	588
424	826
717	110
717	153
717	285
717	333
717	476
717	544
717	559
717	706
717	716
717	759
717	826
737	158
737	254
737	285
737	323
737	334
737	559
737	731
737	759
826	149
826	323
826	333
826	343
826	476
826	507
826	515
826	534
826	581
826	588
826	607
826	819
826	857
53	184
53	320
53	345
53	567
184	320
184	345
184	567
320	345
320	567
345	567
54	213
54	497
54	811
54	817
54	831
54	863
213	532
213	745
213	831
213	837
213	866
497	249
497	414
497	668
497	740
497	779
497	811
497	852
811	232
811	249
811	407
811	458
811	519
811	613
811	668
811	778
811	779
811	785
811	837
811	852
811	863
811	866
817	249
817	269
817	407
817	496
817	541
817	701
817	745
817	779
817	785
817	831
831	66
831	167
831	347
831	414
831	427
831	458
831	496
831	779
831	785
831	837
863	130
863	167
863	249
863	346
863	362
863	404
863	407
863	541
863	613
863	693
863	719
863	785
863	852
863	866
56	543
543	224
543	290
58	176
58	296
58	669
58	676
58	715
58	803
176	157
176	431
176	512
176	616
296	316
296	353
296	398
296	594
296	946
669	157
669	212
669	304
669	379
669	395
669	481
669	732
669	751
669	772
669	805
676	94
676	304
676	437
676	518
676	562
676	586
676	709
676	751
676	805
676	820
715	76
715	342
715	379
715	425
715	429
715	509
715	512
715	616
715	651
715	755
715	946
803	91
803	142
803	425
803	431
803	447
803	508
803	509
803	611
803	767
803	805
803	820
803	845
803	885
803	890
59	383
59	560
383	141
383	599
383	674
391	141
391	529
560	103
560	307
560	328
560	827
60	735
735	272
735	397
735	441
735	546
735	645
735	699
735	705
735	895
874	129
874	214
874	264
874	373
874	443
874	457
874	558
874	572
874	596
874	665
874	705
874	749
874	815
874	973
62	680
62	739
62	795
62	816
62	912
680	326
680	445
680	658
680	739
727	113
727	122
727	170
727	279
727	326
727	473
727	563
727	739
727	816
727	912
739	193
739	223
739	432
739	473
739	658
739	675
739	684
795	113
795	160
795	193
795	223
795	255
795	419
795	536
795	684
795	834
812	113
812	163
812	244
812	292
812	357
812	432
812	446
812	454
812	574
812	658
812	726
812	834
816	113
816	193
816	454
816	678
816	684
816	726
912	69
912	193
912	292
912	318
912	367
912	454
912	635
912	675
912	678
64	109
64	164
92	109
92	164
109	164
109	401
109	634
109	910
164	401
164	634
164	910
65	316
65	651
65	732
65	772
65	820
65	890
316	93
316	377
316	381
316	463
316	509
316	562
316	732
316	767
651	166
651	304
651	353
651	398
651	481
651	500
651	755
651	845
651	885
651	890
651	946
732	82
732	342
732	431
732	467
732	512
732	518
732	751
732	767
732	805
732	845
732	885
772	93
772	187
772	295
772	335
772	512
772	611
772	642
772	724
772	755
772	820
772	845
820	91
820	116
820	205
820	376
820	395
820	423
820	460
820	466
820	586
820	611
820	767
820	783
820	885
890	67
890	131
890	181
890	205
890	230
890	377
890	431
890	456
890	531
890	578
890	627
890	638
890	751
890	946
946	82
946	115
946	256
946	259
946	338
946	351
946	460
946	466
946	508
946	512
946	578
946	611
946	627
946	638
946	748
66	208
66	745
66	779
66	884
208	541
208	576
208	719
745	346
745	407
745	458
745	469
745	532
745	729
745	778
745	884
779	118
779	407
779	535
779	584
779	740
779	788
884	249
884	327
884	347
884	427
884	435
884	613
884	632
884	670
884	837
884	852
884	866
67	116
67	500
67	767
67	783
116	395
116	638
116	767
500	82
500	199
500	237
500	303
500	321
500	425
500	431
500	460
500	805
767	93
767	181
767	230
767	466
767	481
767	531
767	660
767	709
767	724
767	769
767	791
783	94
783	142
783	157
783	187
783	229
783	237
783	329
783	338
783	395
783	463
783	467
783	518
783	594
783	611
783	660
783	724
783	748
783	751
783	845
68	700
700	90
700	306
700	374
700	436
700	475
700	498
700	499
700	510
700	561
700	639
69	675
675	163
675	223
675	445
675	574
675	726
675	834
70	278
70	528
70	546
70	713
278	699
278	895
528	410
528	428
528	685
528	699
528	775
528	889
546	71
546	264
546	352
546	358
546	645
546	749
546	761
546	775
546	973
713	133
713	227
713	572
713	653
713	763
713	973
713	975
71	264
71	397
71	542
71	685
71	761
71	889
264	239
264	443
264	749
264	761
264	973
397	133
397	358
397	373
397	558
542	79
542	108
542	168
542	305
542	572
685	350
685	358
685	645
685	665
685	775
685	815
685	889
685	895
761	79
761	81
761	128
761	129
761	324
761	352
761	585
761	666
761	705
761	895
761	973
761	975
889	227
889	239
889	324
889	373
889	434
889	441
889	558
889	564
889	617
889	763
73	630
73	828
495	409
495	630
495	828
593	409
593	630
593	828
630	403
630	409
630	444
630	662
630	756
630	828
630	840
630	888
630	985
630	994
662	409
662	828
756	409
756	828
828	403
828	409
828	444
828	840
828	888
828	985
828	994
840	409
888	409
985	409
994	409
74	687
74	712
74	714
74	968
655	132
655	145
655	148
655	687
655	712
655	714
655	968
687	132
687	138
687	145
687	148
687	186
687	267
687	308
687	313
687	413
687	422
687	484
687	623
687	712
687	714
687	738
687	760
687	801
687	825
687	968
712	138
712	145
712	148
712	186
712	267
712	308
712	313
712	413
712	422
712	484
712	623
712	714
712	738
712	760
712	801
712	825
712	968
714	132
714	138
714	145
714	148
714	186
714	267
714	308
714	313
714	413
714	422
714	484
714	623
714	738
714	760
714	801
714	825
714	968
738	132
738	145
738	148
738	968
760	132
760	145
760	148
760	968
801	132
801	145
801	148
801	968
825	132
825	145
825	148
825	968
968	132
968	138
968	145
968	148
968	186
968	267
968	308
968	313
968	413
968	422
968	484
968	623
75	147
75	198
75	310
75	573
147	198
147	310
147	501
147	573
147	728
147	839
198	501
198	573
310	501
310	573
501	573
573	728
573	839
76	201
76	304
76	429
76	460
76	508
76	642
76	751
201	115
201	199
201	202
201	256
201	303
201	321
201	509
304	231
304	456
304	463
304	481
304	805
304	885
429	303
429	437
429	724
460	205
460	338
460	508
460	518
460	709
460	885
508	423
508	456
508	467
508	755
642	131
642	329
642	376
642	431
642	467
642	611
642	627
751	166
751	242
751	342
751	348
751	379
751	425
751	578
751	724
77	311
77	339
311	183
311	330
339	183
339	330
78	90
78	498
78	510
90	604
498	306
498	514
498	620
510	306
510	561
79	305
79	558
79	815
305	272
305	485
305	585
305	617
558	239
558	457
558	596
558	606
815	96
815	129
815	272
815	389
815	443
815	572
815	617
815	666
127	122
127	446
127	678
127	726
526	160
526	251
526	357
526	454
526	684
526	726
574	255
574	354
574	367
574	432
574	678
574	684
834	113
834	255
834	354
834	446
834	451
834	454
834	726
81	428
81	606
81	705
428	227
428	457
428	471
428	485
428	585
428	606
428	895
428	975
606	96
606	378
606	410
606	434
606	572
705	108
705	373
705	378
705	485
82	202
82	462
202	377
202	466
202	608
202	748
202	769
462	518
462	531
462	845
462	885
83	752
733	161
733	319
733	418
733	547
752	317
752	325
752	340
752	487
140	330
86	390
86	654
86	759
86	829
390	356
390	399
390	476
390	534
390	588
390	759
549	158
549	293
549	365
549	399
549	503
549	507
549	515
549	557
549	568
549	759
654	144
654	294
654	299
654	344
654	365
654	534
654	544
654	557
654	588
654	657
654	731
654	819
654	829
731	222
731	266
731	293
731	323
731	399
731	706
731	819
759	254
759	365
759	507
759	533
759	544
759	556
759	588
759	657
759	736
759	857
829	137
829	222
829	332
829	343
829	349
829	371
829	430
829	503
829	534
829	544
829	559
829	706
87	502
87	530
87	853
87	928
87	938
87	978
502	853
530	853
853	928
853	938
853	978
842	102
842	126
842	161
842	197
842	319
842	325
842	487
89	104
89	155
89	538
89	603
89	612
89	641
89	650
89	742
104	155
104	538
104	603
104	612
104	641
104	650
104	742
155	538
155	603
155	612
155	641
155	650
155	742
538	544
538	612
603	612
612	641
612	650
612	742
604	195
604	374
604	639
91	175
91	229
91	456
175	181
175	248
175	348
175	351
175	805
229	377
229	398
229	467
229	586
229	845
456	237
456	447
456	481
456	885
791	242
791	351
791	423
791	437
791	509
791	518
791	578
791	616
791	660
791	755
93	885
885	237
885	425
885	431
885	509
885	594
885	616
885	638
885	748
94	237
94	329
94	351
94	466
94	608
94	755
237	115
237	755
329	425
329	447
329	586
329	608
329	638
329	709
351	212
351	627
351	769
466	463
466	594
466	709
466	805
608	321
608	381
608	423
608	463
608	748
755	242
755	342
755	381
755	447
755	611
755	638
95	555
95	565
95	902
95	957
555	836
555	902
555	957
565	836
565	902
565	957
836	902
836	957
902	957
96	895
895	139
895	239
895	275
895	284
895	457
895	485
895	564
895	617
895	763
975	114
975	133
975	139
975	214
975	275
975	352
975	443
975	471
975	564
975	572
975	645
975	665
975	666
975	699
975	775
97	185
97	218
97	486
97	814
185	245
185	416
185	433
185	595
185	663
218	165
218	245
218	527
218	802
486	146
486	246
486	527
486	663
486	814
814	107
814	173
814	217
814	416
814	470
814	571
814	663
98	697
697	325
697	340
697	418
697	647
100	243
100	449
100	482
100	552
100	765
100	784
100	792
243	449
243	482
243	552
243	765
243	784
243	792
449	482
449	552
449	792
482	552
482	792
552	792
765	792
784	792
792	844
101	511
511	136
103	490
103	827
490	328
490	674
827	112
827	250
827	307
827	504
827	707
106	275
275	133
275	272
275	665
275	775
107	173
107	416
107	571
107	671
107	802
173	217
173	802
416	245
416	246
416	595
416	663
416	679
527	125
527	595
571	125
571	236
571	331
571	433
571	480
571	595
571	771
671	217
671	245
671	265
671	331
671	433
671	470
671	595
671	679
671	771
671	802
679	331
679	480
679	663
679	802
802	125
802	146
802	217
802	246
802	433
802	595
108	373
108	653
108	699
373	139
373	434
373	441
373	617
373	763
373	973
653	284
653	441
653	485
653	572
653	665
653	775
699	284
699	410
699	471
699	572
699	645
699	665
973	128
973	168
973	227
973	352
973	378
973	434
973	441
973	457
110	293
110	515
110	695
110	736
293	559
515	149
515	349
515	430
515	474
515	503
695	121
695	222
695	266
695	280
695	323
695	334
695	568
695	581
695	607
695	706
695	716
736	254
736	257
736	503
736	533
736	556
736	581
736	597
736	716
736	819
663	150
663	217
663	265
663	433
663	480
663	771
516	250
516	504
516	707
113	122
113	244
113	318
113	635
122	726
244	473
318	251
318	563
318	658
635	279
635	292
635	367
635	563
114	389
114	617
114	666
389	284
389	358
389	596
389	665
617	227
617	410
617	457
617	763
666	128
666	471
666	645
666	763
115	166
115	594
115	805
115	845
166	199
166	248
166	295
166	616
342	259
342	376
342	512
342	627
594	259
594	425
594	431
594	709
594	748
805	248
805	321
805	348
805	379
805	395
805	467
805	638
805	660
845	205
845	238
845	376
845	512
845	518
845	531
845	660
845	709
395	131
395	248
395	437
638	187
638	321
638	338
638	377
638	381
638	463
638	627
638	769
205	447
205	481
230	398
230	578
230	586
230	660
512	248
512	338
512	709
118	167
118	232
118	580
118	740
118	866
167	427
167	469
167	532
167	693
167	740
232	130
232	414
232	435
232	541
232	613
232	729
232	866
580	404
580	427
580	496
580	535
580	668
580	785
740	249
740	269
740	435
740	668
740	701
740	729
740	788
866	327
866	385
866	414
866	427
866	496
866	532
866	535
866	785
866	788
866	837
121	503
121	556
121	706
121	857
503	371
503	557
503	607
503	716
556	294
556	356
556	476
556	581
556	607
706	299
706	332
706	365
706	544
706	857
857	222
857	257
857	332
857	334
857	430
857	534
857	597
857	819
726	163
726	454
583	178
583	209
583	262
583	355
150	595
150	771
595	245
595	265
595	433
595	470
595	480
595	771
125	165
125	245
125	433
165	245
433	217
433	236
433	265
433	470
433	771
470	246
446	354
678	279
678	419
678	451
678	579
128	129
128	596
596	239
596	358
596	749
130	584
130	613
130	701
130	778
130	852
584	427
584	469
584	541
584	719
584	729
613	385
613	427
613	541
613	622
613	719
613	837
701	385
701	435
701	729
701	837
778	327
778	469
778	622
778	670
852	346
852	407
852	458
852	532
852	632
852	670
852	693
852	729
852	785
131	256
131	447
187	256
187	321
187	578
447	321
447	377
447	709
447	724
132	422
132	623
422	148
623	145
623	148
133	378
133	564
378	434
564	214
564	324
136	417
136	610
417	188
417	225
610	188
610	224
137	158
137	162
137	280
137	474
158	476
158	819
162	557
162	657
162	904
280	182
280	334
365	268
365	557
365	819
365	904
474	257
474	294
474	344
474	507
474	819
413	308
141	297
141	406
297	406
297	455
297	674
406	504
406	529
142	212
142	376
142	398
142	518
142	660
142	724
142	748
212	481
212	616
376	348
376	437
376	709
376	748
398	181
518	431
660	379
660	381
660	425
660	562
660	724
724	321
724	509
724	616
724	769
748	238
748	348
748	379
748	425
748	481
748	562
143	309
143	314
143	773
179	309
179	314
179	773
206	309
206	314
206	773
289	309
289	314
289	773
309	314
309	477
309	479
309	619
309	773
309	883
314	477
314	479
314	619
314	773
314	883
477	773
479	773
619	773
773	883
144	507
144	588
507	153
507	399
507	430
507	533
507	597
507	607
588	268
588	399
588	568
145	313
313	308
771	236
771	331
149	349
149	568
349	182
568	252
568	266
568	332
568	333
568	657
568	904
904	252
904	268
904	285
904	294
904	299
904	533
151	575
151	602
575	492
602	492
154	207
156	220
156	674
156	707
220	250
220	529
674	250
674	307
674	707
707	328
707	396
707	455
707	529
707	599
157	381
381	199
381	238
285	332
285	559
476	371
476	581
476	716
819	252
819	268
819	299
819	581
159	415
415	172
415	283
160	279
279	658
279	684
684	223
684	251
684	473
684	536
684	563
557	333
557	399
557	430
557	607
657	180
657	559
657	581
657	716
163	223
199	509
248	463
248	769
295	348
295	586
295	611
427	519
427	788
469	519
469	576
469	668
469	693
469	785
532	693
532	729
532	788
693	327
693	535
693	668
693	729
168	775
665	775
775	227
775	272
775	324
775	443
775	749
775	763
170	536
536	357
536	367
222	257
222	266
419	579
419	658
579	292
579	432
181	467
348	303
348	338
348	562
431	562
177	204
177	388
177	615
177	720
204	228
204	388
204	615
204	667
204	682
204	720
204	744
204	793
204	932
228	388
228	615
228	720
388	615
388	667
388	682
388	720
388	744
388	793
388	932
615	667
615	682
615	720
615	744
615	793
615	932
667	720
682	720
720	744
720	793
720	932
180	534
534	254
534	356
534	371
534	544
534	607
467	379
467	481
467	769
182	266
182	581
182	716
266	371
581	268
581	343
716	252
716	294
716	430
716	597
480	236
480	265
186	484
578	303
578	335
578	338
563	292
563	357
563	454
563	658
195	620
620	374
620	639
509	259
640	492
303	425
303	769
377	231
377	481
377	531
377	627
769	231
769	627
203	639
639	306
639	475
639	499
639	561
541	362
541	535
541	788
576	327
576	362
576	670
576	719
719	404
719	622
719	785
837	327
837	385
214	239
239	645
350	585
443	471
443	749
216	504
216	529
504	396
504	455
529	599
219	387
219	402
387	273
387	286
387	402
402	273
402	286
250	599
434	410
434	457
434	749
257	430
227	763
763	272
763	485
763	585
586	231
586	238
586	611
231	242
231	353
231	379
242	437
242	611
353	709
379	531
414	362
414	788
435	458
435	622
435	785
729	249
729	385
729	535
396	455
238	335
335	709
645	410
240	514
475	436
475	561
514	499
514	561
327	632
327	785
632	269
632	346
632	519
632	788
785	346
785	347
785	496
785	519
785	668
785	670
785	788
611	709
246	265
246	331
463	627
249	622
249	788
622	347
622	385
622	404
622	668
788	269
788	496
788	519
788	668
251	292
251	367
251	454
251	658
367	445
454	432
658	255
658	357
254	344
254	607
255	326
255	445
326	357
326	432
430	323
430	399
324	585
749	441
259	338
259	423
338	423
423	627
262	459
459	355
459	361
371	323
268	333
268	334
333	299
332	323
332	597
457	471
627	531
485	410
323	356
323	597
597	544
544	343
346	385
346	535
535	404
535	407
535	670
354	451
355	361
374	499
374	561
524	492
403	409
409	444
404	519
519	458
647	487
647	547
421	492
492	465
668	670
#End Disappearing Edges

*Newborn Edges
1	376
1	509
1	578
1	605
1	661
1	803
1	937
1	967
253	199
253	231
253	379
253	518
253	803
253	875
253	885
253	943
253	961
253	967
376	395
376	429
376	582
376	586
376	605
376	715
376	813
376	875
376	890
376	943
376	967
376	980
509	58
509	117
509	398
509	437
509	508
509	512
509	638
509	651
509	676
509	748
509	769
509	804
509	930
578	321
578	351
578	353
578	448
578	456
578	467
578	562
578	608
578	611
578	644
578	820
578	845
578	853
578	921
578	930
605	296
605	353
605	377
605	460
605	481
605	642
605	748
605	751
605	787
605	796
605	804
605	853
605	870
661	58
661	65
661	76
661	152
661	338
661	342
661	377
661	425
661	426
661	429
661	512
661	531
661	594
661	724
661	743
661	804
661	845
661	955
803	115
803	116
803	181
803	201
803	237
803	256
803	263
803	338
803	381
803	382
803	395
803	463
803	531
803	594
803	687
803	743
803	751
803	794
803	980
937	116
937	157
937	248
937	260
937	303
937	316
937	348
937	351
937	377
937	398
937	423
937	512
937	531
937	562
937	571
937	627
937	659
937	687
937	767
937	772
937	774
937	783
937	820
937	853
937	875
937	943
937	980
961	15
961	131
961	201
961	202
961	237
961	248
961	329
961	335
961	348
961	379
961	423
961	425
961	466
961	611
961	627
961	642
961	660
961	669
961	715
961	724
961	751
961	774
961	783
961	804
961	813
961	820
961	845
961	875
961	890
961	907
961	967
967	15
967	67
967	142
967	212
967	230
967	303
967	316
967	348
967	398
967	431
967	437
967	447
967	460
967	594
967	676
967	696
967	724
967	743
967	748
967	767
967	786
967	791
967	805
967	870
967	885
967	930
967	946
2	132
2	247
2	712
63	132
63	247
63	712
132	196
132	247
132	488
132	520
132	601
132	636
132	925
196	247
196	712
247	488
247	520
247	601
247	636
247	712
247	925
488	712
520	712
601	712
636	712
712	925
3	252
3	356
3	559
3	706
3	710
3	759
3	819
3	894
3	904
3	934
252	332
252	430
252	474
252	597
252	706
252	710
252	759
252	835
252	859
252	873
356	182
356	430
356	474
356	557
356	597
356	657
356	753
356	781
356	859
356	926
356	934
559	334
559	341
559	343
559	474
559	476
559	544
559	695
559	706
559	759
559	781
559	819
559	854
706	254
706	266
706	293
706	554
706	588
706	753
706	859
706	873
706	904
706	908
706	926
706	934
706	935
710	137
710	222
710	285
710	333
710	424
710	515
710	657
710	716
710	737
710	819
710	829
710	847
710	979
759	10
759	137
759	149
759	182
759	294
759	333
759	554
759	568
759	589
759	649
759	753
759	781
759	826
759	847
759	856
759	894
759	908
759	934
819	12
819	25
819	211
819	257
819	294
819	323
819	334
819	384
819	399
819	476
819	513
819	556
819	589
819	607
819	625
819	750
819	829
819	854
894	37
894	158
894	211
894	222
894	280
894	293
894	371
894	424
894	430
894	464
894	507
894	533
894	544
894	549
894	557
894	589
894	716
894	737
894	750
894	847
894	857
894	862
894	908
894	926
894	934
894	979
904	25
904	110
904	180
904	293
904	333
904	343
904	349
904	369
904	371
904	390
904	557
904	597
904	736
904	757
904	847
904	854
904	873
904	934
934	20
934	45
934	121
934	137
934	162
934	182
934	268
934	293
934	323
934	332
934	365
934	507
934	533
934	544
934	554
934	589
934	649
934	736
934	737
934	753
934	826
934	847
934	873
934	915
4	470
4	628
4	802
4	838
411	218
411	245
411	265
411	298
411	452
411	598
411	631
411	679
411	747
411	771
470	165
470	173
470	194
470	480
470	527
470	598
470	622
470	747
470	892
628	30
628	107
628	125
628	150
628	217
628	298
628	331
628	416
628	452
628	577
628	622
628	838
631	97
631	111
631	124
631	125
631	165
631	185
631	246
631	492
631	577
631	598
631	741
631	869
688	97
688	124
688	173
688	218
688	236
688	245
688	246
688	416
688	492
688	527
688	577
688	622
741	30
741	146
741	416
741	480
741	577
741	622
741	814
741	869
747	146
747	173
747	194
747	298
747	331
747	452
747	486
747	492
747	577
747	598
802	30
802	185
802	194
802	236
802	245
802	265
802	486
802	492
802	527
802	598
802	771
802	838
802	869
838	124
838	125
838	173
838	185
838	236
838	416
838	452
838	492
838	622
838	679
869	30
869	40
869	119
869	125
869	246
869	265
869	452
869	492
869	622
5	490
5	529
5	674
5	911
5	916
5	918
5	931
490	156
490	307
490	406
490	516
490	800
490	916
529	112
529	307
529	396
529	491
529	800
529	827
529	872
674	216
674	328
674	396
674	406
674	491
674	521
674	626
674	800
674	916
872	59
872	297
872	307
872	521
872	626
872	916
891	38
891	112
891	141
891	191
891	235
891	250
891	521
891	621
891	626
891	916
898	38
898	103
898	191
898	220
898	626
898	916
898	931
911	191
911	250
911	328
911	916
911	931
911	940
916	38
916	59
916	103
916	112
916	141
916	156
916	191
916	216
916	220
916	235
916	297
916	307
916	383
916	396
916	406
916	455
916	516
916	521
916	560
916	599
916	621
916	626
916	711
916	800
916	824
916	918
916	919
916	931
916	940
918	103
918	191
918	626
918	824
931	191
931	626
6	89
89	277
89	553
89	652
7	71
7	108
7	439
7	629
7	877
7	887
7	972
7	973
7	987
71	227
71	324
71	815
71	877
71	895
71	951
71	972
71	996
108	133
108	572
108	645
108	666
108	815
108	843
108	914
108	951
439	273
439	569
439	686
439	766
439	889
439	895
439	957
629	278
629	287
629	300
629	301
629	352
629	389
629	392
629	434
629	558
629	569
629	609
629	758
629	775
629	957
629	993
782	135
782	227
782	273
782	305
782	350
782	457
782	523
782	572
782	596
782	666
782	686
782	699
782	735
782	763
782	933
782	951
782	953
782	957
782	972
782	987
782	993
877	79
877	114
877	128
877	239
877	272
877	273
877	275
877	352
877	378
877	389
877	397
877	408
877	471
877	505
877	564
877	653
877	691
877	705
877	761
877	766
877	889
877	951
877	973
877	975
877	993
877	996
887	14
887	60
887	128
887	239
887	275
887	278
887	284
887	300
887	397
887	434
887	438
887	493
887	528
887	564
887	572
887	609
887	645
887	761
887	815
887	895
887	944
887	951
887	953
887	972
887	973
887	993
972	114
972	135
972	139
972	284
972	305
972	358
972	428
972	438
972	441
972	457
972	485
972	523
972	528
972	546
972	564
972	606
972	609
972	617
972	705
972	713
972	785
972	815
972	843
972	874
972	933
972	987
973	14
973	17
973	18
973	19
973	36
973	79
973	84
973	96
973	214
973	258
973	274
973	305
973	428
973	596
973	617
973	666
973	749
973	758
973	775
973	843
973	933
973	957
973	993
987	14
987	19
987	33
987	81
987	84
987	133
987	168
987	214
987	215
987	274
987	284
987	352
987	434
987	457
987	528
987	587
987	617
987	665
987	691
987	735
987	766
987	895
987	933
987	951
987	957
987	975
8	380
8	409
120	61
120	190
120	409
233	61
233	359
233	409
282	61
282	190
282	409
359	409
380	409
409	43
409	61
409	190
409	412
409	656
409	692
409	725
9	315
9	432
9	473
9	726
9	816
9	834
9	879
9	912
315	122
315	244
315	473
315	574
315	681
315	834
315	876
315	879
315	882
432	244
432	563
432	681
432	703
432	726
432	795
432	816
432	858
432	882
432	893
432	912
473	446
473	472
473	563
473	573
473	574
473	703
473	821
473	876
473	912
726	50
726	174
726	223
726	279
726	357
726	451
726	472
726	563
726	573
726	579
726	658
726	680
726	681
726	795
726	876
726	882
816	50
816	170
816	251
816	255
816	357
816	445
816	563
816	573
816	574
816	579
816	680
816	681
816	722
816	795
816	834
816	858
816	876
816	893
834	13
834	170
834	223
834	251
834	279
834	357
834	472
834	573
834	574
834	579
834	658
834	680
834	681
834	722
834	821
834	858
834	882
876	50
876	113
876	122
876	170
876	174
876	255
876	357
876	563
876	573
876	574
876	579
876	658
876	722
876	821
876	879
876	912
879	50
879	113
879	170
879	174
879	223
879	244
879	255
879	279
879	357
879	446
879	472
879	563
879	573
879	658
879	680
879	858
879	912
893	13
893	113
893	170
893	174
893	244
893	357
893	445
893	446
893	451
893	472
893	563
893	573
893	703
893	882
893	912
912	13
912	50
912	113
912	122
912	170
912	174
912	244
912	255
912	357
912	451
912	472
912	573
912	574
912	579
912	680
912	882
10	37
10	360
10	424
10	503
10	588
10	597
10	695
10	857
10	878
37	180
37	341
37	369
37	544
37	549
37	736
37	757
37	979
360	171
360	211
360	405
360	476
360	607
360	657
360	731
360	736
360	770
360	826
360	859
360	915
360	979
424	211
424	257
424	268
424	344
424	365
424	534
424	737
424	847
424	859
503	12
503	52
503	182
503	257
503	280
503	349
503	365
503	384
503	476
503	695
503	862
503	908
503	915
588	20
588	257
588	294
588	625
588	649
588	716
588	731
588	737
588	753
588	859
588	915
588	979
597	20
597	257
597	371
597	384
597	557
597	568
597	589
597	657
597	677
597	856
597	878
695	45
695	86
695	268
695	399
695	464
695	544
695	589
695	625
695	731
695	826
695	829
695	835
695	856
695	873
857	20
857	45
857	46
857	52
857	110
857	137
857	266
857	474
857	568
857	607
857	625
857	736
857	847
857	878
857	915
857	926
857	935
878	25
878	46
878	147
878	180
878	280
878	332
878	333
878	384
878	430
878	507
878	513
878	533
878	534
878	568
878	625
878	677
878	731
878	826
878	835
878	854
878	908
878	915
11	754
11	833
11	860
11	924
11	960
11	992
11	995
754	306
754	374
754	646
754	810
754	830
754	881
754	924
754	960
754	965
754	992
754	995
833	26
833	262
833	355
833	361
833	510
833	514
833	583
833	830
833	860
833	881
833	924
833	960
833	965
833	992
833	995
860	47
860	78
860	306
860	374
860	440
860	498
860	499
860	510
860	514
860	561
860	620
860	639
860	700
860	704
860	810
860	846
860	871
860	969
860	974
860	976
924	47
924	78
924	240
924	306
924	374
924	436
924	440
924	475
924	498
924	499
924	522
924	561
924	604
924	620
924	633
924	639
924	704
924	810
924	964
924	969
924	974
924	976
960	47
960	68
960	90
960	203
960	306
960	436
960	440
960	475
960	499
960	510
960	514
960	522
960	561
960	604
960	620
960	633
960	639
960	700
960	704
960	810
960	846
960	871
960	964
960	969
960	974
960	976
964	16
964	26
964	77
964	123
964	178
964	209
964	262
964	355
964	361
964	583
964	830
964	881
964	965
964	992
964	995
974	16
974	77
974	178
974	209
974	361
974	459
974	583
974	646
974	830
974	881
974	965
974	992
974	995
976	16
976	26
976	28
976	77
976	123
976	209
976	262
976	355
976	361
976	459
976	583
976	646
976	830
976	881
976	965
976	992
976	995
992	47
992	68
992	77
992	78
992	90
992	203
992	240
992	306
992	436
992	440
992	475
992	498
992	499
992	510
992	514
992	522
992	561
992	604
992	620
992	639
992	700
992	704
992	810
992	846
992	871
992	969
995	47
995	68
995	77
995	78
995	90
995	195
995	203
995	240
995	374
995	436
995	440
995	475
995	498
995	514
995	522
995	561
995	604
995	620
995	633
995	639
995	700
995	704
995	810
995	846
995	871
995	969
12	349
12	464
12	677
12	716
12	731
12	750
12	979
349	137
349	180
349	399
349	556
349	625
349	757
349	854
349	856
464	285
464	474
464	534
464	556
464	859
464	873
464	908
464	915
464	935
677	144
677	254
677	333
677	365
677	371
677	390
677	474
677	557
677	625
677	657
677	835
677	847
677	873
677	935
677	979
716	52
716	268
716	285
716	369
716	371
716	513
716	534
716	556
716	568
716	854
716	856
716	859
731	52
731	333
731	474
731	513
731	534
731	781
731	847
731	859
731	979
750	153
750	171
750	334
750	405
750	430
750	476
750	507
750	556
750	557
750	581
750	757
750	781
750	856
750	862
750	908
935	110
935	144
935	162
935	333
935	341
935	384
935	513
935	515
935	549
935	556
935	568
935	589
935	607
935	625
935	757
935	781
935	829
935	926
979	121
979	137
979	149
979	162
979	182
979	266
979	268
979	285
979	344
979	371
979	390
979	430
979	549
979	556
979	557
979	568
979	753
979	829
979	854
979	859
979	862
13	563
13	579
13	703
13	722
13	882
563	446
563	451
563	574
563	579
563	703
563	722
563	795
563	858
563	882
579	255
579	357
579	445
579	446
579	451
579	722
703	113
703	251
703	255
703	279
703	357
703	451
703	573
703	658
703	722
703	858
703	882
722	122
722	170
722	279
722	451
722	573
722	658
722	681
882	122
882	174
882	223
882	251
882	255
882	357
882	445
882	472
882	573
882	658
882	680
882	821
14	96
14	324
14	686
14	843
14	849
14	951
96	528
96	564
96	585
96	874
96	951
96	986
274	287
274	373
274	558
274	735
274	763
274	889
274	944
274	986
274	993
324	133
324	397
324	471
324	523
324	705
324	815
324	843
324	849
324	953
324	996
686	33
686	36
686	168
686	169
686	264
686	378
686	705
686	735
686	763
686	785
686	895
686	914
686	953
686	957
686	996
843	60
843	114
843	129
843	221
843	272
843	300
843	410
843	558
843	564
843	569
843	572
843	585
843	587
843	763
843	775
843	951
843	957
849	17
849	18
849	19
849	210
849	221
849	227
849	239
849	301
849	408
849	558
849	617
849	645
849	653
849	713
849	735
849	775
849	785
849	815
849	951
849	953
849	957
951	17
951	106
951	214
951	221
951	272
951	278
951	301
951	350
951	373
951	378
951	397
951	428
951	457
951	525
951	546
951	558
951	585
951	713
951	895
951	986
951	993
15	348
15	431
15	531
15	724
15	774
15	875
348	429
348	456
348	724
348	769
348	774
348	786
348	791
348	804
431	117
431	377
431	429
431	478
431	660
431	755
431	774
431	875
431	930
531	131
531	248
531	447
531	478
531	481
531	586
531	724
531	791
531	853
531	885
591	65
591	242
591	260
591	291
591	302
591	467
591	582
591	638
591	709
591	796
591	853
591	890
591	907
591	946
591	955
724	82
724	176
724	231
724	302
724	395
724	437
724	642
724	743
724	774
724	921
724	930
724	943
774	256
774	366
774	423
774	463
774	500
774	512
774	669
774	687
774	715
774	718
774	751
774	794
774	805
774	845
774	853
774	943
875	31
875	76
875	109
875	116
875	238
875	316
875	336
875	381
875	448
875	467
875	518
875	676
875	732
875	767
875	804
875	813
875	890
875	907
875	930
875	943
955	65
955	115
955	131
955	142
955	248
955	263
955	316
955	338
955	379
955	395
955	425
955	508
955	562
955	582
955	608
955	616
955	669
955	718
955	732
955	787
955	794
955	890
955	907
955	921
955	930
955	943
16	459
16	810
459	475
459	639
459	700
459	810
459	846
459	871
459	969
810	90
810	209
810	639
810	646
810	881
810	965
830	68
830	77
830	374
830	436
830	498
830	510
830	522
830	561
830	604
830	846
830	871
830	969
881	68
881	78
881	195
881	203
881	306
881	436
881	499
881	510
881	522
881	561
881	620
881	704
881	846
881	871
881	969
17	114
17	735
17	761
17	785
17	874
114	139
114	471
114	523
114	713
114	749
114	785
114	957
735	33
735	128
735	227
735	410
735	493
735	528
735	600
735	761
735	785
735	914
735	933
735	957
735	993
761	133
761	358
761	428
761	438
761	441
761	505
761	523
761	542
761	564
761	572
761	600
761	609
761	653
761	665
761	758
761	763
761	775
761	933
761	957
785	106
785	169
785	214
785	239
785	278
785	301
785	397
785	434
785	493
785	525
785	614
785	653
785	749
785	874
785	914
785	933
785	944
785	953
785	986
785	993
874	18
874	128
874	139
874	168
874	278
874	300
874	301
874	389
874	410
874	434
874	441
874	564
874	569
874	585
874	645
874	653
874	889
874	895
874	933
874	953
874	975
874	986
18	135
18	210
18	373
18	596
18	957
135	81
135	749
135	758
135	914
135	975
135	993
210	129
210	139
210	169
210	378
210	389
210	558
210	572
210	914
210	993
373	214
373	278
373	528
373	542
373	699
373	933
373	944
373	957
373	975
373	986
596	221
596	410
596	438
596	471
596	485
596	493
596	525
596	585
596	889
596	914
914	33
914	258
914	264
914	350
914	392
914	397
914	523
914	525
914	542
914	585
914	606
914	666
914	868
914	889
914	933
914	957
914	996
944	24
944	81
944	169
944	214
944	270
944	300
944	301
944	358
944	428
944	523
944	525
944	528
944	572
944	666
944	758
944	775
944	953
944	986
944	993
944	996
957	79
957	84
957	106
957	129
957	239
957	258
957	287
957	305
957	389
957	397
957	408
957	434
957	438
957	525
957	546
957	558
957	585
957	606
957	614
957	617
957	666
957	713
957	749
957	758
957	763
957	766
957	868
957	895
957	953
19	24
19	392
19	528
19	699
19	868
19	996
24	139
24	546
24	713
24	775
24	868
24	933
24	975
392	408
392	410
392	505
392	525
392	542
392	572
392	587
392	705
528	129
528	227
528	273
528	358
528	493
528	564
528	665
528	666
699	60
699	264
699	273
699	275
699	378
699	441
699	485
699	523
699	542
699	614
699	653
699	749
699	815
699	986
699	996
766	169
766	214
766	287
766	352
766	410
766	428
766	564
766	587
766	609
766	691
766	705
766	713
868	81
868	139
868	221
868	258
868	272
868	275
868	389
868	434
868	471
868	523
868	546
868	606
868	645
868	763
868	775
868	889
868	975
996	36
996	128
996	239
996	273
996	300
996	397
996	434
996	438
996	471
996	485
996	493
996	523
996	542
996	546
996	569
996	572
996	713
996	763
996	775
996	953
996	975
996	986
20	544
20	607
20	736
20	826
20	829
20	926
544	110
544	257
544	299
544	515
544	589
544	770
544	781
544	835
607	86
607	162
607	268
607	344
607	384
607	399
607	736
607	737
607	770
607	781
607	862
607	915
736	153
736	280
736	294
736	323
736	344
736	390
736	476
736	507
736	534
736	589
736	781
736	826
736	829
736	854
826	25
826	46
826	86
826	144
826	147
826	153
826	332
826	757
826	856
826	859
826	873
826	908
826	915
826	926
829	121
829	153
829	268
829	323
829	384
829	399
829	507
829	515
829	533
829	549
829	581
829	657
829	854
829	873
926	86
926	144
926	149
926	158
926	162
926	182
926	341
926	405
926	568
926	649
926	753
926	847
21	85
21	140
21	311
21	339
21	841
85	339
85	841
140	311
140	339
140	841
311	339
311	841
339	841
768	841
841	905
841	923
22	675
22	727
22	906
22	920
22	927
22	956
22	970
675	80
675	292
675	367
675	526
675	618
675	683
675	812
675	832
675	867
675	902
675	906
675	920
675	945
675	956
675	970
727	127
727	163
727	468
727	489
727	595
727	635
727	678
727	812
727	867
727	902
727	920
727	970
832	127
832	292
832	318
832	354
832	419
832	454
832	468
832	489
832	536
832	595
832	618
832	683
832	812
832	867
832	902
832	920
832	956
906	80
906	127
906	160
906	163
906	292
906	326
906	354
906	367
906	454
906	468
906	489
906	536
906	595
906	635
906	648
906	683
906	812
906	867
906	902
906	927
920	62
920	80
920	127
920	163
920	292
920	354
920	367
920	468
920	489
920	536
920	595
920	618
920	635
920	739
920	902
920	945
920	956
927	62
927	69
927	80
927	160
927	292
927	354
927	419
927	468
927	526
927	536
927	595
927	648
927	683
927	684
927	739
927	867
927	902
927	956
927	981
945	62
945	127
945	160
945	354
945	367
945	454
945	468
945	536
945	595
945	618
945	678
945	683
945	684
945	867
945	902
956	69
956	80
956	292
956	318
956	326
956	419
956	454
956	468
956	489
956	595
956	648
956	678
956	683
956	684
956	812
956	902
956	970
970	62
970	80
970	127
970	163
970	318
970	468
970	489
970	595
970	739
970	902
981	62
981	80
981	163
981	318
981	367
981	419
981	454
981	526
981	595
981	648
981	684
981	867
981	902
23	175
23	248
23	296
23	395
23	638
23	715
23	813
23	921
23	943
175	336
175	366
175	382
175	437
175	659
175	820
175	845
175	885
175	943
248	117
248	157
248	295
248	351
248	718
248	783
296	94
296	303
296	425
296	592
296	608
296	783
296	943
395	142
395	466
395	500
395	715
395	767
395	772
395	853
395	930
638	48
638	82
638	142
638	176
638	229
638	263
638	302
638	303
638	506
638	582
638	642
638	669
638	930
638	943
638	980
715	202
715	382
715	582
715	586
715	676
715	687
715	696
715	732
715	767
715	885
715	890
715	907
715	921
813	34
813	230
813	237
813	291
813	302
813	351
813	382
813	437
813	456
813	463
813	518
813	611
813	644
813	751
813	786
813	794
813	980
921	48
921	65
921	115
921	116
921	201
921	229
921	316
921	342
921	462
921	467
921	518
921	571
921	627
921	642
921	660
921	669
921	687
921	786
921	805
921	820
921	885
921	946
921	980
930	94
930	115
930	116
930	142
930	157
930	205
930	212
930	242
930	379
930	447
930	448
930	592
930	644
930	651
930	676
930	890
930	907
943	91
943	94
943	109
943	142
943	187
943	201
943	205
943	260
943	303
943	379
943	426
943	447
943	462
943	500
943	592
943	659
943	791
943	794
943	853
943	885
139	666
139	775
139	889
139	953
546	129
546	270
546	301
546	378
546	410
546	457
546	569
546	617
546	975
546	986
713	305
713	408
713	410
713	441
713	457
713	505
713	525
713	933
713	993
775	214
775	215
775	239
775	264
775	358
775	585
775	815
775	895
933	33
933	227
933	239
933	275
933	350
933	378
933	397
933	434
933	600
933	653
933	895
933	953
933	986
975	33
975	169
975	258
975	264
975	273
975	278
975	300
975	389
975	505
975	558
975	585
975	600
975	609
975	614
975	617
975	691
975	749
975	889
975	895
975	953
986	33
986	84
986	133
986	168
986	169
986	215
986	221
986	227
986	350
986	428
986	457
986	493
986	572
986	600
986	653
986	665
986	758
986	763
986	889
986	993
25	45
25	266
25	474
25	533
25	873
45	162
45	534
45	854
45	908
266	171
266	293
266	343
266	534
266	649
474	121
474	323
474	399
474	557
474	737
474	770
533	299
533	341
533	371
533	384
533	557
533	568
533	649
533	657
533	770
533	781
533	915
873	52
873	137
873	147
873	293
873	365
873	399
873	405
873	430
873	556
873	557
873	581
873	649
873	737
873	770
873	862
915	110
915	137
915	147
915	294
915	332
915	344
915	384
915	430
915	515
915	554
915	856
915	908
26	374
26	704
26	969
374	498
374	965
704	355
704	522
704	561
704	646
704	846
704	965
965	47
965	68
965	77
965	90
965	195
965	203
965	240
965	306
965	440
965	475
965	510
965	561
965	604
965	620
965	633
965	639
965	700
965	846
965	871
965	969
969	28
969	77
969	178
969	355
969	361
969	646
27	250
27	491
27	560
27	626
27	800
27	827
250	328
250	383
491	112
491	156
491	599
560	38
560	235
560	621
560	626
560	919
626	59
626	191
626	328
626	391
626	521
626	711
626	800
626	824
626	827
626	919
626	940
800	103
800	156
800	220
800	235
800	711
827	220
827	297
827	391
827	406
827	621
827	940
919	191
919	235
919	383
919	396
940	191
28	475
28	871
475	499
475	522
871	68
871	355
871	361
871	583
29	773
664	151
664	773
746	773
764	773
773	57
773	151
773	200
773	234
773	271
773	394
773	421
773	465
773	524
773	575
773	602
773	640
773	799
773	822
773	886
773	939
773	959
773	998
30	111
30	486
30	577
30	679
30	814
30	892
111	107
111	150
111	452
111	480
111	492
111	679
486	119
486	124
486	236
486	480
486	492
486	622
486	730
486	771
577	97
577	150
577	236
577	246
577	598
577	730
679	40
679	165
679	185
679	217
679	236
679	814
814	40
814	146
814	245
814	265
814	298
814	331
814	452
814	492
814	622
814	771
892	125
892	173
892	246
892	452
892	480
892	492
892	622
31	329
31	336
31	377
31	382
31	586
31	772
31	907
329	34
329	176
329	481
329	562
329	660
329	794
329	845
329	946
329	980
336	115
336	263
336	423
336	481
336	500
336	642
336	687
336	786
336	870
377	366
377	608
377	651
377	718
377	748
377	769
377	783
377	870
382	202
382	437
382	518
382	571
382	669
382	718
382	890
382	980
586	76
586	176
586	437
586	447
586	460
586	462
586	478
586	594
586	643
586	659
586	696
643	116
643	117
643	152
643	263
643	448
643	460
643	518
643	571
643	592
643	594
643	616
643	651
643	676
643	767
643	853
643	870
643	980
772	67
772	94
772	202
772	259
772	303
772	316
772	381
772	506
772	518
772	571
772	592
772	687
772	718
772	796
772	805
772	853
772	870
772	946
907	34
907	91
907	142
907	199
907	230
907	256
907	291
907	460
907	562
907	571
907	732
907	755
907	769
907	786
907	845
907	946
907	980
32	745
32	778
32	851
32	861
32	863
32	866
32	884
32	899
32	963
745	130
745	347
745	414
745	535
745	541
745	580
745	637
745	707
745	779
745	788
745	837
745	852
745	861
745	863
745	865
745	866
778	346
778	362
778	407
778	427
778	535
778	668
778	701
778	719
778	740
778	788
778	818
778	831
778	837
778	861
778	963
851	118
851	130
851	232
851	249
851	347
851	386
851	407
851	539
851	613
851	624
851	668
851	717
851	818
851	837
861	167
861	208
861	213
861	232
861	327
861	442
861	519
861	532
861	537
861	539
861	717
861	788
861	831
861	852
861	865
861	899
863	66
863	118
863	414
863	458
863	469
863	483
863	519
863	537
863	580
863	637
863	734
863	740
863	779
863	788
863	818
863	831
863	837
863	880
866	42
866	66
866	130
866	167
866	241
866	375
866	442
866	539
866	637
866	670
866	717
866	719
866	817
866	818
866	852
866	864
866	896
884	166
884	232
884	346
884	404
884	414
884	483
884	497
884	537
884	576
884	580
884	668
884	729
884	779
884	896
884	929
884	963
899	54
899	66
899	118
899	166
899	241
899	269
899	347
899	442
899	458
899	469
899	483
899	496
899	624
899	637
899	717
899	734
899	779
899	788
899	789
899	811
929	54
929	66
929	166
929	167
929	241
929	249
929	269
929	375
929	427
929	539
929	541
929	580
929	613
929	670
929	693
929	707
929	717
929	734
929	880
963	130
963	166
963	346
963	427
963	532
963	637
963	707
963	717
963	729
963	788
963	817
963	831
963	852
963	864
33	84
33	542
84	264
84	457
84	587
84	895
84	1000
542	358
542	378
542	408
542	525
542	587
542	653
542	691
542	749
542	953
34	65
34	176
34	518
34	594
34	611
34	885
65	109
65	696
176	212
176	448
176	481
176	783
176	791
176	805
518	478
518	508
518	709
518	853
518	870
518	885
594	152
594	335
594	571
594	687
594	732
594	796
594	805
594	820
594	853
594	890
594	946
611	157
611	237
611	423
611	456
611	462
611	467
611	481
611	582
611	791
611	804
611	845
611	853
885	230
885	231
885	242
885	321
885	423
885	429
885	448
885	467
885	478
885	508
885	512
885	709
885	755
885	804
885	853
35	75
35	219
35	501
35	504
35	728
35	836
35	839
75	540
75	550
75	570
75	836
75	991
75	999
219	104
219	501
219	504
219	540
219	550
219	570
219	728
219	836
219	839
219	991
219	999
501	95
501	104
501	283
501	461
501	504
501	540
501	550
501	570
501	836
501	991
501	999
504	95
504	198
504	283
504	310
504	461
504	540
504	550
504	570
504	728
504	836
504	839
504	991
504	999
570	95
570	104
570	310
570	461
570	728
570	836
570	839
728	95
728	104
728	159
728	283
728	461
728	540
728	550
728	836
728	991
728	999
836	104
836	159
836	198
836	283
836	310
836	461
836	540
836	550
836	839
836	991
836	999
839	95
839	104
839	159
839	283
839	461
839	540
839	550
839	991
839	999
991	95
991	104
991	198
991	310
991	461
999	95
999	104
999	198
999	310
999	461
999	555
36	273
36	410
36	438
36	653
36	889
36	895
36	993
273	569
273	572
273	666
273	895
410	258
410	284
410	889
438	221
438	275
438	558
438	758
438	953
438	993
653	221
653	264
653	493
653	587
653	606
653	763
653	889
889	60
889	106
889	133
889	215
889	258
889	270
889	389
889	569
889	609
889	665
889	666
889	758
889	953
895	128
895	227
895	358
895	408
895	585
895	587
895	609
895	645
895	953
895	993
993	79
993	81
993	129
993	270
993	301
993	428
993	569
993	691
993	705
993	815
180	46
180	737
180	753
180	757
180	862
341	46
341	222
341	294
341	333
341	369
341	390
341	476
341	649
369	147
369	280
369	344
369	390
369	405
369	753
369	854
369	856
549	222
549	294
549	534
549	581
549	737
549	770
549	781
549	847
549	859
549	908
757	149
757	171
757	211
757	299
757	343
757	344
757	365
757	556
757	589
757	847
757	862
38	216
216	141
216	297
39	207
39	548
207	548
276	548
517	548
548	689
548	966
40	194
40	492
40	622
194	217
194	236
194	298
194	416
194	492
194	622
194	771
492	125
492	150
492	185
492	771
622	107
622	119
622	173
622	265
622	416
622	452
622	527
622	598
622	771
730	97
730	165
730	173
730	218
730	236
730	246
730	298
730	452
730	480
730	598
41	543
41	610
41	698
543	226
543	698
610	309
610	698
698	136
698	188
698	193
698	224
698	225
698	290
698	309
698	417
698	511
698	590
698	690
698	702
698	780
698	798
698	936
698	949
698	958
698	977
698	984
780	193
780	309
798	193
798	309
936	193
936	309
949	193
949	309
958	193
958	309
977	193
977	309
984	193
984	309
42	213
42	375
42	535
42	541
42	670
42	831
42	896
213	362
213	458
213	539
213	584
213	668
213	719
213	729
213	734
213	880
375	386
375	469
375	519
375	539
375	701
375	717
375	721
375	729
375	818
375	865
375	897
535	232
535	362
535	532
535	668
535	788
535	789
535	831
535	837
535	864
535	880
541	130
541	519
541	532
541	624
541	668
541	693
541	701
541	789
541	852
541	897
541	954
670	346
670	496
670	532
670	701
670	719
670	740
734	166
734	167
734	385
734	386
734	407
734	414
734	497
734	519
734	537
734	580
734	721
734	831
734	865
831	327
831	385
831	386
831	469
831	537
831	576
831	613
831	740
831	880
831	897
896	166
896	241
896	269
896	362
896	404
896	407
896	442
896	458
896	469
896	580
896	693
896	707
896	729
896	779
896	864
896	954
44	797
44	842
797	51
797	88
797	98
797	189
797	197
797	322
797	325
797	388
797	415
797	487
797	547
797	647
797	697
797	723
797	733
797	762
797	808
797	901
797	903
797	922
797	941
797	947
797	982
797	983
797	990
842	51
842	184
842	204
842	345
842	370
842	673
842	762
901	184
901	204
901	345
901	370
901	388
901	673
901	762
903	204
903	314
903	388
903	673
903	762
922	184
922	204
922	314
922	345
922	370
922	388
922	415
922	673
922	762
941	184
941	204
941	314
941	345
941	370
941	388
941	415
941	762
947	184
947	204
947	314
947	345
947	370
947	388
947	415
947	673
947	762
982	184
982	204
982	314
982	345
982	370
982	388
982	415
982	673
982	762
983	184
983	204
983	314
983	345
983	370
983	388
983	415
983	673
983	762
990	184
990	204
990	314
990	345
990	370
990	388
990	415
990	673
990	762
162	399
162	534
162	859
534	299
534	657
534	737
534	835
534	854
854	110
854	294
854	343
854	430
854	649
854	737
854	781
854	835
854	862
854	908
908	110
908	121
908	147
908	294
908	299
908	323
908	343
908	405
908	554
908	568
908	625
908	649
908	657
908	770
908	835
908	856
46	568
46	657
46	847
568	254
568	371
568	737
568	770
657	144
657	149
657	171
657	476
657	781
657	847
847	147
847	149
847	211
847	222
847	285
847	293
847	294
847	323
847	513
847	515
862	121
862	137
862	147
862	285
862	390
862	513
862	581
862	649
862	856
47	123
123	498
123	700
48	466
48	669
48	786
48	870
48	890
48	946
466	131
466	142
466	242
466	321
466	627
466	743
466	783
466	787
466	980
669	117
669	237
669	423
669	500
669	616
669	627
669	651
669	659
669	755
669	787
786	116
786	187
786	201
786	231
786	256
786	463
786	582
786	660
786	696
786	718
786	732
786	751
786	791
786	820
786	853
786	890
786	980
870	109
870	181
870	231
870	295
870	316
870	582
870	660
870	687
870	696
870	732
870	751
870	796
870	804
870	853
870	980
890	82
890	91
890	115
890	202
890	229
890	238
890	256
890	351
890	743
890	787
890	791
890	805
946	93
946	199
946	201
946	205
946	260
946	335
946	423
946	425
946	437
946	447
946	462
946	463
946	467
946	478
946	506
946	571
946	644
946	755
946	767
946	980
49	828
49	844
49	900
828	70
828	87
828	100
828	243
828	286
828	387
828	402
828	420
828	449
828	453
828	482
828	545
828	552
828	714
828	765
828	777
828	784
828	806
828	844
828	848
828	855
828	900
828	962
828	988
828	989
828	997
828	1000
844	70
844	87
844	286
844	387
844	402
844	420
844	453
844	545
844	714
844	777
844	806
844	848
844	855
844	900
844	962
844	988
844	989
844	997
844	1000
848	70
848	87
848	100
848	243
848	449
848	482
848	545
848	552
848	714
848	765
848	784
848	806
848	900
855	70
855	87
855	100
855	243
855	449
855	482
855	545
855	552
855	714
855	765
855	784
855	806
855	900
900	70
900	87
900	100
900	243
900	286
900	387
900	402
900	420
900	449
900	453
900	482
900	545
900	552
900	714
900	765
900	777
900	784
900	806
900	962
900	988
900	989
900	997
900	1000
962	70
962	87
962	100
962	243
962	449
962	482
962	545
962	552
962	714
962	765
962	784
962	806
988	70
988	87
988	100
988	243
988	449
988	482
988	545
988	552
988	714
988	765
988	784
988	806
989	70
989	87
989	100
989	243
989	449
989	482
989	545
989	552
989	714
989	765
989	784
989	806
997	70
997	87
997	100
997	243
997	449
997	482
997	545
997	552
997	714
997	765
997	784
997	806
1000	70
1000	87
1000	100
1000	243
1000	449
1000	482
1000	545
1000	552
1000	714
1000	765
1000	784
1000	806
50	445
50	574
50	681
50	795
50	821
445	223
445	244
445	446
445	681
445	795
574	113
574	279
574	658
574	680
574	795
574	821
681	244
681	251
681	255
681	573
681	658
681	795
681	821
681	858
795	122
795	174
795	251
795	279
795	357
795	446
795	573
795	658
795	680
821	113
821	122
821	174
821	223
821	244
821	251
821	255
821	279
821	472
821	573
821	680
51	647
647	55
647	340
647	345
647	370
723	88
723	204
723	317
723	388
723	673
723	762
808	83
808	189
808	314
808	345
808	370
808	388
808	415
808	673
808	762
52	365
52	513
52	649
52	835
365	144
365	257
365	835
365	856
513	149
513	257
513	323
513	753
649	110
649	323
649	332
649	856
649	859
835	158
835	182
835	257
835	293
835	343
835	390
835	581
835	753
835	770
835	856
53	99
53	134
53	148
53	372
53	612
53	663
53	671
53	790
53	909
99	148
99	372
99	612
99	663
99	671
134	143
134	148
134	372
134	612
134	663
134	671
148	372
148	612
148	663
148	671
148	790
148	909
372	612
372	663
372	671
372	790
372	909
612	663
612	671
612	790
612	909
663	790
663	909
671	790
671	909
54	327
54	385
54	668
54	701
54	740
54	779
54	897
327	469
327	532
327	707
327	719
327	740
327	779
327	788
327	817
327	852
385	130
385	442
385	497
385	693
385	717
385	740
385	789
385	817
668	269
668	427
668	435
668	539
668	632
668	637
668	865
668	897
701	469
701	532
701	580
701	613
701	637
701	693
701	707
701	717
701	789
701	811
740	241
740	580
740	613
740	693
740	707
740	811
740	818
740	864
779	249
779	386
779	693
779	717
779	721
779	729
779	789
779	818
864	166
864	167
864	249
864	346
864	404
864	427
864	483
864	497
864	584
864	613
864	717
864	729
897	208
897	362
897	407
897	435
897	483
897	532
897	613
897	624
897	693
897	707
897	729
897	817
55	415
55	752
415	126
415	161
415	487
415	752
415	762
752	161
752	197
752	370
752	388
752	673
56	567
56	623
56	654
56	655
56	672
56	738
56	760
56	801
56	825
56	850
567	74
567	186
567	267
567	308
567	313
567	413
567	422
567	484
567	623
567	654
567	655
567	672
567	738
567	760
567	801
567	825
567	850
623	74
623	654
623	672
623	850
654	74
654	138
654	186
654	267
654	308
654	313
654	413
654	422
654	484
654	655
654	672
654	738
654	760
654	801
654	825
655	672
655	850
672	74
672	138
672	186
672	267
672	308
672	313
672	413
672	422
672	484
672	738
672	760
672	801
672	825
672	850
738	850
760	850
801	850
825	850
850	74
850	138
850	186
850	267
850	308
850	313
850	413
850	422
850	484
57	602
602	394
58	116
58	335
58	426
58	696
58	805
58	845
58	853
116	238
116	751
152	351
152	506
152	787
152	794
335	199
335	230
335	463
335	767
335	845
426	76
426	338
426	460
426	608
426	642
426	791
426	794
426	820
426	980
696	131
696	205
696	381
696	447
696	608
696	644
696	718
696	751
696	783
696	796
805	82
805	91
805	93
805	237
805	260
805	316
805	351
805	423
805	447
805	463
805	481
805	512
805	562
805	687
805	718
805	845
805	980
845	181
845	242
845	303
845	304
845	508
845	642
845	676
845	794
845	820
845	853
853	157
853	229
853	238
853	302
853	398
853	467
853	562
853	642
853	718
853	732
853	767
853	796
853	980
59	220
59	824
391	328
391	406
391	455
391	599
824	141
824	191
824	328
824	383
824	396
824	521
824	711
60	352
60	815
60	953
352	434
352	457
352	665
352	815
815	239
815	378
815	493
815	525
815	600
815	606
815	645
815	665
815	758
953	215
953	275
953	300
953	301
953	378
953	397
953	428
953	441
953	485
953	558
953	572
953	606
953	749
953	758
62	902
812	69
812	160
812	326
812	419
812	489
812	595
812	618
812	635
812	648
812	678
812	684
812	902
902	80
902	127
902	160
902	163
902	292
902	318
902	326
902	367
902	419
902	454
902	468
902	489
902	526
902	536
902	595
902	618
902	635
902	648
902	678
902	683
902	684
902	739
902	867
64	172
64	433
64	443
64	720
64	968
92	172
92	433
92	443
92	720
92	968
172	401
172	433
172	443
172	634
172	720
172	910
172	968
401	433
401	443
401	720
401	968
433	443
433	634
433	720
433	910
433	968
443	634
443	720
443	910
443	968
634	720
634	968
720	910
720	968
910	968
109	131
109	295
109	304
109	423
109	592
109	751
109	794
804	260
804	379
804	447
804	467
804	508
804	562
804	592
804	743
804	755
804	767
804	783
804	794
804	820
66	497
66	729
66	811
66	837
497	241
497	386
497	427
497	584
497	632
497	637
497	717
729	208
729	386
729	576
729	707
729	811
729	954
811	118
811	208
811	241
811	346
811	347
811	414
811	435
811	532
811	537
811	539
811	584
811	624
811	632
811	707
811	717
811	719
811	817
811	818
817	167
817	241
817	362
817	442
817	483
817	537
817	632
817	707
817	789
817	852
837	130
837	249
837	269
837	435
837	442
837	483
837	519
837	580
837	693
837	818
837	865
837	880
67	76
67	263
67	295
67	398
67	582
67	718
76	366
76	481
76	582
263	342
263	456
263	644
263	748
263	980
295	212
295	256
295	398
295	423
295	456
295	478
295	769
295	787
398	117
398	231
398	571
398	676
398	687
398	709
398	769
398	791
582	338
582	381
582	437
582	448
582	508
582	660
582	783
718	260
718	321
718	351
718	512
718	571
718	787
718	794
69	536
69	648
69	867
536	526
536	595
536	635
536	678
536	739
648	326
648	367
648	489
648	595
648	683
648	684
648	867
867	318
867	326
867	354
867	367
867	489
867	526
867	595
867	618
867	678
867	684
227	79
227	606
72	363
312	363
363	807
73	403
73	444
403	320
444	320
495	320
593	320
662	320
756	320
840	320
888	320
985	320
994	320
540	104
540	198
540	310
540	461
550	104
550	198
550	310
550	461
366	199
366	342
366	425
366	437
366	608
366	642
366	755
366	767
366	783
366	980
481	202
481	425
481	478
481	508
481	616
481	660
481	769
980	117
980	256
980	259
980	316
980	321
980	437
980	456
980	460
980	478
980	592
980	687
980	709
980	748
980	751
980	769
980	787
980	796
77	178
77	700
178	436
178	561
178	633
178	700
700	195
700	262
700	514
700	633
700	646
78	620
620	203
620	514
846	209
846	262
79	350
79	485
79	614
79	763
350	272
350	284
350	389
485	389
485	505
485	569
485	600
485	749
614	300
614	378
614	493
614	505
614	564
614	606
614	609
763	258
763	275
763	287
763	305
763	505
763	525
763	569
763	600
763	705
80	678
678	163
678	292
678	318
678	354
678	635
81	106
81	457
81	523
81	749
106	300
106	358
457	287
457	358
457	441
457	606
523	587
523	600
523	606
523	666
749	215
749	358
749	428
749	493
749	572
749	606
749	617
749	705
82	93
82	743
82	751
82	755
82	787
93	199
93	238
93	381
93	463
93	571
93	660
743	187
743	199
743	237
743	381
743	437
743	512
743	627
743	687
743	748
743	751
743	755
743	769
743	796
751	181
751	187
751	205
751	304
751	429
751	642
751	687
751	755
751	767
755	425
755	456
755	463
755	592
755	644
755	709
755	732
755	748
755	767
755	769
755	820
787	131
787	187
787	447
787	512
787	592
787	644
787	676
787	769
787	820
83	418
83	487
418	197
418	319
418	340
418	673
487	314
487	762
733	98
733	126
733	673
733	762
264	300
264	471
264	572
587	389
587	434
587	471
587	564
587	609
587	705
86	121
86	299
86	556
121	153
121	171
121	856
299	430
299	589
299	856
556	144
556	158
556	371
556	737
556	753
88	673
673	197
673	314
673	317
673	345
673	370
673	697
673	762
91	342
91	448
91	500
91	709
91	783
342	302
342	316
342	448
342	644
342	659
342	767
448	238
448	506
448	508
448	783
500	212
500	259
500	291
500	302
500	562
500	642
500	709
500	796
709	237
709	338
709	379
709	423
709	562
709	592
709	659
709	769
709	791
709	820
783	205
783	379
783	429
783	447
783	462
783	616
783	644
783	687
783	791
783	796
791	230
791	238
791	259
791	291
791	304
791	467
791	512
791	676
791	732
199	651
199	767
238	592
238	660
381	425
381	571
381	659
381	748
463	302
463	321
463	820
571	131
571	229
571	303
571	353
571	616
571	769
660	181
660	201
660	508
660	592
660	651
732	131
732	187
732	212
732	353
732	423
732	460
732	608
732	644
732	651
94	230
94	425
94	478
94	506
94	748
230	201
230	256
230	562
230	616
230	627
425	237
425	304
425	353
425	769
425	820
478	321
478	506
478	512
506	242
506	456
506	462
506	508
506	616
506	651
506	748
748	117
748	229
748	429
748	462
748	627
748	642
748	767
748	820
95	283
95	461
283	310
283	461
461	159
461	198
461	310
564	428
564	600
585	408
585	505
97	107
97	146
97	217
97	331
97	452
107	146
107	217
107	452
146	217
146	480
217	119
217	452
217	480
331	150
331	185
331	298
452	298
452	598
98	547
547	102
547	340
547	370
547	762
101	164
101	288
101	393
101	952
164	288
164	393
164	952
288	393
288	952
393	952
102	325
325	762
697	204
697	317
697	319
697	388
697	762
103	599
599	516
599	521
105	155
105	368
155	368
155	400
155	450
155	708
368	400
368	450
368	708
300	168
358	606
358	758
527	245
527	416
527	771
133	128
133	493
133	617
133	665
133	691
572	270
572	705
645	129
645	221
645	305
645	558
645	609
645	617
645	758
666	617
666	705
666	758
131	508
304	291
304	303
304	460
304	562
304	687
304	796
423	651
592	338
592	351
592	512
794	321
794	353
794	429
794	437
794	447
794	467
794	627
794	769
110	285
110	753
110	856
285	371
285	515
285	554
285	781
753	222
753	334
753	581
753	781
856	171
856	280
856	332
856	476
856	557
150	125
480	173
112	383
383	516
383	621
516	307
516	455
113	658
113	680
113	858
658	122
658	174
658	223
658	472
658	573
680	170
680	279
680	446
680	472
680	858
858	244
858	251
858	255
858	279
858	446
858	472
858	573
471	275
471	278
471	569
471	600
115	429
115	796
429	379
429	512
796	202
796	237
796	242
796	651
796	659
796	687
796	769
508	291
508	659
117	157
157	181
157	229
157	676
157	687
118	269
118	386
118	407
118	519
269	537
269	613
386	208
386	624
386	632
386	717
386	880
407	576
407	613
407	693
407	954
519	818
519	852
519	865
119	218
119	245
119	246
119	771
218	124
218	416
218	598
245	124
245	265
246	124
246	185
771	124
771	125
771	165
771	185
771	416
153	144
153	334
153	371
153	581
171	182
171	781
122	174
122	255
255	223
498	355
498	361
498	646
583	522
583	604
124	298
598	265
598	416
125	416
126	314
126	762
314	184
314	345
762	184
762	317
762	319
762	322
762	388
128	493
128	606
493	272
606	270
606	272
606	278
606	441
606	525
129	691
600	168
600	214
600	215
600	617
691	272
691	287
691	389
691	408
691	609
691	758
130	346
130	719
130	954
346	483
346	693
346	719
346	818
719	167
719	427
719	435
719	632
719	788
719	852
719	954
954	166
954	167
954	241
954	404
954	496
954	537
954	584
954	632
954	707
954	880
187	181
187	242
187	659
187	676
617	168
617	215
617	428
617	665
665	169
665	215
665	270
143	615
143	950
758	301
758	558
758	569
758	609
136	690
136	702
690	193
690	309
702	193
702	309
137	343
343	211
343	507
343	515
138	484
413	313
141	711
711	235
711	328
711	406
711	621
142	644
142	651
142	676
644	212
644	291
644	651
644	820
651	259
651	379
651	467
651	767
676	202
676	321
676	338
676	456
676	627
676	687
179	615
179	950
206	615
206	950
289	615
289	950
477	615
477	950
479	615
479	950
615	619
615	883
615	950
619	950
883	950
144	737
737	149
737	384
737	557
145	502
145	530
145	685
145	792
145	823
145	928
145	938
145	978
502	685
502	792
502	823
530	685
530	792
530	823
685	792
685	823
685	928
685	938
685	978
792	823
792	928
792	938
792	978
823	928
823	938
823	978
147	211
147	334
147	589
211	254
211	770
334	254
334	293
334	554
589	268
589	371
589	384
589	581
149	332
149	770
332	390
332	515
332	625
332	859
770	222
770	293
770	371
770	507
770	515
770	557
770	581
770	781
151	640
351	456
351	642
581	323
581	399
581	859
156	455
455	235
181	256
181	627
229	259
229	316
229	616
229	627
229	820
687	201
687	242
687	460
158	254
254	268
254	280
254	507
254	554
254	625
254	859
159	198
159	310
160	739
684	318
684	454
684	468
684	595
684	618
684	635
684	683
739	318
739	326
739	367
739	419
739	454
739	526
739	618
739	683
399	222
399	476
399	625
399	859
859	294
859	323
859	507
859	554
859	625
859	781
683	454
683	468
683	526
683	618
683	635
166	414
166	537
166	721
414	576
414	721
414	852
414	880
537	347
537	362
537	483
537	707
537	880
721	232
721	404
721	442
721	496
721	539
721	576
721	624
721	632
721	637
721	789
721	852
167	576
167	707
576	249
576	435
576	539
576	580
576	584
576	788
707	232
707	404
707	458
707	584
707	717
707	789
707	865
707	880
168	441
441	389
441	558
441	569
169	239
169	270
239	505
270	609
182	384
781	384
781	476
781	507
437	820
659	202
659	291
659	302
659	316
659	767
659	769
820	256
820	321
820	462
820	512
820	608
820	616
820	627
212	260
212	447
212	769
177	337
177	361
177	551
228	337
228	551
337	551
337	667
337	682
337	744
337	793
337	932
361	440
361	639
551	667
551	682
551	744
551	793
551	932
436	355
436	646
633	262
633	306
633	355
633	510
256	302
256	467
627	202
627	316
627	462
384	515
183	192
183	364
183	694
192	330
192	694
330	694
364	694
694	913
694	942
694	971
184	340
186	308
308	422
242	259
188	590
590	309
191	621
621	297
193	309
195	499
767	462
767	608
767	642
201	353
201	608
353	467
353	562
353	608
353	769
608	259
608	291
202	338
338	260
338	456
604	514
205	291
205	379
205	562
291	456
379	447
379	562
208	613
208	852
613	458
613	539
613	788
613	818
613	852
818	241
818	249
818	362
818	539
818	624
818	717
852	232
852	347
852	427
852	435
852	483
852	584
852	637
852	717
852	788
852	880
558	505
260	616
769	302
362	717
362	788
458	232
458	693
539	249
539	483
539	532
539	632
584	232
584	532
584	788
584	789
880	249
880	404
880	435
880	496
880	624
880	637
880	717
880	865
214	569
215	705
705	258
705	305
705	505
221	287
287	428
287	525
222	333
222	344
222	390
333	344
333	405
344	476
344	515
390	280
223	446
223	451
446	573
451	279
451	357
224	417
417	511
259	460
616	231
616	456
231	456
231	460
231	642
232	788
232	865
788	347
788	404
788	469
788	624
788	717
865	249
865	427
865	442
865	469
865	496
865	580
865	624
865	632
865	637
865	717
237	462
505	284
505	305
240	646
646	440
646	639
241	404
404	442
404	637
243	777
243	806
777	449
777	482
777	545
777	552
777	714
777	765
777	784
777	806
806	286
806	387
806	402
806	420
806	449
806	453
806	482
806	545
806	552
806	714
806	765
806	784
244	472
249	532
532	483
532	632
430	405
268	405
280	293
280	323
507	476
507	554
554	323
554	557
625	257
625	405
257	293
257	405
258	278
258	305
278	284
422	313
609	301
609	408
284	301
284	434
286	784
784	387
784	402
784	420
784	453
784	545
784	714
525	397
292	595
595	367
595	419
595	489
303	512
514	639
307	396
396	538
345	370
618	454
618	526
618	635
326	468
469	435
469	717
483	435
483	442
693	435
347	632
789	442
789	496
789	580
789	624
354	419
354	526
526	367
355	522
357	573
717	637
496	435
496	624
624	427
387	765
765	402
765	420
765	453
765	545
765	714
538	630
538	948
637	427
420	714
714	449
714	453
714	482
714	545
714	552
421	465
427	435
454	489
482	545
545	552
494	555
494	565
494	776
555	776
565	776
603	630
603	948
630	641
630	650
630	742
630	948
641	948
650	948
742	948
#End Newborn Edges

*Degree Changed Nodes
2	9	10
63	9	10
196	9	10
488	9	10
520	9	10
601	9	10
636	9	10
673	9	21
776	9	3
925	9	10
3	7	10
99	7	9
134	7	10
384	7	14
452	7	15
461	7	15
790	7	9
909	8	9
494	16	3
6	7	4
72	7	3
277	7	4
312	7	3
553	7	4
652	7	4
807	7	3
948	7	6
359	14	13
363	14	3
412	14	13
656	15	13
692	15	13
725	15	13
841	15	8
956	43	38
970	44	38
694	22	7
964	34	44
969	34	44
974	34	45
976	34	46
927	39	38
981	47	38
14	4	10
191	5	11
210	4	11
274	4	12
672	4	19
830	20	29
860	20	31
881	20	33
900	20	28
924	20	38
960	20	43
965	20	44
992	20	48
995	20	49
368	14	5
21	10	8
192	11	7
364	14	7
768	17	8
806	17	24
905	17	8
913	17	7
916	18	36
923	17	8
942	17	7
971	17	7
945	41	38
337	13	8
850	31	19
746	23	22
764	23	22
797	23	26
799	23	22
822	23	22
886	23	22
939	23	22
959	23	22
998	23	22
372	14	9
540	14	17
545	14	17
550	14	17
570	14	18
626	14	20
950	14	9
952	14	4
991	14	19
999	14	20
823	28	8
922	35	37
941	35	40
947	35	42
982	35	43
983	35	43
990	35	43
37	7	10
105	7	5
288	7	4
370	7	14
375	7	14
400	7	5
450	7	5
708	7	5
39	10	6
261	12	5
276	12	6
281	12	5
393	12	4
517	12	6
566	12	5
689	12	6
809	13	5
917	12	5
966	12	6
43	10	9
247	12	10
380	14	13
777	15	24
848	15	28
855	15	28
962	15	28
988	15	28
989	15	28
997	15	28
1000	16	29
548	17	6
551	17	8
53	5	9
184	4	11
320	4	10
345	4	13
567	4	18
57	9	10
64	6	9
92	6	9
109	6	11
164	6	4
401	6	9
634	6	9
910	6	9
208	10	11
685	22	8
495	13	11
593	13	11
630	13	6
662	13	11
756	13	11
828	13	28
840	13	11
888	13	11
985	13	11
994	13	11
74	9	10
655	21	19
687	21	22
712	21	10
714	21	20
738	21	19
760	21	19
801	21	19
825	21	19
968	21	9
75	7	10
147	7	11
198	7	11
310	7	13
501	7	16
573	7	18
728	7	19
839	7	19
311	13	8
339	13	8
127	11	10
85	10	8
140	11	8
654	21	19
87	6	10
502	6	8
530	6	8
853	6	31
928	6	8
938	6	8
978	6	8
89	8	4
104	8	10
155	8	5
538	9	7
603	8	6
612	8	9
641	8	6
650	8	6
742	8	6
95	5	10
555	5	4
565	5	3
836	5	19
902	5	35
957	5	43
100	8	10
243	8	12
449	8	15
482	8	16
552	8	16
765	8	22
784	8	23
792	9	8
844	8	28
101	10	4
671	21	9
663	21	9
113	11	10
167	11	10
121	11	10
583	17	18
433	15	9
131	10	11
132	11	10
623	20	19
330	13	7
179	10	9
206	10	9
289	10	9
309	10	13
314	10	13
477	10	9
479	10	9
619	10	9
773	10	22
883	10	9
145	11	8
148	11	9
575	18	16
154	11	5
207	11	6
415	13	14
161	11	10
172	11	9
177	10	9
204	10	11
228	10	8
388	10	14
615	10	9
667	10	8
682	10	8
720	10	9
744	10	8
793	10	8
932	10	8
183	11	7
443	15	9
459	14	15
283	11	13
286	12	13
361	13	14
524	17	16
403	12	11
409	12	13
444	12	11
647	18	20
547	16	17
