*Disappearing Nodes
#End Disappearing Nodes

*Newborn Nodes
#End Newborn Nodes

*Disappearing Edges
1	86
1	146
1	181
1	202
86	84
86	99
86	134
86	146
86	165
86	181
86	183
86	202
86	265
99	68
99	181
99	183
134	68
134	183
146	68
146	165
146	181
165	68
165	181
181	68
181	84
181	183
181	193
181	202
181	265
183	68
193	68
193	84
202	68
265	68
2	725
2	767
2	803
2	845
604	40
604	95
604	245
604	595
604	620
604	642
604	691
604	725
604	751
604	767
604	778
604	783
604	803
604	845
610	40
610	129
610	448
610	620
610	642
610	691
610	751
610	767
610	778
610	783
610	803
610	845
725	197
725	397
725	440
725	669
725	778
725	789
725	804
725	810
725	846
767	78
767	141
767	397
767	440
767	669
767	778
767	789
767	804
767	810
767	846
789	95
789	129
789	141
789	245
789	448
789	595
789	620
789	642
789	691
789	751
789	778
789	783
789	803
789	845
803	3
803	78
803	101
803	141
803	197
803	397
803	440
803	669
803	778
803	804
803	810
803	846
804	40
804	95
804	129
804	141
804	245
804	448
804	595
804	620
804	642
804	691
804	751
804	778
804	783
804	845
810	40
810	141
810	245
810	448
810	595
810	620
810	642
810	751
810	778
810	783
810	845
845	3
845	78
845	101
845	141
845	197
845	397
845	440
845	669
845	778
845	846
846	40
846	95
846	129
846	141
846	245
846	448
846	595
846	620
846	642
846	691
846	751
846	778
846	783
3	691
3	778
3	783
691	78
691	141
691	440
691	669
691	778
778	40
778	78
778	95
778	101
778	197
778	245
778	397
778	440
778	448
778	595
778	642
778	669
778	751
778	783
783	78
783	101
783	197
783	397
783	440
783	669
4	807
4	861
4	916
688	116
688	157
688	173
688	802
688	814
688	861
688	910
688	916
796	173
796	388
796	643
796	663
796	727
796	807
796	916
796	921
807	258
807	376
807	643
807	661
807	727
807	814
807	916
861	111
861	116
861	243
861	531
861	916
885	157
885	243
885	531
885	763
885	809
885	875
885	916
910	111
910	116
910	157
910	243
910	531
910	679
910	916
916	111
916	116
916	157
916	208
916	221
916	376
916	388
916	411
916	531
916	628
916	638
916	643
916	661
916	663
916	679
916	727
916	747
916	755
916	763
916	771
916	802
916	809
916	814
916	838
916	869
916	875
916	921
916	942
916	943
921	157
921	679
921	869
942	173
942	531
943	208
943	531
5	105
5	276
39	97
39	155
39	185
49	21
49	48
49	117
97	117
105	21
105	185
117	155
120	21
120	257
6	26
6	33
6	52
6	131
6	170
6	300
6	336
6	338
6	418
6	486
26	33
26	123
26	214
26	300
26	336
26	340
26	418
26	486
33	38
33	83
33	170
33	214
33	336
33	385
33	418
33	486
52	649
52	677
52	840
52	878
131	38
131	123
131	205
131	214
131	336
131	338
131	340
131	385
131	486
170	38
170	83
170	123
170	205
170	340
170	385
170	486
300	38
300	123
300	205
300	336
300	338
300	340
300	385
300	418
300	486
336	205
336	214
336	338
336	418
336	486
338	38
338	83
338	123
338	214
338	486
418	83
418	123
418	205
418	214
418	340
418	385
418	486
486	38
486	83
486	123
486	205
486	214
486	340
486	385
7	714
7	752
7	793
714	43
714	225
714	358
714	367
714	378
714	435
714	546
714	602
714	615
714	624
714	626
714	720
714	744
714	752
714	793
714	798
714	820
714	823
714	852
714	867
714	877
714	890
752	267
752	378
752	414
752	435
752	562
752	589
752	602
793	43
793	267
793	378
793	414
793	602
815	43
815	267
815	378
815	562
815	589
815	602
820	175
820	378
820	414
820	562
820	589
820	602
823	175
823	378
823	562
823	589
823	602
852	43
852	175
852	267
852	414
852	562
852	589
852	602
867	43
867	267
867	378
867	414
867	562
867	589
867	602
877	43
877	175
877	267
877	378
877	414
877	562
877	589
890	43
890	175
890	267
890	378
890	414
890	562
890	589
890	602
8	613
8	851
8	864
8	865
8	884
8	893
8	897
8	903
613	174
613	375
613	683
613	721
613	811
613	834
613	864
613	865
613	866
613	884
613	893
613	897
613	906
851	279
851	419
851	427
851	432
851	465
851	469
851	645
851	721
851	834
851	866
851	879
851	893
851	903
864	76
864	174
864	346
864	370
864	406
864	427
864	432
864	465
864	645
864	834
864	865
864	866
864	903
864	906
865	130
865	346
865	370
865	419
865	432
865	472
865	645
865	683
865	685
865	811
865	834
865	858
865	884
865	897
865	903
879	76
879	130
879	174
879	279
879	346
879	370
879	419
879	427
879	465
879	472
879	483
879	645
879	683
879	811
879	834
879	858
879	896
879	906
884	76
884	279
884	432
884	465
884	483
884	541
884	645
884	834
884	893
884	906
893	130
893	223
893	279
893	370
893	375
893	406
893	427
893	432
893	483
893	541
893	645
893	858
897	76
897	223
897	370
897	419
897	432
897	469
897	683
897	834
897	858
897	866
897	903
897	906
903	76
903	174
903	223
903	375
903	419
903	427
903	432
903	465
903	469
903	472
903	541
903	645
903	721
903	866
903	896
906	76
906	279
906	346
906	432
906	465
906	645
906	811
906	834
906	866
906	896
9	67
9	230
9	455
9	460
9	637
9	644
9	650
9	659
9	730
9	784
67	217
67	302
67	650
67	700
67	730
67	743
67	784
230	124
230	231
230	416
230	460
230	700
455	217
455	335
455	460
455	494
455	743
455	784
460	217
460	335
460	377
460	463
460	637
460	650
460	743
637	119
637	217
637	218
637	377
637	494
637	650
644	115
644	119
644	124
644	377
644	463
644	659
650	124
650	598
650	659
659	302
659	416
659	730
730	218
730	494
730	598
10	27
10	94
10	100
10	103
10	166
10	216
10	220
10	250
10	273
27	63
27	100
27	103
27	166
27	216
27	220
27	250
27	273
94	58
94	63
94	100
94	103
94	159
94	216
94	220
94	250
94	273
100	58
100	159
100	166
100	216
100	220
100	250
100	273
103	63
103	166
103	216
103	220
103	250
103	273
159	58
159	63
159	166
159	216
159	220
159	250
159	273
166	58
166	63
166	216
166	220
166	250
166	273
216	58
216	63
216	220
216	250
216	273
220	58
220	250
220	273
250	58
250	63
250	273
273	58
273	63
11	927
11	947
11	960
11	980
11	981
11	982
917	290
917	408
917	442
917	445
917	487
917	530
917	566
917	582
917	726
917	745
917	816
917	818
917	927
917	941
917	947
917	960
917	979
917	980
917	981
917	982
927	188
927	195
927	363
927	374
927	409
927	424
927	501
927	522
927	530
927	582
927	590
927	673
927	690
927	742
927	824
927	967
927	969
927	977
927	984
947	66
947	195
947	317
947	363
947	374
947	409
947	424
947	501
947	522
947	530
947	561
947	582
947	590
947	673
947	690
947	742
947	824
947	967
947	969
947	977
947	984
960	66
960	136
960	188
960	317
960	363
960	374
960	409
960	424
960	501
960	522
960	561
960	590
960	673
960	690
960	742
960	824
960	967
960	969
960	977
960	984
969	32
969	196
969	325
969	408
969	442
969	445
969	450
969	487
969	530
969	566
969	582
969	673
969	726
969	745
969	816
969	818
969	941
969	979
969	980
969	981
969	982
977	32
977	104
977	196
977	290
977	325
977	408
977	442
977	445
977	450
977	487
977	530
977	566
977	582
977	673
977	726
977	745
977	816
977	818
977	941
977	979
977	980
977	981
977	982
980	66
980	136
980	188
980	195
980	317
980	363
980	374
980	409
980	424
980	501
980	522
980	530
980	561
980	582
980	590
980	673
980	690
980	742
980	824
980	967
980	984
981	66
981	136
981	188
981	195
981	317
981	363
981	374
981	409
981	424
981	501
981	522
981	530
981	561
981	582
981	590
981	673
981	690
981	742
981	824
981	967
981	984
982	66
982	136
982	188
982	195
982	317
982	363
982	374
982	409
982	424
982	501
982	522
982	530
982	561
982	582
982	590
982	673
982	690
982	742
982	824
982	967
982	984
984	32
984	104
984	196
984	290
984	325
984	408
984	442
984	445
984	450
984	487
984	530
984	566
984	582
984	673
984	726
984	745
984	816
984	818
984	941
984	979
12	534
12	717
12	904
164	657
164	779
164	840
534	535
534	631
534	654
534	706
631	158
631	332
631	513
631	549
631	581
631	750
717	178
717	344
717	405
717	431
717	513
717	649
717	654
717	689
779	30
779	178
779	266
779	431
779	535
878	30
878	332
878	535
878	649
878	750
891	178
891	332
891	344
891	431
891	535
891	677
891	706
894	42
894	158
894	266
894	431
894	535
894	909
904	30
904	431
904	535
904	549
904	857
909	30
909	42
909	431
909	535
909	750
13	75
13	451
13	537
13	563
13	785
13	791
13	837
75	255
75	407
75	473
75	563
75	668
75	722
75	837
451	145
451	244
451	326
451	362
451	446
451	668
451	703
451	739
451	791
537	145
537	160
537	251
537	362
537	446
537	473
537	557
537	668
537	739
537	785
537	791
537	837
563	160
563	255
563	354
563	362
563	368
563	386
563	557
563	668
563	693
563	785
563	791
668	118
668	145
668	160
668	244
668	251
668	326
668	354
668	473
668	703
668	722
668	785
668	791
693	47
693	244
693	326
693	354
693	368
693	386
693	404
693	446
693	473
693	557
693	703
693	722
693	739
693	785
693	791
722	47
722	160
722	251
722	255
722	354
722	362
722	368
722	404
722	407
722	557
722	703
722	739
722	785
722	791
722	837
785	118
785	145
785	160
785	251
785	255
785	326
785	362
785	407
785	473
785	557
785	791
791	47
791	118
791	145
791	160
791	244
791	251
791	255
791	326
791	354
791	362
791	368
791	386
791	407
791	473
791	557
791	703
791	739
791	837
837	47
837	118
837	145
837	160
837	244
837	326
837	354
837	362
837	404
837	407
837	446
837	557
837	703
14	20
14	41
14	44
14	69
14	81
14	110
14	122
14	139
14	150
14	184
20	69
20	81
20	89
20	110
20	122
20	139
41	81
41	89
41	110
41	122
41	139
44	69
44	81
44	89
44	110
44	122
44	139
69	122
69	139
69	150
69	184
81	122
81	139
81	150
81	184
110	122
110	139
110	150
110	184
122	89
122	139
122	150
122	184
139	89
139	150
139	184
150	89
184	89
15	687
15	712
15	825
15	856
15	892
623	79
623	200
623	413
623	748
623	762
623	768
623	856
687	79
687	85
687	484
687	601
687	708
687	856
712	88
712	311
712	708
712	748
712	760
712	801
712	856
760	138
760	384
760	548
760	738
760	748
760	801
760	856
801	138
801	140
801	192
801	311
801	748
801	856
825	77
825	148
825	186
825	192
825	708
825	748
825	856
856	79
856	132
856	138
856	140
856	143
856	186
856	192
856	246
856	311
856	384
856	413
856	484
856	548
856	601
856	605
856	671
856	708
856	738
856	762
856	768
856	806
856	892
856	913
856	923
892	79
892	708
892	748
913	708
913	748
913	806
923	708
923	748
16	848
16	881
16	932
16	966
16	968
16	972
848	28
848	93
848	459
848	702
848	797
848	881
848	966
848	972
881	262
881	459
881	573
881	665
881	695
881	799
881	966
881	972
886	151
886	524
886	583
886	665
886	666
886	695
886	900
886	932
886	966
886	972
900	93
900	151
900	198
900	461
900	492
900	524
900	665
900	666
900	966
900	972
924	93
924	262
924	299
924	665
924	666
924	695
924	797
924	966
924	968
924	972
932	128
932	151
932	262
932	299
932	583
932	665
932	702
932	853
932	966
932	972
939	28
939	57
939	59
939	209
939	262
939	299
939	403
939	665
939	667
939	966
939	972
966	28
966	56
966	57
966	59
966	93
966	128
966	151
966	198
966	262
966	271
966	298
966	299
966	403
966	459
966	461
966	492
966	524
966	573
966	583
966	665
966	666
966	667
966	695
966	702
966	728
966	746
966	773
966	797
966	799
966	853
966	922
966	928
966	948
966	959
966	968
966	972
968	28
968	209
968	299
968	665
968	972
972	28
972	56
972	57
972	59
972	93
972	128
972	151
972	198
972	209
972	262
972	271
972	298
972	299
972	403
972	459
972	461
972	492
972	524
972	573
972	583
972	665
972	666
972	667
972	695
972	702
972	728
972	746
972	773
972	797
972	799
972	853
972	922
972	928
972	948
972	959
17	161
17	256
17	382
17	591
17	593
17	608
17	612
17	646
17	647
161	261
161	319
161	575
161	591
161	593
161	646
161	647
256	34
256	199
256	248
256	361
256	371
256	382
256	575
256	593
256	612
256	646
256	647
319	34
319	144
319	261
319	361
319	591
319	612
319	646
319	647
382	144
382	253
382	261
382	343
382	361
382	381
382	575
382	646
591	144
591	261
591	343
591	361
591	371
591	381
591	593
591	608
591	646
591	647
593	34
593	144
593	199
593	248
593	253
593	261
593	343
593	361
593	371
593	381
593	575
593	608
593	612
593	646
593	647
608	34
608	253
608	343
608	371
608	422
608	646
608	647
612	199
612	261
612	343
612	371
612	575
612	646
612	647
646	34
646	144
646	199
646	248
646	253
646	261
646	343
646	361
646	371
646	575
646	647
647	34
647	144
647	199
647	248
647	343
647	361
647	371
18	596
18	600
18	741
18	843
18	874
596	284
596	310
596	505
596	572
596	600
596	698
596	735
596	741
596	782
596	790
596	843
596	895
600	215
600	284
600	392
600	606
600	698
600	843
600	874
600	951
741	106
741	215
741	392
741	477
741	572
741	766
741	782
741	874
741	914
775	270
775	310
775	389
775	558
775	606
775	617
775	653
775	749
775	766
775	790
775	874
775	887
775	895
775	944
843	106
843	133
843	215
843	227
843	270
843	331
843	558
843	686
843	782
843	849
843	889
874	133
874	239
874	558
874	617
874	629
874	653
874	698
874	699
874	749
874	887
874	895
889	133
889	215
889	284
889	331
889	350
889	352
889	505
889	629
889	735
889	749
889	849
944	29
944	106
944	331
944	477
944	558
944	653
944	686
944	698
944	790
951	215
951	239
951	331
951	350
951	554
951	617
951	973
973	227
973	270
973	310
973	331
973	617
973	699
973	766
19	337
19	579
19	685
19	692
19	704
163	53
163	434
163	523
163	579
163	692
163	704
337	71
337	224
337	280
337	579
337	692
337	704
547	224
547	272
547	280
547	585
547	692
547	704
579	53
579	70
579	272
579	280
579	324
579	434
579	523
579	555
579	585
579	685
579	692
579	704
579	734
579	758
579	761
685	169
685	692
685	704
692	70
692	71
692	169
692	224
692	280
692	324
692	333
692	434
692	447
692	523
692	555
692	585
692	704
692	734
692	758
692	761
704	70
704	108
704	169
704	224
704	272
704	280
704	324
704	333
704	434
704	447
704	523
704	585
704	734
704	758
704	761
22	574
22	680
22	701
22	719
22	832
22	912
22	920
574	263
574	468
574	526
574	576
574	670
574	817
574	832
574	863
574	873
574	920
680	167
680	458
680	497
680	576
680	634
680	635
680	640
680	648
680	681
680	817
701	496
701	632
701	640
701	670
701	672
701	681
701	873
701	876
719	37
719	62
719	458
719	526
719	576
719	672
719	873
832	468
832	496
832	526
832	576
832	873
912	167
912	249
912	263
912	497
912	863
912	873
912	876
912	899
920	327
920	536
920	640
920	670
920	681
920	873
954	62
954	263
954	536
954	640
954	678
954	873
963	62
963	263
963	640
963	873
963	880
970	263
970	318
970	640
970	873
23	55
23	286
23	315
23	364
23	399
55	286
55	315
55	364
55	399
121	364
121	399
179	286
179	315
179	364
179	399
275	286
275	315
275	364
275	399
286	190
286	206
286	282
286	315
286	322
286	359
286	364
286	399
286	412
315	190
315	206
315	282
315	322
315	359
315	364
315	399
315	412
322	364
322	399
364	190
364	206
364	282
364	359
364	399
364	412
399	190
399	206
399	282
399	359
399	412
24	808
24	918
24	945
24	949
24	958
24	971
24	974
764	50
764	242
764	652
764	808
764	831
764	918
764	937
764	945
764	949
764	958
764	971
764	974
808	436
808	510
808	514
808	639
808	658
808	694
808	754
808	822
808	833
808	871
808	883
808	949
808	964
808	965
808	976
918	54
918	80
918	92
918	147
918	305
918	401
918	436
918	510
918	514
918	519
918	539
918	551
918	580
918	622
918	639
918	652
918	682
918	694
918	754
918	774
918	812
918	822
918	831
918	833
918	871
918	883
918	937
918	945
918	949
918	958
918	964
918	965
918	971
918	974
918	976
945	204
945	240
945	288
945	306
945	401
945	436
945	510
945	514
945	639
945	658
945	694
945	754
945	774
945	822
945	833
945	871
945	883
945	949
945	964
945	965
945	976
949	50
949	54
949	80
949	113
949	147
949	204
949	240
949	242
949	288
949	305
949	306
949	401
949	510
949	514
949	519
949	539
949	551
949	580
949	622
949	639
949	652
949	682
949	694
949	754
949	812
949	822
949	831
949	833
949	871
949	883
949	937
949	958
949	964
949	965
949	971
949	974
949	976
958	92
958	147
958	204
958	240
958	288
958	306
958	401
958	436
958	510
958	514
958	658
958	694
958	754
958	774
958	822
958	833
958	871
958	883
958	964
958	965
958	976
965	54
965	80
965	113
965	242
965	305
965	401
965	519
965	539
965	551
965	580
965	622
965	652
965	682
965	812
965	831
965	937
965	971
965	974
971	92
971	204
971	240
971	288
971	401
971	436
971	510
971	514
971	639
971	658
971	694
971	754
971	774
971	822
971	833
971	871
971	883
971	964
971	976
974	147
974	204
974	240
974	288
974	306
974	401
974	436
974	510
974	514
974	639
974	658
974	694
974	754
974	774
974	822
974	833
974	871
974	883
974	964
974	976
976	50
976	54
976	80
976	113
976	242
976	305
976	401
976	519
976	539
976	551
976	580
976	622
976	652
976	682
976	812
976	831
976	937
25	902
25	905
25	908
25	934
25	936
25	957
862	180
862	268
862	323
862	356
862	515
862	543
862	597
862	607
862	729
862	736
862	781
862	829
862	836
862	902
862	905
862	915
862	934
862	957
888	323
888	334
888	415
888	503
888	515
888	543
888	559
888	597
888	729
888	736
888	829
888	836
888	902
888	905
888	908
888	936
888	957
902	294
902	323
902	334
902	430
902	464
902	543
902	559
902	607
902	736
902	836
902	905
902	926
902	934
902	936
902	957
905	180
905	222
905	268
905	294
905	323
905	356
905	360
905	415
905	430
905	464
905	503
905	543
905	597
905	607
905	625
905	664
905	729
905	731
905	736
905	753
905	759
905	781
905	836
905	854
905	908
905	915
905	926
905	934
905	935
905	936
905	957
908	182
908	211
908	268
908	294
908	360
908	430
908	464
908	507
908	515
908	543
908	607
908	625
908	731
908	829
908	836
908	854
908	915
908	934
908	957
926	149
926	294
926	323
926	415
926	430
926	464
926	515
926	543
926	731
926	753
926	759
926	829
926	836
926	854
926	934
926	935
926	957
934	180
934	182
934	211
934	323
934	430
934	543
934	597
934	607
934	625
934	736
934	829
934	836
934	957
935	182
935	222
935	334
935	356
935	360
935	415
935	503
935	515
935	543
935	625
935	664
935	753
935	759
935	781
935	836
935	936
935	957
936	149
936	222
936	334
936	360
936	430
936	503
936	507
936	543
936	597
936	731
936	759
936	829
936	836
936	915
936	957
957	149
957	180
957	182
957	211
957	222
957	268
957	294
957	323
957	334
957	356
957	360
957	415
957	430
957	464
957	503
957	507
957	515
957	543
957	559
957	597
957	607
957	625
957	664
957	729
957	731
957	736
957	753
957	759
957	781
957	829
957	836
957	854
957	915
123	205
123	214
123	385
214	83
214	205
214	340
214	385
340	38
340	83
340	205
28	799
28	959
799	299
799	403
799	583
799	728
799	773
928	56
928	57
928	93
928	151
928	298
928	403
928	665
928	695
948	128
948	198
948	209
948	299
948	665
959	209
959	299
959	665
959	746
959	853
29	352
29	572
29	766
29	782
29	849
29	914
352	606
352	766
352	914
572	477
572	617
572	686
572	698
572	699
572	735
766	284
766	310
766	331
766	350
766	389
766	686
766	749
766	790
766	849
782	106
782	350
782	477
782	558
782	617
782	629
782	653
782	698
782	735
782	914
849	106
849	227
849	270
849	331
849	525
849	606
849	653
849	887
849	895
914	227
914	331
914	554
914	749
914	790
30	535
30	649
30	657
30	706
30	737
30	840
535	42
535	549
535	654
535	677
535	689
535	706
535	737
535	840
535	850
649	405
649	431
649	513
649	549
649	677
657	42
657	332
657	344
657	405
657	581
657	677
706	266
706	344
706	431
706	850
737	341
737	405
737	431
737	549
737	689
840	158
840	341
840	750
31	74
31	114
31	125
31	194
31	213
31	274
31	393
31	488
31	512
31	518
74	125
74	187
74	191
114	98
114	191
114	194
125	87
125	187
125	236
125	393
194	191
194	274
213	87
213	98
213	236
213	274
274	98
393	87
488	87
512	87
518	87
32	290
32	967
290	673
290	742
290	967
967	104
967	196
967	325
967	408
967	445
967	450
967	487
967	530
967	566
967	582
967	673
967	726
967	745
967	816
967	818
967	941
967	979
979	66
979	136
979	188
979	195
979	317
979	363
979	374
979	409
979	424
979	501
979	522
979	530
979	561
979	582
979	590
979	673
979	690
979	742
979	824
38	205
248	144
248	361
248	575
381	144
381	253
381	343
381	361
381	575
575	199
575	261
575	343
575	361
35	177
35	292
35	379
35	438
35	441
35	444
35	479
35	491
35	498
35	500
177	438
177	441
292	126
292	357
292	438
292	441
292	500
379	126
379	357
379	438
379	441
379	500
438	64
438	126
438	277
438	283
438	355
438	357
438	437
438	441
438	444
438	498
438	500
441	64
441	277
441	283
441	355
441	357
441	437
441	444
441	479
441	491
441	500
444	126
444	357
444	500
479	126
479	357
479	500
491	126
491	357
491	500
498	126
498	357
498	500
500	64
500	126
500	277
500	283
500	355
500	357
500	437
36	226
36	312
36	570
168	72
168	308
168	313
168	570
226	329
226	517
226	570
308	72
308	329
308	433
308	570
312	313
312	329
312	330
312	433
312	502
312	570
502	313
502	329
502	433
502	570
517	313
517	329
517	433
517	570
553	313
553	329
553	433
553	570
565	313
565	329
565	433
565	570
569	313
569	329
569	433
569	570
570	72
570	233
570	313
570	329
570	330
570	410
570	422
570	433
37	634
37	873
37	880
37	882
634	127
634	167
634	327
634	526
634	873
634	880
634	899
873	249
873	263
873	454
873	458
873	489
873	496
873	497
873	576
873	632
873	635
873	640
873	648
873	670
873	678
873	681
873	817
873	863
873	876
873	880
873	882
873	899
873	929
880	249
880	318
880	496
880	632
880	640
880	681
880	899
882	263
882	327
882	497
882	635
882	640
882	670
882	672
929	127
929	263
929	269
929	318
929	576
929	640
929	817
40	669
669	95
669	129
669	448
669	595
669	620
669	642
669	751
751	197
751	397
751	440
42	689
42	750
42	850
689	158
689	178
689	332
689	581
750	266
750	405
750	850
850	158
850	266
850	431
850	549
857	158
857	178
857	266
857	405
857	431
43	562
43	626
43	798
562	154
562	175
562	297
562	358
562	367
562	485
562	589
562	713
562	798
626	109
626	154
626	225
626	267
626	589
626	602
798	175
798	267
798	378
798	589
798	602
45	153
45	320
45	533
45	568
45	716
45	770
45	826
45	835
45	847
153	293
153	630
153	757
153	770
153	819
153	826
153	835
153	847
153	859
320	137
320	162
320	171
320	571
320	577
320	716
320	770
320	819
320	826
533	162
533	252
533	260
533	577
533	603
533	630
533	716
533	770
533	819
533	826
533	835
533	847
533	859
568	260
568	349
568	369
568	390
568	564
568	577
568	603
568	710
568	757
568	770
568	819
568	847
716	229
716	252
716	254
716	293
716	349
716	369
716	540
716	564
716	603
716	710
716	757
716	770
716	847
716	859
770	60
770	137
770	229
770	349
770	369
770	390
770	540
770	564
770	577
770	603
770	710
770	757
770	819
770	826
770	859
826	60
826	137
826	162
826	171
826	229
826	260
826	293
826	349
826	369
826	577
826	603
826	859
835	162
835	229
835	252
835	254
835	260
835	349
835	369
835	390
835	474
835	540
835	564
835	571
835	577
835	603
835	630
835	710
835	757
835	847
847	60
847	162
847	171
847	229
847	254
847	260
847	293
847	349
847	369
847	474
847	571
847	577
847	603
847	630
847	757
847	859
859	60
859	162
859	229
859	254
859	260
859	293
859	349
859	390
859	474
859	577
859	603
859	757
46	992
46	993
46	999
986	102
986	387
986	901
986	933
990	289
990	353
990	901
990	933
992	901
992	933
993	901
993	933
994	102
994	172
994	901
994	933
996	901
996	933
997	102
997	901
997	933
998	73
998	901
998	933
999	901
999	933
1000	102
1000	901
1000	933
47	145
47	244
47	368
47	407
47	739
145	160
145	407
145	703
145	739
244	326
244	407
244	703
368	354
368	362
368	557
368	703
407	473
407	557
407	703
407	739
739	118
739	251
739	362
739	404
739	446
739	473
739	557
50	883
50	964
812	204
812	240
812	510
812	658
812	694
812	754
812	774
812	822
812	833
812	871
812	883
812	964
883	80
883	242
883	519
883	539
883	580
883	622
883	652
883	831
883	937
964	80
964	113
964	242
964	305
964	401
964	519
964	539
964	551
964	580
964	622
964	652
964	682
964	831
964	937
51	532
51	633
51	860
51	911
51	919
532	618
532	641
532	800
532	827
532	919
633	520
633	538
633	684
633	718
633	860
765	328
765	552
765	674
765	711
765	718
765	776
765	898
765	911
827	328
827	449
827	618
827	788
827	800
839	383
839	475
839	599
839	618
839	641
839	674
839	788
860	314
860	383
860	599
860	718
860	792
860	800
911	201
911	241
911	380
911	925
919	201
919	641
919	931
931	201
931	872
940	201
677	431
677	581
677	654
53	71
53	169
53	447
53	585
71	108
71	324
169	523
169	555
447	272
447	585
585	108
54	871
831	147
831	306
831	436
831	514
831	639
831	658
831	694
831	754
831	774
831	822
831	871
871	113
871	519
871	551
871	580
871	622
871	652
871	682
871	937
937	92
937	147
937	204
937	240
937	306
937	401
937	436
937	510
937	639
937	658
937	754
937	774
937	822
937	833
359	176
56	773
56	797
773	299
773	524
773	573
773	665
773	666
773	702
773	797
797	298
797	665
797	702
797	746
922	128
922	209
922	298
922	299
922	524
922	665
922	667
922	695
59	728
728	271
728	403
728	573
728	665
60	390
60	564
60	577
60	710
60	757
390	171
390	254
390	474
390	577
390	603
390	819
564	171
564	349
564	369
564	474
564	540
564	571
564	577
564	603
564	630
577	162
577	260
577	369
577	571
577	630
577	710
577	819
710	171
710	229
710	254
710	260
710	349
710	369
710	474
710	571
710	630
757	137
757	162
757	229
757	252
757	254
757	260
757	293
757	349
757	369
757	474
757	571
757	603
819	137
819	171
819	229
819	252
819	254
819	260
819	349
819	369
819	474
819	540
819	571
819	603
819	630
61	235
61	281
61	396
61	480
61	584
61	636
61	740
235	471
235	480
235	521
235	584
235	619
235	740
281	307
281	347
281	396
281	482
281	499
281	521
281	655
281	740
396	232
396	234
396	351
396	480
396	499
396	740
480	482
480	499
480	584
480	619
480	655
480	675
480	740
521	391
521	471
521	482
521	490
521	499
521	516
521	740
584	301
584	347
584	482
584	675
584	740
621	234
621	307
621	347
621	471
621	490
621	655
621	740
636	301
636	307
636	347
636	471
636	655
636	675
636	740
655	234
655	307
655	351
655	391
655	471
655	490
655	740
740	232
740	234
740	301
740	307
740	347
740	351
740	391
740	471
740	482
740	490
740	499
740	516
740	619
740	675
62	576
62	817
62	863
576	458
576	489
576	863
817	458
817	640
817	678
863	127
863	167
863	249
863	263
863	468
863	489
863	640
863	672
863	678
876	167
876	269
876	318
876	497
876	632
876	640
876	681
64	277
64	357
357	126
357	283
357	355
357	437
65	295
65	304
65	345
65	395
65	462
65	616
65	651
65	724
295	304
295	456
295	466
295	578
295	592
295	594
295	616
295	651
295	656
304	321
304	366
304	466
304	578
304	616
304	627
304	651
304	656
304	724
345	189
345	321
345	366
345	478
345	493
345	578
345	594
345	627
345	651
345	656
345	724
395	176
395	423
395	456
395	493
395	578
395	592
395	594
395	616
395	627
395	656
395	724
462	189
462	366
462	423
462	466
462	493
462	578
462	592
462	594
462	627
462	651
462	656
462	724
478	189
478	366
478	466
478	493
478	578
478	592
478	594
478	616
478	656
478	724
594	176
594	303
594	423
594	456
594	493
594	578
594	592
594	651
594	656
594	724
616	176
616	189
616	303
616	321
616	366
616	423
616	493
616	592
616	627
616	651
616	656
616	724
651	189
651	303
651	366
651	423
651	466
651	627
651	656
724	189
724	321
724	423
724	456
724	493
724	578
724	627
724	656
824	325
824	450
824	530
824	582
824	673
824	726
824	745
824	816
824	818
824	941
217	107
217	115
302	335
302	377
302	463
302	598
302	743
598	115
598	218
598	494
700	107
700	119
700	231
743	107
743	463
68	84
84	78
70	333
333	324
333	523
333	555
555	108
555	224
555	434
72	433
233	329
233	410
233	433
410	313
410	433
433	313
433	329
433	330
433	422
73	985
73	991
73	995
985	901
985	933
987	353
987	901
987	933
991	901
991	933
995	172
995	901
995	933
187	87
191	87
470	87
255	118
255	251
255	404
255	446
255	557
255	703
473	251
473	404
473	446
473	703
76	811
76	834
76	866
76	896
811	223
811	406
811	432
811	465
811	472
811	541
811	645
811	834
811	858
834	130
834	223
834	370
834	406
834	427
834	432
834	483
834	541
834	645
866	174
866	279
866	375
866	406
866	419
866	432
866	541
866	645
866	683
866	721
866	896
896	130
896	174
896	223
896	346
896	375
896	432
896	469
896	645
896	721
896	858
77	738
77	806
738	88
738	148
738	384
738	548
738	601
738	708
738	748
738	762
762	140
762	148
762	413
762	548
762	708
762	748
762	768
806	85
806	200
806	311
806	708
806	748
78	397
397	642
79	601
79	605
79	748
601	132
601	140
601	143
601	186
601	192
601	748
601	768
605	143
605	148
605	186
605	246
605	413
605	484
605	708
748	85
748	132
748	140
748	148
748	192
748	200
748	413
748	484
748	548
748	671
748	708
80	306
306	288
82	237
82	907
82	938
82	956
82	975
237	429
237	841
237	868
237	930
237	938
237	946
237	955
237	956
237	961
237	975
813	152
813	238
813	316
813	398
813	611
813	660
813	709
813	715
813	732
813	772
813	786
813	787
813	794
813	805
813	868
813	870
813	938
813	953
813	955
813	956
813	975
907	91
907	296
907	467
907	481
907	495
907	509
907	556
907	696
907	769
907	772
907	868
907	938
907	946
907	956
907	961
930	91
930	152
930	238
930	296
930	316
930	429
930	495
930	611
930	715
930	769
930	772
930	787
930	794
930	805
930	868
930	938
930	953
930	955
930	956
930	975
938	91
938	142
938	152
938	212
938	247
938	291
938	296
938	342
938	398
938	429
938	467
938	481
938	506
938	509
938	611
938	660
938	676
938	696
938	709
938	715
938	732
938	769
938	772
938	786
938	787
938	805
938	841
938	868
938	870
938	946
938	953
938	955
938	956
938	961
938	975
946	152
946	238
946	247
946	398
946	495
946	509
946	556
946	660
946	676
946	709
946	769
946	794
946	868
946	953
946	956
955	91
955	152
955	212
955	429
955	495
955	509
955	556
955	660
955	709
955	769
955	772
955	841
955	868
955	956
956	91
956	142
956	152
956	212
956	238
956	247
956	291
956	296
956	316
956	342
956	398
956	429
956	467
956	481
956	495
956	506
956	556
956	611
956	676
956	696
956	709
956	715
956	732
956	769
956	772
956	786
956	787
956	794
956	805
956	841
956	868
956	870
956	953
956	961
956	975
961	91
961	142
961	291
961	481
961	495
961	506
961	509
961	556
961	611
961	709
961	769
961	772
961	787
961	794
961	805
961	868
961	870
975	91
975	212
975	291
975	342
975	467
975	481
975	509
975	556
975	611
975	794
975	868
975	870
85	143
85	708
143	132
143	671
708	88
708	138
708	148
708	200
708	311
708	384
708	548
708	671
708	768
87	98
88	484
88	671
484	192
484	671
484	768
671	140
671	192
671	311
90	394
90	417
90	425
90	443
90	511
90	588
96	348
96	394
96	425
96	529
96	588
394	112
394	309
394	443
394	452
394	529
394	544
394	567
394	586
394	588
417	219
417	309
417	425
417	443
417	452
417	529
417	544
417	567
417	586
417	588
425	219
425	309
425	339
425	348
425	443
425	452
425	511
425	529
425	544
425	567
425	586
425	588
443	207
443	219
443	309
443	348
443	452
443	511
443	529
443	544
443	567
443	586
443	588
511	112
511	219
511	309
511	452
511	529
511	544
511	567
511	586
511	588
544	207
544	339
544	529
544	588
567	207
567	339
567	348
567	529
567	588
586	207
586	339
586	348
586	529
586	588
588	112
588	207
588	219
588	309
588	339
588	348
588	452
588	529
91	787
91	868
91	953
787	467
787	495
787	556
787	676
787	715
787	732
787	805
787	868
787	870
868	142
868	247
868	316
868	398
868	467
868	481
868	495
868	506
868	509
868	556
868	611
868	660
868	676
868	709
868	715
868	732
868	772
868	805
868	841
868	953
953	142
953	212
953	238
953	316
953	342
953	429
953	481
953	509
953	660
953	732
953	870
92	682
682	147
682	401
682	639
682	754
682	774
774	401
774	539
774	580
774	652
93	853
853	198
853	299
853	403
853	459
853	492
112	207
112	529
348	452
348	529
529	207
529	219
529	309
529	339
529	452
101	595
101	620
595	141
595	440
620	141
941	136
941	188
941	317
941	374
941	409
941	424
941	501
941	522
941	530
941	561
941	590
941	673
941	690
941	742
106	284
106	790
284	629
790	227
790	287
790	331
790	350
790	525
790	606
790	895
107	416
107	494
416	335
416	377
416	494
494	218
494	231
494	377
494	463
523	280
109	367
109	546
109	624
109	713
109	744
367	546
367	589
546	435
546	485
624	175
624	414
624	589
713	175
713	378
713	589
744	378
744	414
744	589
111	771
771	208
771	221
771	258
771	527
771	531
771	628
771	663
802	116
802	173
802	258
802	411
802	508
802	531
802	628
802	643
802	663
802	679
802	809
838	638
838	643
838	747
838	875
875	221
875	388
875	531
875	814
207	219
207	452
309	339
113	822
822	242
822	519
822	580
115	119
115	218
119	335
218	335
218	463
116	258
116	679
258	763
679	376
679	527
118	160
118	362
118	557
118	703
362	386
362	446
386	326
386	354
386	404
386	446
386	557
557	251
557	326
557	404
557	446
557	703
703	251
703	354
335	124
335	377
124	463
463	231
126	283
126	437
127	670
127	681
670	269
670	496
670	648
681	327
681	496
128	702
702	524
702	666
702	667
702	695
130	721
721	419
721	432
721	469
721	541
721	645
858	174
858	223
858	279
858	346
858	375
858	419
858	427
858	465
858	483
858	541
858	645
858	683
132	384
384	413
133	310
133	525
310	270
310	606
310	686
310	699
310	895
525	554
525	629
525	653
525	686
525	887
525	895
887	239
887	350
887	389
887	392
887	554
887	606
887	698
135	210
135	439
135	542
135	550
135	560
210	264
210	400
210	457
210	528
210	545
210	614
428	203
428	285
428	373
428	439
428	560
439	203
439	278
439	400
457	285
457	400
457	545
476	259
476	278
476	542
476	545
476	614
528	285
542	259
550	264
550	278
587	264
587	373
137	540
137	603
137	630
540	171
540	252
540	293
540	349
540	474
540	571
540	603
603	171
603	229
603	369
603	630
630	162
630	349
630	369
630	474
630	571
138	246
138	548
246	311
246	548
548	768
768	186
768	311
141	642
642	440
142	772
142	870
772	152
772	247
772	291
772	481
772	676
772	696
772	794
870	429
870	467
870	506
870	509
870	556
870	611
870	709
870	841
149	360
149	543
149	829
149	915
360	731
360	781
360	836
360	915
543	515
543	664
543	736
543	753
543	836
543	915
664	180
664	415
664	515
664	607
664	736
664	753
664	829
664	836
664	915
829	180
829	211
829	268
829	464
829	597
829	625
829	731
829	736
829	753
829	836
829	915
915	180
915	334
915	430
915	464
915	507
915	597
915	729
915	759
915	781
915	836
151	746
746	665
746	667
293	229
293	254
293	571
154	602
154	720
602	225
602	267
602	297
602	358
602	435
602	485
602	720
720	175
720	267
720	414
720	589
156	599
156	776
156	800
156	844
599	538
599	552
599	684
599	705
599	792
718	520
718	684
718	705
718	711
718	898
776	201
776	328
776	674
776	821
776	844
776	872
800	201
800	380
800	520
800	538
800	618
844	241
844	449
844	475
844	538
844	711
844	821
872	201
872	241
872	449
872	674
898	328
925	201
925	314
925	449
157	747
157	809
747	376
747	531
747	628
747	663
747	727
747	814
809	243
809	527
809	661
869	173
869	208
869	221
869	243
869	531
869	643
869	661
162	571
571	171
571	474
167	648
648	318
648	468
648	489
648	632
648	640
899	263
899	468
899	489
899	640
313	329
313	330
313	422
173	388
173	763
388	376
388	643
388	755
763	221
763	376
763	508
763	531
763	628
763	814
175	435
435	414
435	485
176	321
176	423
176	466
176	493
176	592
176	627
321	189
321	456
321	578
321	592
321	627
321	656
423	303
423	366
423	456
423	493
423	627
423	656
466	303
466	366
466	493
466	578
466	592
466	627
466	656
493	303
493	456
493	656
592	303
592	366
592	578
592	656
627	189
627	303
627	366
627	456
627	656
178	654
654	344
654	431
654	513
654	581
180	731
180	759
731	222
731	294
731	415
731	607
731	736
731	753
731	759
731	854
759	211
759	268
759	294
759	356
759	503
759	507
759	515
759	753
759	781
759	836
759	854
182	559
182	836
182	854
559	334
559	507
559	753
559	781
559	836
559	854
729	323
729	415
729	430
729	597
729	625
729	753
729	781
729	836
729	854
836	222
836	294
836	334
836	356
836	507
836	515
836	736
836	753
836	781
836	854
854	211
854	356
854	415
854	430
854	503
854	507
854	625
854	753
854	781
189	366
189	578
189	656
366	456
366	656
578	303
578	456
578	656
656	303
656	456
195	530
530	726
530	742
530	816
583	665
199	253
199	343
199	361
199	371
253	343
253	361
343	361
343	371
361	371
201	684
201	788
201	792
684	641
788	328
788	475
788	538
788	552
788	707
792	314
792	475
792	520
792	538
792	707
203	264
203	285
203	373
259	264
259	373
373	400
219	339
339	452
208	663
208	755
663	527
663	628
663	643
663	755
755	508
755	531
755	628
755	638
212	676
676	296
676	506
676	509
676	556
676	611
676	794
841	247
841	316
841	481
841	556
841	660
841	696
841	794
841	805
215	392
215	749
215	895
392	629
392	653
392	698
392	895
749	331
749	477
749	554
749	617
749	629
749	653
895	558
895	653
895	699
221	508
508	661
508	814
222	515
222	625
222	736
515	356
515	430
515	781
625	294
625	415
625	736
625	753
736	268
736	334
736	464
736	781
224	272
225	358
358	297
329	330
227	558
227	735
558	389
558	554
558	629
558	735
735	287
735	389
735	617
735	653
735	699
228	589
228	615
589	297
615	378
229	254
232	301
232	471
232	482
232	516
301	307
301	471
307	471
471	234
471	347
471	351
471	391
471	499
471	619
471	675
482	516
516	234
516	347
516	391
516	490
516	499
516	619
619	234
619	347
619	351
619	499
619	675
675	234
675	347
675	391
675	499
234	490
391	351
391	490
429	506
429	696
429	794
429	805
238	556
238	660
238	769
556	495
556	696
556	715
556	769
556	786
556	805
660	291
660	342
660	398
660	696
660	715
769	291
769	506
769	715
769	732
769	805
239	617
239	653
239	686
239	699
617	270
617	287
617	505
617	629
653	287
653	389
653	505
653	629
686	331
686	477
686	505
686	698
699	270
699	287
699	331
699	606
694	519
694	622
241	383
241	520
241	674
383	674
383	711
520	328
520	380
520	475
641	449
641	475
674	314
674	707
243	628
243	727
628	814
727	376
727	527
727	661
326	404
247	805
805	696
805	709
805	732
805	794
249	526
526	327
526	678
474	260
404	354
814	531
814	638
814	643
262	695
695	665
263	489
263	672
489	318
672	318
672	327
672	632
672	640
267	485
485	414
268	597
597	430
597	507
597	753
597	781
269	458
458	640
635	318
635	454
635	468
635	496
635	536
270	287
270	554
287	505
554	389
554	505
554	606
629	477
629	606
288	622
622	754
622	833
673	442
673	566
673	690
673	726
673	745
673	816
673	818
742	442
742	445
742	726
742	816
742	818
291	316
291	794
794	296
794	342
794	481
794	509
794	709
794	786
296	786
732	398
732	509
732	696
732	709
786	467
786	481
786	506
786	696
786	715
297	414
414	378
299	665
665	524
305	639
305	658
305	833
639	580
658	539
658	580
658	652
833	401
833	539
833	551
833	580
833	652
606	698
314	711
711	538
711	552
317	325
317	582
582	374
582	424
582	561
582	745
582	818
323	781
607	507
781	334
781	464
327	536
536	454
536	497
536	632
536	678
328	705
705	475
705	618
705	707
821	380
821	449
821	475
821	618
331	477
332	581
581	405
581	431
342	398
342	709
709	495
344	513
513	431
346	645
645	465
645	469
645	472
645	541
645	683
350	698
753	464
753	503
753	507
363	818
690	487
690	745
690	816
690	818
818	561
818	590
370	683
683	375
683	406
683	419
374	816
816	501
816	522
816	590
643	531
643	638
401	551
551	514
408	590
409	745
745	501
745	561
411	531
411	638
531	638
989	901
989	933
427	432
432	483
430	503
436	519
436	539
436	652
652	754
445	561
561	726
449	618
618	552
454	496
454	678
678	468
678	632
678	640
640	468
640	497
461	573
461	667
573	492
464	507
467	611
611	495
468	497
469	541
715	495
715	509
487	522
988	901
988	933
661	527
962	901
962	933
978	901
978	933
983	901
983	933
950	901
950	933
952	901
952	933
697	933
933	723
933	733
933	756
933	777
933	780
933	795
933	828
933	830
933	842
933	855
933	901
723	901
901	733
901	756
901	777
901	780
901	795
901	828
901	830
901	842
901	855
#End Disappearing Edges

*Newborn Edges
1	84
1	331
1	486
1	740
84	202
84	331
84	486
84	740
99	146
99	331
99	486
99	740
134	331
134	486
134	740
165	183
165	331
165	486
165	740
183	331
183	486
183	740
183	1000
193	331
193	486
193	740
265	331
265	486
265	740
331	146
331	202
331	486
331	740
486	146
486	202
486	740
740	146
740	202
2	440
2	443
2	669
2	949
440	3
440	78
440	101
440	197
440	397
440	443
440	669
440	789
440	949
443	3
443	78
443	101
443	197
443	397
443	604
443	610
443	669
443	789
443	804
443	810
443	846
443	949
604	78
604	101
604	197
604	397
604	610
604	669
604	789
604	804
604	949
610	78
610	101
610	197
610	397
610	669
610	949
669	3
669	78
669	101
669	949
789	78
789	949
804	3
804	78
804	949
810	949
846	949
949	3
949	78
949	101
949	197
949	397
4	116
4	643
4	727
116	643
116	663
116	814
116	869
116	875
116	885
643	157
643	173
643	577
643	582
643	628
643	679
643	688
643	755
643	763
688	111
688	258
688	388
688	508
688	679
688	809
688	869
727	6
727	208
727	411
727	663
727	771
727	802
727	814
796	221
796	243
796	411
796	582
796	638
796	763
796	771
796	809
885	173
885	221
885	577
885	582
885	747
885	755
910	6
910	376
910	411
910	577
910	582
910	771
910	807
910	861
921	6
921	208
921	376
921	577
921	582
942	6
942	577
942	582
943	6
943	577
943	582
5	21
5	708
21	39
21	708
39	49
39	708
49	185
49	708
97	155
97	708
117	105
117	708
120	105
120	708
155	708
185	708
257	708
708	48
708	105
708	276
6	638
6	661
6	771
6	802
6	869
638	527
638	628
638	663
638	763
638	802
661	208
661	221
661	628
661	679
661	763
661	771
771	157
771	243
771	508
771	763
802	243
802	376
802	388
802	577
802	582
802	747
802	755
802	807
802	869
802	875
869	111
869	258
869	577
869	582
869	875
7	713
7	720
7	798
713	297
713	485
713	626
713	692
720	358
720	546
720	615
720	692
720	820
720	867
798	109
798	297
798	435
798	485
798	624
798	626
798	692
815	109
815	435
815	485
815	546
815	692
820	109
820	154
820	692
820	793
820	852
823	109
823	154
823	225
823	367
823	692
852	154
852	358
852	692
867	358
867	692
877	225
877	692
890	435
890	692
8	368
8	465
8	472
8	537
8	721
8	785
8	811
8	866
368	118
368	473
368	613
368	858
368	866
368	879
368	896
368	903
465	386
465	407
465	537
465	543
465	722
465	739
465	785
465	865
472	407
472	473
472	739
472	837
537	414
537	427
537	483
537	543
537	834
537	858
537	866
537	879
537	884
537	893
537	897
721	118
721	160
721	251
721	354
721	386
721	414
721	703
721	722
721	837
721	879
785	47
785	130
785	419
785	543
785	613
785	811
785	834
785	864
785	865
785	866
785	879
785	884
785	893
785	896
785	906
811	30
811	75
811	130
811	251
811	375
811	386
811	404
811	543
811	703
811	722
811	739
811	837
866	47
866	160
866	223
866	244
866	326
866	354
866	407
866	414
866	543
866	668
866	693
866	703
866	739
866	837
879	13
879	47
879	75
879	118
879	244
879	251
879	326
879	446
879	451
879	543
879	668
879	693
879	703
879	722
879	837
906	13
906	75
906	118
906	362
906	386
906	404
906	407
906	446
906	473
906	543
906	563
906	668
906	722
906	837
9	26
9	229
9	248
9	319
9	336
9	378
9	418
9	500
9	647
9	905
26	144
26	166
26	170
26	378
26	575
26	591
26	647
26	905
229	17
229	199
229	338
229	371
229	378
229	381
229	385
229	575
229	612
229	647
229	905
248	131
248	338
248	378
248	500
248	591
248	905
319	300
319	338
319	340
319	382
319	385
319	418
319	500
319	905
336	123
336	161
336	253
336	340
336	371
336	378
336	608
336	647
336	905
378	131
378	166
378	181
378	340
378	500
378	575
378	591
378	647
378	905
418	17
418	34
418	38
418	199
418	261
418	371
418	575
418	591
418	608
418	905
500	17
500	131
500	144
500	166
500	205
500	300
500	381
500	382
500	385
500	591
500	608
500	905
647	38
647	83
647	166
647	170
647	175
647	181
647	205
647	300
647	338
647	575
647	905
905	17
905	34
905	38
905	83
905	123
905	131
905	144
905	161
905	170
905	175
905	181
905	199
905	205
905	253
905	261
905	300
905	338
905	340
905	371
905	381
905	382
905	385
905	575
905	591
905	608
10	281
10	347
10	482
10	516
10	619
10	621
10	655
10	673
10	675
159	61
159	232
159	315
159	391
159	396
159	482
159	521
159	529
159	636
281	216
281	220
281	267
281	313
281	351
281	516
281	529
281	636
347	216
347	220
347	232
347	235
347	301
347	315
347	529
347	673
482	216
482	235
482	315
482	391
482	396
516	61
516	100
516	216
516	220
516	307
516	480
516	655
516	673
619	27
619	61
619	267
619	313
619	315
619	391
619	396
619	529
619	584
621	27
621	58
621	216
621	220
621	313
621	584
655	58
655	100
655	103
655	216
655	220
655	250
655	267
655	315
655	673
673	27
673	61
673	63
673	216
673	220
673	232
673	234
673	250
673	267
673	307
673	315
673	391
673	490
673	499
673	529
673	584
673	675
675	27
675	61
675	100
675	220
675	250
675	267
675	313
675	315
11	561
11	690
11	742
11	824
11	901
11	967
561	136
561	374
561	409
561	424
561	425
561	501
561	522
561	590
561	742
561	901
561	917
690	66
690	136
690	188
690	195
690	317
690	374
690	424
690	425
690	501
690	590
690	742
690	901
742	66
742	136
742	188
742	195
742	317
742	363
742	374
742	424
742	425
742	501
742	901
824	136
824	188
824	195
824	317
824	363
824	374
824	409
824	424
824	425
824	522
824	901
901	66
901	136
901	188
901	195
901	317
901	363
901	374
901	409
901	424
901	425
901	501
901	522
901	590
901	917
901	967
901	969
901	977
901	984
917	66
917	195
917	374
917	409
917	425
967	66
967	425
969	188
969	425
977	317
977	425
984	425
12	556
12	850
12	873
164	649
164	717
164	750
556	158
556	549
556	581
556	588
556	649
556	654
556	677
556	737
556	750
556	840
556	850
556	873
556	878
556	891
556	894
556	904
556	909
631	266
631	344
631	649
631	717
631	779
631	850
631	873
779	158
779	405
779	750
779	836
779	873
850	343
850	399
850	588
850	836
850	873
873	42
873	52
873	158
873	266
873	332
873	343
873	399
873	405
873	513
873	534
873	549
873	581
873	588
873	654
873	657
873	677
873	706
873	717
873	737
873	750
873	836
873	840
873	857
873	878
873	891
873	894
873	904
873	909
878	42
878	178
878	343
878	588
891	343
891	399
891	588
891	689
891	836
894	343
894	399
894	588
894	836
909	343
909	399
909	588
909	836
13	279
13	469
13	473
13	683
13	903
279	370
279	419
279	563
279	693
279	703
279	864
469	75
469	130
469	370
469	473
469	739
469	834
473	419
473	613
473	834
473	864
473	865
473	896
473	903
668	174
668	255
668	375
668	406
668	427
668	541
668	834
668	851
668	858
668	893
668	896
668	897
668	903
683	30
683	118
683	223
683	346
683	354
683	386
683	404
683	427
683	543
683	703
693	75
693	174
693	541
693	543
693	834
693	851
693	858
693	865
693	884
693	893
693	896
693	897
693	903
722	223
722	326
722	483
722	541
722	543
722	834
722	858
722	864
722	865
722	893
722	896
722	897
722	903
903	30
903	118
903	251
903	255
903	326
903	354
903	362
903	404
903	407
903	414
903	446
903	451
903	703
903	739
14	168
14	308
14	330
14	422
14	441
14	502
14	517
14	553
14	565
14	569
168	226
168	330
168	502
308	233
308	312
308	330
308	441
330	233
330	441
422	43
422	312
422	441
441	36
441	43
441	226
441	233
441	312
441	410
441	502
441	517
441	553
441	565
441	569
502	43
502	233
517	43
517	312
517	410
553	43
553	72
565	43
569	43
15	311
15	768
15	806
15	916
15	966
311	364
311	548
311	601
311	738
311	825
311	916
311	966
623	138
623	601
623	605
623	712
623	760
623	916
623	966
760	79
760	140
760	143
760	364
760	601
760	916
760	966
768	79
768	132
768	148
768	192
768	364
768	605
768	916
768	966
801	79
801	85
801	88
801	364
801	671
801	825
801	916
801	966
806	79
806	140
806	186
806	246
806	364
806	916
806	966
913	364
913	712
913	916
913	966
916	77
916	79
916	85
916	88
916	132
916	138
916	140
916	143
916	148
916	186
916	192
916	246
916	364
916	384
916	413
916	484
916	548
916	601
916	605
916	671
916	687
916	712
916	738
916	762
916	825
916	892
916	923
916	966
923	364
923	966
966	77
966	79
966	85
966	88
966	132
966	138
966	140
966	143
966	148
966	186
966	192
966	200
966	246
966	364
966	384
966	413
966	484
966	548
966	601
966	605
966	671
966	687
966	712
966	738
966	762
966	825
966	892
16	573
16	704
16	799
16	853
16	928
16	948
573	583
573	666
573	667
573	695
573	848
573	928
704	28
704	87
704	262
704	271
704	298
704	461
704	602
704	666
704	702
704	773
704	797
704	799
704	848
704	881
704	886
704	900
704	922
704	939
704	948
704	959
704	968
799	56
799	151
799	524
799	602
799	666
799	702
799	714
853	57
853	59
853	128
853	209
853	262
853	286
853	530
853	602
853	797
886	93
886	271
886	286
886	401
886	461
886	492
886	714
886	728
886	773
900	28
900	87
900	128
900	209
900	271
900	401
900	403
900	459
900	530
900	714
924	68
924	128
924	151
924	298
924	401
924	530
924	602
924	702
924	714
924	848
928	59
928	87
928	262
928	286
928	530
928	602
928	714
928	959
939	56
939	68
939	93
939	128
939	151
939	286
939	401
939	530
939	602
939	714
948	87
948	401
948	602
948	714
948	797
17	144
17	253
17	338
17	340
17	381
144	34
144	83
144	131
144	161
253	170
253	175
253	181
253	300
253	385
338	166
338	175
338	199
340	181
340	575
340	591
340	608
340	612
381	38
381	166
381	205
381	385
18	606
18	766
18	868
18	887
18	895
606	270
606	389
606	477
606	572
606	617
606	645
606	741
606	782
606	868
606	889
766	214
766	227
766	270
766	392
766	525
766	596
766	617
766	629
766	735
766	782
766	843
766	868
766	944
775	106
775	214
775	215
775	284
775	287
775	350
775	554
775	600
775	645
775	646
775	665
775	741
775	849
775	951
868	29
868	139
868	215
868	227
868	284
868	352
868	392
868	558
868	572
868	617
868	629
868	645
868	646
868	653
868	665
868	686
868	698
868	699
868	741
868	749
868	782
868	790
868	843
868	849
868	887
868	895
868	944
868	951
868	973
887	139
887	270
887	352
887	471
887	645
887	665
887	741
887	889
887	895
889	29
889	227
889	471
889	558
889	596
889	645
889	646
889	665
889	699
889	874
895	29
895	214
895	239
895	350
895	471
895	554
895	600
895	665
895	735
944	139
944	214
944	310
944	471
944	596
944	645
944	646
944	665
951	133
951	270
951	287
951	629
951	645
951	665
973	106
973	214
973	287
973	471
973	645
973	646
973	665
19	324
19	438
19	523
19	585
19	972
163	169
163	438
163	447
163	555
163	685
163	972
324	169
324	280
324	555
324	972
438	70
438	71
438	224
438	272
438	280
438	333
438	337
438	555
438	685
438	734
438	758
438	761
438	972
523	53
523	71
523	145
523	337
523	547
523	972
547	145
547	169
547	333
547	337
547	972
585	71
585	145
585	224
585	272
585	337
585	972
734	145
734	972
758	145
758	972
761	145
761	972
972	53
972	70
972	71
972	108
972	145
972	169
972	224
972	272
972	280
972	333
972	337
972	434
972	447
972	555
972	685
20	44
20	640
41	640
44	640
150	640
184	640
22	670
22	863
22	876
22	880
22	882
22	929
22	956
670	432
670	468
670	579
670	635
670	672
670	678
670	681
670	956
863	318
863	327
863	357
863	432
863	496
863	497
863	526
863	536
863	579
863	632
863	635
863	648
863	956
876	37
876	357
876	489
876	574
876	579
876	634
876	635
876	954
876	956
880	62
880	127
880	327
880	458
880	489
880	574
880	576
880	579
880	680
880	956
882	468
882	496
882	536
882	579
882	719
882	817
882	912
882	956
929	249
929	432
929	468
929	579
929	648
929	701
929	956
954	357
954	432
954	579
954	632
954	956
956	37
956	62
956	127
956	167
956	249
956	269
956	318
956	327
956	357
956	432
956	454
956	458
956	468
956	489
956	496
956	497
956	526
956	536
956	574
956	576
956	579
956	632
956	634
956	635
956	648
956	672
956	680
956	701
956	719
956	817
956	832
956	912
956	920
956	963
956	970
963	327
963	357
963	432
963	579
970	167
970	432
970	579
23	190
23	206
23	282
23	359
23	656
121	179
121	656
179	190
179	206
179	656
190	55
190	656
206	55
206	656
275	55
275	282
275	656
282	656
322	55
322	656
359	656
412	656
656	55
24	754
24	774
24	822
24	833
24	871
24	883
24	964
754	92
754	147
754	204
754	240
754	288
754	306
754	436
754	639
754	694
764	92
764	147
764	204
764	240
764	288
764	306
764	436
764	510
764	514
774	147
774	204
774	240
774	306
774	436
774	514
774	658
774	822
822	92
822	204
822	240
822	306
822	510
822	639
833	92
833	147
833	204
833	240
833	288
833	306
833	436
833	514
871	147
871	240
871	288
871	436
871	510
871	883
883	92
883	147
883	204
883	436
883	658
965	288
25	268
25	564
25	571
25	625
25	835
25	856
268	294
268	369
268	464
268	716
268	781
268	888
268	915
564	211
564	323
564	597
564	729
564	731
564	753
564	759
564	781
564	829
564	902
564	915
564	926
564	934
571	153
571	180
571	182
571	334
571	356
571	731
571	753
571	856
571	888
571	908
571	926
571	935
571	936
625	45
625	162
625	299
625	360
625	369
625	430
625	464
625	630
625	716
625	826
625	847
625	856
835	60
835	171
835	222
835	294
835	334
835	360
835	415
835	559
835	597
835	607
835	731
835	759
835	781
835	829
835	856
835	888
835	915
835	926
835	934
835	936
856	86
856	153
856	294
856	320
856	349
856	356
856	540
856	559
856	568
856	589
856	630
856	710
856	716
856	729
856	731
856	753
856	757
856	759
856	819
856	854
856	888
856	902
856	908
856	915
856	926
856	935
856	936
862	86
862	149
862	171
862	254
862	349
862	369
862	474
862	507
862	533
862	540
862	557
862	559
862	568
862	731
862	757
862	759
862	826
862	859
888	45
888	137
888	299
888	369
888	430
888	474
888	557
888	568
888	607
888	630
888	716
888	759
888	859
926	162
926	180
926	299
926	320
926	390
926	474
926	540
926	568
926	589
926	597
926	710
926	770
926	819
926	826
926	847
935	86
935	153
935	171
935	252
935	254
935	293
935	294
935	299
935	349
935	557
935	589
935	630
935	716
935	770
935	819
935	847
935	859
166	199
166	261
166	385
166	575
166	612
170	261
170	382
170	575
170	608
170	612
575	38
575	131
575	205
591	38
591	83
591	131
591	175
591	205
591	300
27	58
27	234
27	480
27	529
27	636
58	61
58	232
58	313
58	521
58	529
234	63
234	232
234	301
234	313
234	351
234	480
234	499
480	100
480	220
480	250
480	267
480	301
480	313
480	521
529	100
529	103
529	216
529	235
529	250
529	267
529	351
529	391
529	521
529	636
636	100
636	103
636	250
636	267
28	695
28	773
28	881
28	922
28	932
695	56
695	209
695	459
695	461
695	524
695	530
695	666
695	714
773	68
773	298
773	403
773	583
773	667
773	711
773	714
773	728
881	57
881	68
881	151
881	286
881	298
881	530
881	602
881	667
922	93
922	151
922	262
922	286
922	530
922	602
922	714
922	728
932	56
932	59
932	68
932	87
932	93
932	286
932	401
932	403
932	530
932	602
932	714
29	646
29	698
29	735
29	790
646	214
646	310
646	554
646	617
646	629
646	653
646	665
646	698
646	699
646	741
646	749
646	782
646	874
646	914
698	133
698	310
698	477
698	525
698	629
698	665
698	790
698	849
735	239
735	310
735	392
735	471
735	525
735	554
735	600
735	874
790	139
790	214
790	239
790	389
790	471
790	558
790	665
790	686
790	782
790	874
874	139
874	214
874	215
874	270
874	310
874	392
874	471
874	525
874	596
874	645
874	665
30	160
30	354
30	613
30	851
30	865
30	893
30	896
160	370
160	404
160	446
160	834
160	851
160	893
354	851
354	865
354	884
354	896
354	897
613	223
613	255
613	362
613	386
613	407
613	483
613	541
613	563
613	739
613	837
851	75
851	223
851	251
851	255
851	346
851	407
851	451
851	543
851	837
865	47
865	244
865	251
865	362
865	386
865	406
865	407
865	414
865	446
865	451
865	837
893	47
893	255
893	326
893	446
893	451
893	543
893	703
893	739
893	837
896	118
896	251
896	362
896	386
896	414
896	446
896	739
31	142
31	212
31	398
31	481
31	627
31	787
31	813
31	930
31	946
31	975
142	304
142	481
142	493
142	794
142	813
142	930
212	303
212	398
212	509
212	794
212	805
398	237
398	395
398	724
398	769
398	794
398	805
481	65
481	176
481	296
481	342
481	616
481	724
481	813
481	870
481	930
627	342
627	467
627	531
627	611
627	715
627	732
627	748
627	787
627	794
627	813
627	841
627	946
627	953
627	955
627	961
787	76
787	94
787	152
787	176
787	238
787	345
787	429
787	578
787	592
787	616
787	660
787	748
787	841
813	65
813	189
813	247
813	295
813	304
813	321
813	329
813	342
813	462
813	466
813	467
813	578
813	616
813	651
813	696
813	724
813	748
930	65
930	176
930	201
930	291
930	295
930	321
930	329
930	366
930	462
930	466
930	506
930	531
930	562
930	592
930	594
930	616
930	724
930	907
946	201
946	295
946	303
946	321
946	329
946	366
946	395
946	423
946	466
946	493
946	531
946	592
946	594
946	724
946	748
946	772
975	76
975	189
975	201
975	303
975	304
975	321
975	329
975	456
975	466
975	493
975	531
975	578
975	592
975	594
975	616
975	651
975	748
32	816
32	818
32	927
32	941
32	947
816	104
816	196
816	290
816	325
816	408
816	442
816	450
818	104
818	196
818	290
818	325
818	445
818	487
927	196
927	290
927	325
941	408
947	104
947	445
960	290
33	210
33	373
33	428
33	439
33	457
33	476
33	545
33	560
33	614
33	933
210	259
210	285
210	428
210	476
210	587
210	933
373	135
373	439
373	542
373	933
428	278
428	542
428	933
439	259
439	285
439	933
457	264
457	476
457	933
476	203
476	933
545	550
545	933
560	933
614	933
933	135
933	203
933	259
933	264
933	278
933	285
933	400
933	528
933	542
933	550
933	587
34	123
34	199
34	382
123	83
123	161
123	181
123	199
123	371
123	608
123	612
199	175
199	382
199	608
382	161
382	175
382	205
382	300
35	986
35	989
35	990
35	991
35	994
35	995
35	997
35	998
35	999
35	1000
986	263
986	353
986	593
989	73
989	172
989	263
989	353
989	387
989	593
990	73
990	102
990	593
991	46
991	593
994	73
994	263
994	593
995	46
995	263
995	593
997	263
997	593
998	263
998	593
999	263
999	593
1000	263
1000	593
36	43
36	72
43	312
43	410
72	226
72	312
37	678
37	899
37	920
678	432
678	489
678	574
678	576
678	579
678	672
678	680
678	681
899	62
899	127
899	269
899	318
899	432
899	458
899	579
912	318
912	357
912	432
912	468
912	489
912	579
912	680
920	167
920	269
920	357
920	432
920	496
920	497
38	261
38	612
261	175
261	300
261	371
385	612
612	131
612	175
612	181
612	205
40	595
40	642
40	691
40	725
40	783
40	803
40	957
595	95
595	129
595	245
595	448
595	957
642	95
642	129
642	245
642	448
642	957
691	95
691	129
691	957
725	95
725	957
751	245
751	957
767	95
767	129
767	957
783	448
783	957
803	245
803	620
803	957
845	957
957	95
957	129
957	245
957	448
957	620
42	588
42	654
42	677
42	717
42	836
588	178
588	343
588	549
588	657
588	677
588	706
588	717
588	836
588	840
588	857
654	52
654	266
654	343
654	405
654	657
654	689
677	344
677	399
677	706
677	836
717	332
717	657
717	836
717	857
836	52
836	158
836	178
836	332
836	341
836	344
836	399
836	405
836	534
836	549
836	649
836	657
836	689
836	706
836	737
836	750
836	840
836	857
836	904
857	52
857	399
904	343
904	399
904	657
410	226
45	390
45	430
45	753
45	757
45	908
45	915
45	936
390	222
390	323
390	415
390	716
390	736
390	781
390	854
390	902
390	908
430	252
430	360
430	415
430	533
430	568
430	710
430	716
430	731
430	829
430	859
753	86
753	180
753	211
753	254
753	293
753	515
753	533
753	589
753	630
753	716
753	770
753	781
753	819
753	847
757	149
757	222
757	320
757	464
757	507
757	557
757	589
757	597
757	664
757	729
757	731
757	736
757	759
757	819
757	908
757	934
757	936
859	182
859	323
859	415
859	515
859	589
859	729
859	736
859	759
859	829
859	854
859	902
859	908
859	915
859	934
908	86
908	162
908	180
908	222
908	254
908	299
908	369
908	415
908	557
908	568
908	589
908	630
908	716
908	736
908	770
908	819
915	171
915	293
915	349
915	474
915	515
915	540
915	557
915	568
915	630
915	710
915	731
915	819
915	826
915	847
936	60
936	153
936	182
936	293
936	299
936	320
936	323
936	369
936	515
936	540
936	568
936	630
936	770
936	826
936	847
46	987
987	102
987	263
987	289
987	593
996	263
996	593
47	251
47	858
47	864
47	884
47	897
251	858
251	897
858	244
858	255
858	326
858	362
858	370
858	404
858	414
858	451
858	703
858	739
858	837
864	75
864	118
864	255
864	326
864	362
864	404
864	407
864	451
864	541
864	563
864	703
884	244
884	255
884	362
884	404
884	414
884	563
884	739
884	837
897	118
897	255
897	404
897	407
897	451
897	563
897	703
897	837
50	652
50	682
50	808
50	831
50	937
652	54
652	80
652	113
652	122
652	242
652	305
652	519
652	539
652	551
652	580
652	622
652	682
682	54
682	80
682	113
682	122
682	242
682	305
682	539
682	551
682	622
808	54
808	80
808	113
808	122
808	242
808	305
808	519
808	551
808	812
808	958
812	54
812	80
812	113
812	122
812	242
812	305
812	519
812	580
831	80
831	113
831	122
831	242
831	305
831	519
831	539
831	580
831	622
937	122
937	519
945	54
945	80
945	122
945	580
958	80
958	122
971	122
974	122
51	674
51	684
51	707
51	800
51	925
674	141
674	328
674	532
674	633
674	711
674	718
674	788
684	241
684	792
684	800
684	931
707	475
707	599
707	839
765	241
765	383
765	449
765	475
765	535
765	538
765	599
765	641
800	449
800	535
800	599
800	718
800	788
800	792
800	844
827	520
827	552
827	641
827	705
827	776
827	844
839	314
839	520
839	535
839	552
839	711
839	919
925	141
925	535
925	599
931	141
931	535
940	535
52	689
689	266
689	343
689	344
689	706
53	108
53	333
53	434
53	555
108	70
108	685
333	224
333	447
434	71
434	145
434	169
555	280
555	447
685	145
685	224
56	746
746	93
746	198
746	459
746	461
746	602
746	702
959	68
959	87
959	286
959	401
959	530
959	714
968	68
968	87
968	286
968	401
968	530
968	602
968	714
57	667
57	848
667	87
667	583
667	602
848	68
848	198
848	530
848	602
848	714
61	250
63	232
63	313
63	315
63	391
63	490
63	521
103	301
103	307
103	396
103	490
103	499
103	584
313	100
313	351
313	391
313	396
313	584
521	100
521	220
521	267
521	315
59	286
286	401
286	602
286	702
60	137
60	162
60	320
60	507
60	664
60	729
60	902
137	557
137	759
137	829
137	847
137	902
137	934
162	356
162	559
162	731
162	759
162	770
162	902
320	334
320	415
320	781
320	854
320	902
507	211
507	334
507	360
507	716
507	770
507	819
507	826
507	847
507	902
664	86
664	293
664	349
664	568
664	630
664	710
664	759
664	781
664	819
664	826
664	847
729	171
729	294
729	464
729	503
729	515
729	557
729	589
729	770
729	826
819	86
819	323
819	334
819	360
819	415
819	559
819	781
819	826
819	854
819	902
819	934
902	153
902	252
902	557
902	568
902	630
902	770
902	826
902	847
250	315
250	396
250	490
250	499
250	584
62	167
62	327
62	680
167	576
167	681
327	680
327	719
680	496
680	536
680	574
680	579
680	701
220	307
220	584
315	307
315	490
315	499
391	267
490	100
490	216
64	283
64	292
64	355
64	437
64	603
283	177
283	260
283	292
283	603
292	177
292	260
292	277
292	603
355	260
355	444
355	603
379	177
379	260
379	277
379	444
379	603
437	260
437	603
437	653
444	260
444	603
479	260
479	603
491	260
491	603
498	260
498	603
603	177
603	277
65	429
65	676
65	709
65	715
65	961
429	152
429	247
429	366
429	423
429	493
429	562
429	676
429	769
429	772
478	201
478	462
478	660
478	715
478	772
478	805
478	841
478	907
478	953
478	955
478	961
594	238
594	342
594	531
594	611
594	616
594	696
594	709
594	769
594	870
594	907
594	955
594	961
676	82
676	94
676	189
676	237
676	291
676	467
676	495
676	531
676	578
676	660
676	696
709	247
709	316
709	329
709	345
709	366
709	466
709	493
709	531
709	578
709	660
709	772
715	201
715	238
715	291
715	467
715	592
715	651
715	724
715	772
715	794
961	76
961	94
961	201
961	295
961	303
961	304
961	345
961	366
961	395
961	423
961	456
961	462
961	466
961	531
961	562
961	616
961	748
66	425
425	363
425	501
425	522
425	590
67	218
67	335
67	416
67	433
67	455
67	463
67	637
67	791
218	231
218	431
218	460
218	644
218	659
218	791
335	115
335	494
335	598
335	644
335	650
335	659
335	791
416	91
416	460
416	598
416	743
416	791
433	230
433	231
433	256
433	302
433	460
433	494
433	637
433	644
433	650
433	700
433	730
433	743
433	784
433	791
455	256
455	302
455	377
455	463
455	637
455	791
463	119
463	230
463	377
463	431
463	637
463	791
598	91
598	119
598	431
598	460
637	91
637	107
637	644
637	791
659	217
659	256
659	431
659	791
791	107
791	115
791	119
791	124
791	217
791	230
791	231
791	256
791	377
791	431
791	460
791	494
791	644
791	650
791	700
791	730
791	743
68	128
68	728
128	530
728	298
728	459
728	524
728	666
69	81
69	126
69	361
81	126
81	361
89	126
89	361
110	126
110	361
126	361
70	447
73	992
992	102
992	593
993	102
993	263
993	593
74	114
74	236
74	274
74	570
114	125
114	274
114	570
213	125
213	187
213	191
213	393
213	570
236	570
274	125
274	570
393	194
393	570
470	570
488	570
512	570
518	570
570	98
570	125
570	187
570	191
570	194
75	834
834	118
834	174
834	255
834	326
834	375
834	446
834	563
834	703
834	739
834	837
76	82
76	506
76	509
76	696
76	748
76	794
76	870
82	611
82	794
82	953
506	345
506	423
506	493
506	531
506	578
506	660
506	805
509	295
509	316
509	345
509	423
509	462
509	467
509	495
509	578
509	616
509	748
509	841
696	152
696	291
696	423
696	456
696	531
696	748
696	794
748	291
748	316
748	456
748	592
748	651
748	660
748	724
748	786
748	794
748	805
748	841
748	870
748	907
748	953
748	955
794	176
794	303
794	321
794	345
794	456
794	462
794	493
794	531
794	592
870	189
870	247
870	291
870	342
870	395
870	423
870	456
870	531
870	562
870	578
870	592
870	651
77	484
484	143
484	384
484	413
484	738
484	762
687	192
687	200
687	364
687	605
687	712
762	85
762	132
762	138
762	246
762	364
762	605
762	671
892	192
892	364
892	601
79	825
825	140
825	143
825	671
611	189
611	201
611	291
611	295
611	321
611	462
611	562
611	772
953	94
953	176
953	189
953	304
953	329
953	345
953	366
953	395
953	462
953	493
953	531
953	562
953	724
953	841
955	94
955	176
955	189
955	201
955	303
955	304
955	345
955	366
955	423
955	493
955	531
955	562
955	578
955	651
83	131
83	371
131	371
300	161
300	181
300	608
371	175
371	205
85	605
605	138
605	384
86	533
86	597
86	607
533	149
533	293
533	299
533	369
533	464
533	503
533	540
533	710
533	781
533	934
597	211
597	299
597	334
597	503
597	515
597	557
597	589
597	770
597	854
607	349
607	369
607	540
607	630
607	716
607	759
87	714
87	797
714	93
714	262
714	401
714	403
714	461
714	524
714	702
714	797
797	209
797	262
797	401
797	524
797	530
88	413
88	548
413	548
413	601
548	148
548	192
548	601
548	671
90	112
90	219
90	309
90	452
96	219
96	309
96	452
112	219
112	452
219	309
91	217
91	256
91	302
91	644
91	700
91	730
91	743
217	302
217	494
217	700
256	107
256	377
256	431
256	494
256	650
256	743
256	784
302	119
302	230
302	460
644	431
700	431
730	107
730	115
730	431
743	431
93	524
524	209
524	530
94	366
94	467
94	724
94	772
94	805
366	238
366	395
366	493
366	562
366	732
467	303
467	423
467	724
724	237
724	316
724	329
724	732
724	769
724	841
772	237
772	295
772	296
772	304
772	316
772	329
772	395
772	578
772	651
805	152
805	291
805	295
805	316
805	321
805	395
805	456
805	462
805	616
805	651
98	125
98	191
98	194
125	194
191	187
100	301
301	235
301	499
985	172
985	263
985	593
307	235
307	396
396	216
499	216
499	267
499	351
584	267
106	558
106	596
106	653
106	686
106	749
558	214
558	392
558	471
558	505
558	645
558	749
558	849
596	287
596	471
596	477
596	525
596	617
596	699
596	749
596	849
653	139
653	227
653	350
653	471
653	477
653	554
653	617
653	645
653	686
653	843
653	914
686	227
686	287
686	350
686	645
686	665
686	749
686	782
749	270
749	284
749	392
749	572
749	665
749	782
914	214
914	350
914	389
914	471
914	505
914	645
914	843
107	460
460	231
460	431
460	494
650	115
650	230
650	494
784	431
109	615
109	692
615	692
692	154
692	358
692	435
692	485
692	546
692	624
692	626
692	744
692	752
692	793
793	225
793	297
793	367
793	435
793	752
111	763
111	814
763	157
763	243
763	577
763	838
814	157
814	221
814	376
814	527
814	577
814	582
814	663
814	755
838	243
838	258
838	388
838	628
875	173
875	208
875	577
875	582
113	622
622	122
622	242
622	305
622	539
622	580
115	377
377	124
377	431
663	157
663	258
663	388
663	679
663	807
663	809
386	543
119	124
124	431
124	494
494	230
494	431
161	175
161	181
181	205
181	608
127	497
127	832
497	432
497	634
497	719
497	817
817	489
817	496
817	576
817	579
817	672
832	249
832	318
832	632
832	672
832	681
530	401
530	403
620	245
130	362
130	370
130	407
362	406
362	419
362	541
370	244
370	406
407	375
132	671
671	148
671	186
712	143
712	246
712	738
738	138
738	140
738	186
738	192
738	200
738	364
133	600
133	629
133	665
600	270
600	477
600	554
600	617
600	645
600	782
629	310
629	389
629	554
629	645
629	699
629	843
665	139
665	239
665	554
665	699
665	741
665	849
782	215
782	284
782	310
782	392
782	471
782	572
849	139
849	239
849	284
849	352
849	471
849	505
849	645
135	259
135	264
264	285
264	400
528	400
136	188
188	424
557	474
557	716
557	731
557	736
557	781
557	826
557	829
557	854
710	182
710	299
710	356
710	503
710	540
710	736
710	781
710	829
710	934
759	149
759	293
759	349
759	360
759	568
759	770
759	826
759	847
829	171
829	252
829	254
829	323
829	369
829	515
829	559
829	568
829	589
829	630
829	716
829	770
829	847
847	180
847	211
847	334
847	503
847	515
847	540
847	731
847	736
847	854
847	934
934	252
934	254
934	299
934	334
934	349
934	369
934	474
934	540
934	589
934	770
139	214
139	310
139	392
214	572
310	572
310	843
141	641
141	718
141	844
141	860
141	872
141	898
141	911
141	919
641	314
641	328
641	535
718	314
718	328
718	383
718	449
718	792
844	532
844	618
844	705
844	792
844	860
860	241
860	328
860	449
860	475
860	520
860	618
872	328
872	475
872	520
872	788
872	898
898	383
911	156
911	449
911	535
911	538
911	552
919	328
919	535
919	618
304	237
304	247
304	531
304	732
493	237
493	578
493	769
907	201
907	237
907	247
907	295
907	303
907	321
907	395
907	456
907	562
907	592
907	616
907	651
145	272
145	280
272	337
280	224
147	694
694	204
694	306
694	436
694	510
694	514
694	639
694	658
148	601
601	364
601	384
149	293
149	559
149	854
293	294
293	349
559	356
559	464
559	736
854	171
854	222
854	254
854	323
854	349
854	360
854	464
854	474
854	568
854	826
151	492
151	666
492	583
492	666
492	702
152	189
152	562
152	651
189	176
189	237
189	786
562	291
562	342
562	345
562	423
562	462
562	466
562	495
562	660
651	296
651	660
651	732
651	841
153	294
153	503
153	515
153	731
294	360
294	770
503	299
503	736
503	770
515	474
515	540
515	589
515	716
515	736
731	182
731	356
731	474
731	781
752	228
752	297
752	358
752	367
752	485
752	546
752	744
156	618
156	633
156	821
618	535
618	538
618	599
618	776
633	380
633	532
633	711
633	776
821	314
821	520
821	532
821	535
821	599
157	755
157	807
755	527
755	582
755	679
807	173
807	411
807	577
807	582
807	628
861	208
861	221
861	388
861	577
861	582
861	747
158	178
158	581
178	513
178	657
581	343
581	399
581	513
581	549
581	737
706	332
706	399
706	405
404	446
446	223
739	375
739	483
739	543
356	369
356	716
770	222
770	334
770	464
770	630
770	736
770	781
169	337
649	266
649	341
649	534
649	750
649	840
750	344
750	399
576	269
576	526
576	579
576	634
576	681
681	318
681	357
681	468
681	634
171	349
171	589
171	781
349	415
349	474
589	182
589	474
589	716
589	736
589	826
781	180
781	182
781	369
173	527
173	628
173	747
527	376
527	628
628	376
628	577
747	208
747	243
747	508
747	577
747	582
809	376
809	508
809	577
809	582
174	543
174	563
174	837
543	483
543	563
563	223
563	427
563	541
563	703
837	346
837	414
837	427
176	462
176	495
176	786
462	732
462	769
495	296
495	345
495	395
495	466
495	592
495	660
495	732
495	786
786	321
786	342
786	395
786	456
786	578
786	592
786	616
277	260
513	332
513	549
513	737
657	399
840	343
840	399
180	299
180	415
180	826
299	254
415	736
826	323
826	360
424	195
424	317
424	522
237	616
237	732
237	769
195	590
590	317
590	363
590	374
590	409
590	501
590	522
196	745
745	290
745	325
745	408
745	442
745	445
745	450
745	487
197	397
198	403
198	602
198	702
403	459
583	401
583	702
602	262
602	401
602	702
702	209
200	384
201	578
201	769
578	732
578	769
769	303
769	395
769	466
769	616
769	660
203	278
203	400
203	550
207	273
207	394
207	417
207	511
207	778
207	918
207	938
273	339
273	348
273	394
273	417
273	511
273	778
273	918
273	938
339	394
339	778
339	918
339	938
348	778
348	918
348	938
394	778
394	918
394	938
417	778
417	918
417	938
511	778
511	918
511	938
778	918
778	938
918	938
211	630
630	323
303	296
841	238
841	321
841	456
841	466
841	531
841	616
572	350
572	505
572	645
215	227
215	270
215	554
215	699
227	741
270	741
525	287
525	617
525	699
525	741
554	843
699	471
699	617
699	645
216	235
235	351
221	679
679	258
222	254
222	464
222	540
254	736
464	252
464	474
540	736
225	744
744	228
744	367
741	350
741	505
616	466
616	660
616	732
732	238
732	466
238	329
238	466
329	423
329	456
329	531
329	592
239	645
239	843
645	505
843	287
843	352
843	389
843	477
843	505
843	617
240	658
658	288
658	306
658	436
658	510
658	514
241	705
241	776
241	792
705	532
705	538
705	776
776	475
776	520
776	538
792	449
792	535
792	552
242	580
580	305
580	519
580	539
580	551
243	388
244	414
244	419
244	483
414	346
414	419
414	427
414	703
419	326
419	451
419	541
247	321
249	632
249	648
632	318
632	468
632	719
648	357
648	574
648	579
648	634
648	635
736	360
736	716
255	451
266	737
737	332
369	334
635	458
635	672
635	701
703	346
703	541
284	477
477	617
288	639
639	436
639	510
639	514
290	726
726	325
726	408
726	442
726	445
726	487
291	306
295	342
296	316
296	423
423	660
297	626
626	435
626	485
626	546
626	624
592	345
305	551
551	519
551	539
314	788
788	380
788	383
788	520
788	535
317	374
317	522
374	409
374	501
522	363
522	409
522	501
318	496
496	574
719	432
719	536
719	701
325	566
566	408
566	442
566	445
566	450
566	487
326	406
406	346
701	357
701	454
701	536
701	574
328	711
711	475
711	532
343	405
405	534
344	534
345	660
346	427
427	375
352	389
389	617
357	458
357	468
357	634
357	672
458	536
458	574
468	526
634	432
634	536
672	432
672	454
541	375
363	409
363	501
409	501
367	624
624	435
380	535
380	599
535	383
535	475
535	538
599	520
617	471
408	442
442	487
436	510
436	514
510	514
487	445
487	450
445	450
449	538
454	526
454	574
526	489
574	579
475	552
988	593
508	577
508	582
577	582
519	539
593	962
593	978
593	983
697	855
855	723
723	842
842	733
733	828
828	756
756	830
830	777
830	780
830	795
777	780
#End Newborn Edges

*Degree Changed Nodes
146	11	10
604	19	15
610	19	15
725	23	15
767	25	15
789	26	15
803	27	15
804	27	15
810	27	15
845	30	15
846	30	15
691	22	15
778	26	9
783	26	15
117	11	10
486	16	12
815	28	27
820	28	27
823	28	27
852	31	27
867	32	27
877	33	27
890	34	27
273	12	9
917	36	23
927	39	22
947	42	22
960	43	22
969	44	23
977	46	23
980	47	22
981	47	22
982	47	22
984	47	23
20	10	5
41	10	5
44	10	5
69	9	5
81	10	5
110	11	5
150	11	5
184	11	5
966	44	37
972	45	25
89	10	5
275	12	11
322	13	11
412	14	11
764	25	22
808	27	21
918	37	9
945	41	21
949	42	15
958	43	21
965	44	22
971	44	21
974	45	21
976	46	22
957	43	15
488	16	15
512	16	15
518	16	15
290	13	12
967	44	23
979	46	22
177	10	11
379	14	13
444	15	13
479	16	13
491	16	13
498	16	13
312	13	12
565	18	17
569	18	17
570	18	15
669	21	15
751	24	15
153	11	10
1000	50	51
47	9	10
812	28	21
883	33	22
964	44	22
831	29	21
871	33	22
937	40	21
282	12	11
359	14	11
740	24	12
824	28	23
987	46	48
397	14	11
938	40	9
708	22	13
90	10	8
96	10	8
394	14	9
417	15	9
511	16	9
544	17	8
567	18	8
586	18	8
682	22	21
774	26	22
112	10	8
348	13	9
595	19	15
620	19	13
941	40	22
207	11	9
309	13	8
822	28	22
126	11	5
437	15	14
135	11	10
603	19	13
642	20	15
388	14	13
174	11	10
656	21	11
361	14	5
219	12	8
339	13	9
452	15	8
301	12	13
694	22	20
448	15	12
526	17	16
260	12	11
622	20	18
742	24	23
291	12	13
639	20	16
658	21	18
833	29	22
331	13	12
818	28	22
816	28	22
551	17	15
745	24	20
989	40	45
519	16	14
539	17	14
726	23	19
640	20	5
988	36	35
510	16	15
754	25	22
514	16	15
580	18	16
962	35	34
978	35	34
983	35	34
950	34	32
952	34	32
933	33	21
901	32	23
795	26	25
830	26	28
