*Disappearing Nodes
#End Disappearing Nodes

*Newborn Nodes
#End Newborn Nodes

*Disappearing Edges
1	221
1	274
1	416
1	643
1	661
1	730
1	771
1	807
1	885
221	4
221	23
221	218
221	274
221	331
221	431
221	763
221	783
221	803
221	980
274	202
274	256
274	265
274	571
274	582
274	595
274	638
274	743
274	838
274	875
416	116
416	157
416	242
416	377
416	595
416	747
416	791
416	803
416	845
416	875
416	921
416	980
643	217
643	218
643	351
643	470
643	527
643	620
643	688
643	718
643	730
643	783
643	921
661	164
661	217
661	460
661	527
661	598
661	671
661	688
661	725
661	741
661	767
661	791
661	796
661	802
661	869
730	40
730	91
730	107
730	157
730	185
730	242
730	431
730	455
730	743
730	763
730	820
730	942
771	23
771	40
771	124
771	125
771	230
771	353
771	376
771	527
771	638
771	642
771	679
771	751
771	767
771	803
771	885
771	942
771	980
796	119
796	125
796	217
796	236
796	258
796	331
796	455
796	571
796	663
796	671
796	718
796	741
796	747
796	763
796	767
796	807
796	838
796	869
796	943
807	75
807	91
807	97
807	107
807	111
807	117
807	119
807	173
807	217
807	231
807	259
807	351
807	455
807	582
807	671
807	885
807	980
885	67
885	119
885	124
885	150
885	165
885	236
885	335
885	433
885	455
885	470
885	486
885	527
885	571
885	577
885	598
885	628
885	718
885	725
885	741
885	814
885	957
2	655
2	974
636	10
636	655
636	974
655	10
655	100
655	388
655	449
655	475
655	480
655	482
655	488
655	520
655	552
655	619
655	673
655	765
655	776
655	792
655	844
655	860
655	925
655	974
673	10
673	974
765	10
765	974
776	10
776	974
792	10
792	974
844	10
844	974
860	10
860	974
925	10
925	818
925	974
974	10
974	100
974	388
974	449
974	475
974	480
974	482
974	488
974	520
974	552
974	619
3	93
3	95
3	145
3	234
92	93
92	95
92	145
92	234
93	95
93	109
93	145
93	234
93	452
93	634
95	109
95	145
95	234
95	452
95	634
109	145
109	234
145	234
145	452
145	634
234	452
234	634
4	165
4	256
4	376
4	598
4	791
4	845
4	943
4	980
165	508
165	628
165	743
165	763
165	845
165	875
165	980
256	185
256	351
256	595
256	598
256	741
256	838
256	869
331	185
331	628
331	659
331	688
331	751
331	763
331	943
376	157
376	353
376	620
376	638
376	659
376	663
376	755
376	783
376	791
376	845
376	869
376	943
598	242
598	259
598	448
598	571
598	595
598	620
598	650
598	679
598	747
598	763
598	802
598	803
598	875
791	116
791	157
791	202
791	236
791	433
791	494
791	527
791	620
791	663
791	741
791	747
791	814
791	838
791	957
845	97
845	111
845	125
845	146
845	164
845	185
845	236
845	259
845	351
845	353
845	433
845	455
845	486
845	582
845	620
845	628
845	718
845	784
845	957
943	75
943	99
943	111
943	117
943	119
943	125
943	150
943	230
943	258
943	433
943	470
943	486
943	494
943	577
943	620
943	638
943	650
943	671
943	688
943	741
943	783
943	838
980	119
980	146
980	150
980	173
980	217
980	236
980	470
980	494
980	518
980	527
980	571
980	628
980	679
980	725
980	747
980	763
980	784
5	38
5	800
5	827
5	918
5	975
38	156
38	711
38	898
38	975
800	58
800	235
800	391
800	417
800	490
800	529
800	599
800	641
800	674
800	975
827	58
827	59
827	216
827	220
827	313
827	406
827	443
827	707
827	824
827	975
898	59
898	307
898	313
898	443
898	707
898	711
898	975
911	63
911	141
911	216
911	406
911	443
911	491
911	641
911	975
918	103
918	313
918	443
918	516
918	641
918	824
918	919
918	975
919	313
919	383
919	641
919	824
919	975
931	313
931	383
931	443
931	641
931	674
931	824
931	975
940	443
940	516
940	641
940	975
975	27
975	58
975	59
975	63
975	103
975	112
975	141
975	156
975	216
975	220
975	235
975	250
975	307
975	313
975	328
975	383
975	391
975	396
975	406
975	417
975	443
975	490
975	491
975	516
975	521
975	529
975	599
975	621
975	641
975	674
975	707
975	711
975	824
975	872
6	48
48	72
48	312
48	314
48	553
48	652
7	692
7	793
7	852
7	867
7	965
692	154
692	177
692	275
692	297
692	444
692	485
692	569
692	573
692	603
692	615
692	667
692	713
692	720
692	744
692	793
692	815
692	852
692	867
692	877
692	890
692	965
713	154
713	228
713	569
713	603
713	615
713	667
713	720
713	744
713	793
713	852
713	867
713	965
793	275
793	297
793	441
793	444
793	485
793	569
793	573
793	815
793	852
793	867
793	877
793	890
815	154
815	177
815	204
815	228
815	569
815	603
815	615
815	667
815	720
815	744
815	852
815	867
815	965
852	154
852	177
852	204
852	228
852	275
852	297
852	441
852	444
852	485
852	569
852	573
852	603
852	615
852	667
852	720
852	744
852	877
852	890
852	965
867	154
867	177
867	204
867	228
867	275
867	297
867	441
867	444
867	485
867	569
867	573
867	603
867	615
867	667
867	720
867	744
867	877
867	890
867	965
877	154
877	177
877	204
877	228
877	569
877	603
877	615
877	667
877	720
877	744
877	965
890	154
890	177
890	204
890	228
890	569
890	603
890	615
890	667
890	720
890	744
890	965
965	275
965	297
965	441
965	444
965	485
965	569
965	573
8	43
8	179
8	233
8	359
8	412
8	499
8	691
43	190
43	282
43	412
43	691
179	190
179	233
179	499
179	691
233	120
233	134
233	282
233	691
359	134
359	190
359	691
363	120
363	134
363	691
412	282
412	691
499	691
656	691
691	120
691	134
691	190
691	282
691	380
691	667
691	752
9	249
9	419
9	579
9	632
9	739
9	811
9	897
9	920
9	929
249	160
249	193
249	536
249	693
249	785
249	789
249	832
249	851
249	880
249	920
419	174
419	193
419	526
419	541
419	576
419	670
419	739
419	740
419	811
419	876
419	884
419	929
419	954
579	318
579	375
579	446
579	497
579	541
579	563
579	637
579	678
579	693
579	703
579	834
579	851
579	864
579	865
579	893
579	896
632	318
632	327
632	407
632	446
632	472
632	613
632	680
632	739
632	740
632	789
632	817
632	876
632	896
632	899
632	912
632	970
739	193
739	255
739	269
739	346
739	451
739	576
739	672
739	703
739	721
739	817
739	834
739	837
739	864
739	865
739	884
739	896
739	920
811	22
811	62
811	223
811	414
811	427
811	496
811	536
811	613
811	635
811	672
811	680
811	701
811	789
811	817
811	858
811	865
811	866
811	884
811	893
896	170
896	193
896	375
896	446
896	483
896	497
896	526
896	537
896	613
896	637
896	670
896	683
896	721
896	740
896	832
896	834
896	837
896	865
896	866
896	880
896	884
896	899
896	970
897	80
897	255
897	279
897	346
897	404
897	407
897	473
897	483
897	496
897	541
897	563
897	574
897	613
897	670
897	693
897	851
897	858
897	864
897	865
897	879
897	912
897	920
897	954
920	22
920	269
920	326
920	357
920	414
920	427
920	432
920	472
920	473
920	541
920	613
920	635
920	637
920	648
920	678
920	683
920	703
920	722
920	834
920	837
920	879
920	880
920	882
920	899
920	906
920	954
929	42
929	69
929	118
929	160
929	269
929	346
929	357
929	375
929	451
929	454
929	472
929	473
929	497
929	519
929	563
929	635
929	648
929	722
929	834
929	858
929	879
929	880
929	882
929	884
929	912
929	954
929	956
11	510
11	604
11	754
11	822
510	78
510	440
510	570
510	790
510	822
604	240
604	261
604	306
604	498
604	561
604	570
604	790
604	822
754	78
754	147
754	195
754	498
754	514
754	570
754	639
754	790
754	822
822	68
822	78
822	90
822	147
822	195
822	261
822	374
822	440
822	498
822	514
822	522
822	561
822	639
822	694
822	700
822	704
822	790
822	810
822	846
822	871
822	883
822	964
822	969
822	976
833	24
833	98
833	147
833	210
833	374
833	570
871	24
871	570
871	790
883	24
883	570
883	790
964	24
964	147
964	261
964	570
964	790
969	24
969	147
969	261
969	570
969	790
976	24
976	147
976	261
976	570
976	790
12	158
12	695
12	753
12	835
12	862
12	894
12	998
158	657
158	677
158	779
158	847
158	850
158	856
158	908
158	926
677	45
677	86
677	268
677	344
677	415
677	474
677	503
677	717
677	731
677	736
677	781
677	859
677	904
677	934
695	86
695	254
695	415
695	430
695	474
695	533
695	589
695	710
695	731
695	779
695	847
695	850
695	854
695	862
695	915
753	20
753	252
753	266
753	268
753	294
753	332
753	344
753	356
753	415
753	554
753	557
753	568
753	731
753	770
753	835
753	847
753	878
753	934
819	178
819	323
819	343
819	390
819	399
819	503
819	507
819	515
819	533
819	534
819	554
819	581
819	588
819	625
819	717
819	759
819	770
819	835
819	859
819	904
819	998
835	178
835	211
835	320
835	332
835	334
835	344
835	430
835	554
835	710
835	717
835	736
835	757
835	781
835	878
835	891
835	894
835	915
835	926
835	998
862	45
862	137
862	149
862	268
862	299
862	332
862	334
862	356
862	360
862	464
862	474
862	507
862	513
862	549
862	559
862	581
862	589
862	649
862	706
862	716
862	750
862	829
862	847
894	86
894	149
894	162
894	222
894	254
894	332
894	334
894	415
894	513
894	515
894	544
894	607
894	625
894	657
894	698
894	717
894	770
894	908
894	926
894	935
894	979
979	121
979	137
979	254
979	343
979	344
979	356
979	369
979	390
979	405
979	415
979	424
979	474
979	476
979	503
979	533
979	554
979	568
979	710
979	731
979	779
979	781
979	829
979	857
979	873
979	934
979	998
998	25
998	52
998	110
998	137
998	153
998	162
998	178
998	211
998	222
998	252
998	268
998	293
998	299
998	332
998	341
998	360
998	369
998	371
998	405
998	476
998	503
998	534
998	554
998	557
998	559
998	581
998	625
998	649
998	657
998	717
998	731
998	736
998	750
998	759
998	779
998	781
998	826
998	847
998	850
998	854
998	856
998	857
998	873
998	915
998	926
998	934
13	532
13	535
13	633
13	675
13	684
13	705
13	788
13	821
13	839
532	104
532	159
532	232
532	241
532	281
532	315
532	347
532	535
532	618
532	633
532	675
532	684
532	705
532	788
532	821
532	839
535	61
535	104
535	159
535	241
535	315
535	347
535	584
535	618
535	633
535	675
535	684
535	705
535	788
535	821
535	839
618	51
618	61
618	159
618	232
618	241
618	281
618	315
618	347
618	584
618	633
618	675
618	684
618	705
618	821
618	839
633	51
633	61
633	104
633	159
633	232
633	241
633	281
633	315
633	347
633	584
633	675
633	684
633	705
633	788
633	821
633	839
675	51
675	61
675	104
675	159
675	232
675	241
675	281
675	315
675	347
675	684
675	705
675	839
684	51
684	61
684	159
684	232
684	281
684	315
684	347
684	584
684	705
684	788
684	821
684	839
705	51
705	61
705	104
705	159
705	232
705	241
705	281
705	315
705	347
705	584
705	788
705	821
705	839
788	51
788	61
788	104
788	159
788	241
788	281
788	315
788	347
788	821
788	839
821	51
821	61
821	104
821	159
821	232
821	241
821	281
821	315
821	347
821	584
821	839
839	51
839	61
839	104
839	159
839	232
839	241
839	281
839	315
839	347
839	584
14	64
14	226
14	330
14	422
14	517
14	546
64	226
64	330
64	422
64	517
64	546
226	330
226	422
226	517
226	546
330	422
330	517
330	546
422	517
422	546
517	546
15	384
15	623
15	762
15	801
15	892
384	186
384	601
384	762
384	806
384	905
384	913
384	916
384	923
623	74
623	305
623	601
623	762
623	768
623	905
623	913
623	916
623	923
762	74
762	77
762	140
762	183
762	186
762	305
762	308
762	311
762	601
762	712
762	714
762	738
762	760
762	768
762	801
762	806
762	825
762	892
762	905
762	913
762	916
762	923
768	74
768	138
768	148
768	484
768	712
768	714
768	738
768	760
768	801
768	825
768	892
801	200
801	364
801	461
801	601
801	806
801	905
801	913
801	923
892	21
892	77
892	85
892	140
892	183
892	192
892	200
892	305
892	311
892	364
892	461
892	601
892	806
892	905
892	913
892	916
892	923
905	74
905	132
905	138
905	148
905	308
905	413
905	484
905	687
905	712
905	714
905	738
905	760
905	825
913	74
913	132
913	138
913	148
913	308
913	413
913	484
913	687
913	712
913	714
913	738
913	760
913	825
916	74
916	132
916	138
916	148
916	186
916	308
916	413
916	484
916	687
916	712
916	714
916	738
916	760
916	825
923	74
923	132
923	138
923	148
923	186
923	308
923	413
923	484
923	687
923	712
923	714
923	738
923	760
923	825
16	262
16	459
16	702
262	28
262	355
262	702
355	702
361	28
361	209
361	702
459	702
583	702
702	28
702	209
702	881
702	900
702	924
702	995
17	336
17	478
17	651
17	709
17	732
17	907
17	937
336	152
336	304
336	321
336	426
336	631
336	748
336	804
336	841
336	870
336	930
478	31
478	253
478	429
478	578
478	660
478	676
478	715
478	769
478	794
478	805
478	841
478	930
478	946
651	175
651	229
651	304
651	423
651	481
651	506
651	531
651	565
651	676
651	774
651	930
651	937
651	961
709	238
709	303
709	321
709	342
709	366
709	426
709	447
709	578
709	592
709	611
709	631
709	715
709	724
709	748
709	774
709	961
709	967
732	34
732	94
732	189
732	291
732	345
732	395
732	421
732	462
732	481
732	500
732	616
732	715
732	804
732	955
732	961
732	967
813	94
813	175
813	181
813	189
813	229
813	237
813	253
813	329
813	348
813	398
813	447
813	493
813	531
813	586
813	592
813	786
813	804
813	907
813	961
907	76
907	94
907	131
907	142
907	176
907	212
907	291
907	321
907	423
907	562
907	578
907	586
907	605
907	616
907	772
907	804
907	841
907	870
907	955
930	82
930	176
930	189
930	248
930	303
930	366
930	379
930	395
930	398
930	437
930	467
930	493
930	506
930	509
930	591
930	605
930	611
930	631
937	65
937	76
937	175
937	291
937	316
937	329
937	345
937	366
937	379
937	466
937	562
937	578
937	616
937	660
937	669
937	696
937	774
937	967
946	76
946	82
946	142
946	237
946	260
946	296
946	304
946	316
946	382
946	425
946	466
946	506
946	509
946	562
946	591
946	611
946	631
946	660
946	715
946	724
946	870
18	81
18	96
18	428
18	686
18	699
18	868
18	944
18	973
81	392
81	471
81	629
81	665
81	775
81	868
81	874
81	933
96	168
96	617
96	658
96	686
96	749
96	874
96	895
428	214
428	227
428	457
428	505
428	606
428	614
428	617
428	735
428	889
428	895
428	944
686	389
686	397
686	471
686	505
686	528
686	596
686	617
686	645
686	658
686	699
686	843
686	849
686	889
686	914
686	951
686	973
699	168
699	215
699	270
699	278
699	558
699	572
699	600
699	606
699	614
699	665
699	849
699	874
699	889
699	944
699	973
766	60
766	227
766	278
766	378
766	389
766	397
766	471
766	596
766	600
766	614
766	658
766	665
766	735
766	843
766	849
766	874
766	889
766	951
868	33
868	203
868	270
868	358
868	373
868	378
868	457
868	528
868	550
868	572
868	617
868	653
868	782
868	895
868	973
887	60
887	106
887	168
887	270
887	350
887	358
887	389
887	392
887	479
887	542
887	587
887	629
887	658
887	665
887	749
887	775
887	895
887	951
944	60
944	203
944	264
944	270
944	278
944	350
944	358
944	392
944	477
944	479
944	550
944	558
944	572
944	849
944	895
944	933
944	973
973	133
973	139
973	287
973	352
973	378
973	392
973	397
973	439
973	477
973	479
973	550
973	572
973	614
973	617
973	665
973	782
973	914
19	53
19	272
19	523
19	585
19	685
19	734
53	79
53	272
53	734
53	758
53	761
272	70
272	324
272	734
272	761
523	79
523	169
523	324
523	333
523	547
523	734
585	47
585	114
585	333
585	434
585	547
585	734
685	47
685	70
685	324
685	333
685	734
734	47
734	70
734	71
734	79
734	108
734	114
734	169
734	301
734	324
734	333
734	337
734	434
734	438
734	547
734	758
734	761
734	972
734	996
758	47
758	333
761	47
761	333
972	47
972	333
996	47
996	333
20	252
20	293
20	503
20	625
20	770
20	856
20	935
252	25
252	211
252	222
252	254
252	533
252	736
252	750
252	829
252	915
293	180
293	474
293	513
293	557
293	581
293	710
293	757
293	759
293	779
293	934
503	182
503	299
503	557
503	588
503	607
503	698
503	716
503	731
503	908
625	180
625	323
625	365
625	390
625	588
625	654
625	737
625	781
625	847
625	850
625	926
770	153
770	162
770	343
770	365
770	369
770	556
770	657
770	710
770	731
770	759
770	859
770	873
770	891
856	149
856	180
856	268
856	280
856	299
856	334
856	390
856	513
856	557
856	607
856	649
856	731
856	737
856	847
856	857
856	891
856	908
856	935
908	25
908	86
908	110
908	149
908	266
908	268
908	280
908	476
908	507
908	513
908	549
908	557
908	568
908	597
908	710
908	716
908	736
908	779
908	829
908	857
908	878
908	915
908	926
934	45
934	153
934	162
934	171
934	320
934	341
934	390
934	405
934	507
934	515
934	533
934	544
934	717
934	731
934	737
934	750
934	781
934	847
934	854
934	857
934	859
934	891
934	904
935	52
935	153
935	171
935	178
935	180
935	222
935	254
935	266
935	280
935	320
935	332
935	343
935	399
935	430
935	513
935	544
935	607
935	654
935	706
935	717
935	750
935	829
935	847
935	854
935	859
935	873
21	186
21	687
21	714
21	738
21	760
186	601
186	644
186	806
687	77
687	85
687	140
687	305
687	364
687	461
687	601
687	806
714	77
714	85
714	183
714	192
714	200
714	311
714	364
714	461
714	601
714	806
738	77
738	85
738	183
738	192
738	311
738	364
738	601
738	806
760	140
760	183
760	305
760	364
760	461
760	806
22	519
22	537
22	613
22	740
22	864
22	882
22	893
519	62
519	69
519	130
519	167
519	213
519	327
519	496
519	648
519	668
519	680
519	722
519	834
519	963
537	170
537	362
537	407
537	432
537	635
537	637
537	722
537	879
537	882
537	884
537	963
537	970
613	536
613	635
613	701
613	722
613	863
613	864
613	912
613	954
613	956
613	970
740	80
740	194
740	279
740	362
740	375
740	386
740	427
740	446
740	489
740	719
740	817
740	851
740	863
740	865
740	879
740	893
740	956
864	80
864	130
864	170
864	223
864	386
864	404
864	458
864	469
864	576
864	635
864	637
864	681
864	817
864	866
864	879
864	880
864	882
864	906
864	956
864	970
882	255
882	318
882	386
882	496
882	563
882	637
882	670
882	672
882	721
882	785
882	789
882	817
882	832
882	837
882	851
882	858
882	866
882	879
882	899
882	912
882	954
882	956
882	963
893	69
893	118
893	251
893	346
893	354
893	386
893	407
893	469
893	497
893	541
893	680
893	832
893	834
893	863
893	866
893	880
893	884
893	956
893	963
893	970
954	42
954	130
954	174
954	194
954	251
954	318
954	432
954	451
954	468
954	473
954	635
954	670
954	678
954	817
954	851
954	865
954	866
954	876
954	884
954	899
954	906
954	912
954	956
23	99
23	117
23	217
23	494
23	679
23	820
23	875
99	486
99	527
99	571
99	620
99	755
99	869
99	942
117	116
117	125
117	381
117	743
117	957
217	642
217	784
217	803
217	838
217	875
494	335
494	527
494	644
494	718
494	725
494	743
494	921
494	942
638	115
638	146
638	157
638	463
638	571
638	577
638	620
638	671
638	725
638	751
638	869
638	957
679	107
679	115
679	230
679	353
679	460
679	470
679	512
679	642
679	659
679	725
679	751
679	875
679	921
679	942
820	150
820	245
820	246
820	265
820	377
820	460
820	486
820	628
820	663
820	688
820	747
820	751
820	784
820	838
820	869
820	875
820	957
875	75
875	97
875	111
875	116
875	125
875	187
875	242
875	353
875	577
875	642
875	659
875	741
875	763
875	814
875	957
24	261
24	790
24	810
24	846
261	498
261	639
261	700
261	704
261	790
261	810
790	147
790	195
790	306
790	374
790	440
790	498
790	522
790	561
790	570
790	639
790	694
790	700
790	704
790	810
790	846
810	374
810	570
846	436
846	570
25	415
25	750
25	779
25	847
25	873
25	926
415	45
415	149
415	424
415	568
415	750
415	779
415	826
415	847
750	369
750	399
750	424
750	476
750	507
750	716
750	757
750	854
750	857
750	878
750	891
750	915
779	178
779	180
779	182
779	222
779	299
779	323
779	369
779	507
779	554
779	589
779	597
779	706
779	781
779	826
779	857
779	873
779	878
779	926
781	266
781	294
781	365
781	424
781	476
781	554
781	589
781	607
781	657
781	710
781	736
781	873
781	891
781	915
781	926
847	137
847	222
847	332
847	341
847	464
847	515
847	544
847	731
847	757
847	759
847	826
847	859
847	873
847	904
847	915
873	110
873	178
873	268
873	299
873	320
873	344
873	365
873	405
873	549
873	556
873	710
873	736
873	854
873	926
926	171
926	182
926	222
926	294
926	334
926	360
926	474
926	513
926	554
926	654
926	716
926	826
926	829
926	854
926	857
926	859
926	904
26	144
26	184
26	196
26	385
26	495
26	567
26	612
144	184
144	196
144	385
144	495
144	567
144	612
184	196
184	612
196	385
196	495
196	567
196	612
385	612
495	612
567	612
27	250
250	490
250	824
250	872
707	63
707	141
707	216
707	313
707	491
707	641
29	524
29	575
524	271
524	298
575	198
575	298
575	393
575	401
746	128
746	243
746	298
746	393
746	401
797	49
797	128
797	243
797	298
797	393
797	401
799	49
799	128
799	243
799	298
799	393
799	401
848	49
848	128
848	243
848	298
848	393
848	401
886	49
886	128
886	243
886	298
886	393
886	401
939	49
939	128
939	243
939	298
939	393
939	401
948	49
948	128
948	243
948	298
948	393
948	401
959	49
959	128
959	243
959	298
959	393
959	401
30	193
30	318
30	354
30	404
30	473
30	670
30	683
30	701
30	866
30	884
193	469
193	693
193	851
193	912
193	956
318	66
318	354
318	404
318	563
318	789
318	879
354	118
354	496
354	789
354	865
354	899
354	906
354	912
354	956
354	963
404	255
404	473
404	678
404	680
404	863
404	879
404	880
404	970
473	69
473	251
473	637
473	693
473	785
473	817
473	963
473	970
670	194
670	244
670	327
670	489
670	637
670	668
670	721
670	785
670	832
670	858
670	963
683	80
683	160
683	414
683	432
683	454
683	468
683	469
683	536
683	541
683	668
683	672
683	703
683	722
683	817
683	837
683	865
683	884
701	170
701	251
701	386
701	637
701	680
701	693
701	721
701	789
701	832
701	837
701	863
701	865
701	956
701	963
866	42
866	66
866	167
866	269
866	279
866	327
866	362
866	496
866	541
866	563
866	637
866	719
866	721
866	722
866	834
866	851
866	879
866	956
884	194
884	386
884	407
884	489
884	541
884	574
884	576
884	648
884	672
884	681
884	721
884	785
884	899
884	912
31	466
31	531
31	592
31	608
31	696
31	774
31	804
31	967
466	181
466	237
466	295
466	382
466	509
466	616
466	772
466	794
531	142
531	166
531	201
531	304
531	562
531	608
531	696
531	786
531	805
592	34
592	201
592	304
592	329
592	338
592	348
592	382
592	429
592	627
592	696
592	955
608	176
608	181
608	229
608	366
608	437
608	456
608	509
608	565
608	594
608	631
608	772
608	787
608	794
608	967
696	34
696	199
696	338
696	342
696	395
696	429
696	562
696	565
696	594
696	660
696	724
696	769
696	804
774	131
774	152
774	166
774	212
774	303
774	304
774	316
774	366
774	509
774	578
774	586
774	724
774	748
774	805
774	841
774	967
804	65
804	142
804	175
804	237
804	238
804	260
804	296
804	342
804	379
804	382
804	421
804	493
804	586
804	591
804	616
804	724
804	786
870	152
870	176
870	253
870	295
870	304
870	425
870	447
870	462
870	591
870	627
870	669
870	724
870	772
870	961
967	34
967	65
967	82
967	189
967	199
967	237
967	296
967	345
967	348
967	398
967	429
967	500
967	611
967	669
967	961
32	442
32	548
32	726
32	729
32	745
32	816
32	818
32	968
32	981
442	408
442	445
442	548
442	726
442	729
442	745
442	816
442	818
442	927
442	968
442	981
548	408
548	445
548	729
548	745
548	816
548	818
548	968
548	981
726	408
726	445
726	729
726	745
726	816
726	818
729	408
729	745
729	816
729	818
729	968
729	981
745	408
745	445
745	816
745	818
745	927
745	968
816	408
816	445
816	818
816	927
816	968
818	408
818	445
927	408
927	445
927	968
968	408
968	445
968	981
981	408
981	445
33	139
33	270
33	378
33	542
33	645
33	849
33	889
33	895
139	60
139	629
139	735
139	849
139	895
139	914
270	284
270	373
270	645
270	653
270	735
378	133
378	350
378	477
378	600
378	735
378	843
542	168
542	215
542	471
542	596
542	658
542	665
542	749
542	775
542	895
542	951
645	106
645	168
645	352
645	373
645	392
645	558
645	587
645	775
645	849
645	914
645	933
849	135
849	214
849	227
849	264
849	278
849	397
849	410
849	439
849	477
849	889
849	951
889	60
889	203
889	227
889	284
889	287
889	350
889	358
889	373
889	392
889	439
889	471
889	558
889	572
889	658
889	665
889	735
889	775
889	782
889	914
895	106
895	135
895	203
895	214
895	215
895	284
895	350
895	457
895	471
895	479
895	550
895	558
895	572
895	775
895	843
34	229
34	247
34	426
34	456
34	961
229	291
229	329
229	481
229	500
229	591
229	841
247	238
247	295
247	493
247	591
247	769
247	772
247	786
247	841
426	212
426	291
426	398
426	447
426	481
426	500
426	506
426	627
426	955
456	142
456	166
456	379
456	565
456	578
456	660
456	676
456	787
456	794
456	955
578	321
578	429
578	594
578	669
578	787
578	794
578	805
961	65
961	142
961	175
961	181
961	237
961	304
961	321
961	329
961	366
961	467
961	481
961	493
961	509
961	562
961	586
961	591
961	594
961	616
961	631
961	769
961	786
35	987
35	992
35	993
978	609
978	773
978	987
978	992
978	993
987	172
987	283
987	372
987	387
987	402
987	420
987	453
987	504
987	609
987	626
987	773
987	777
987	855
987	950
987	952
987	962
987	988
987	989
987	991
987	992
987	993
987	997
987	999
987	1000
988	609
988	773
988	992
988	993
989	609
989	773
989	992
989	993
991	609
991	773
991	992
991	993
992	172
992	283
992	372
992	387
992	402
992	420
992	453
992	504
992	609
992	626
992	773
992	777
992	855
992	950
992	952
992	962
992	993
992	997
992	999
992	1000
993	172
993	283
993	372
993	387
993	402
993	420
993	453
993	504
993	626
993	773
993	777
993	855
993	950
993	952
993	962
993	997
993	999
993	1000
997	609
997	773
999	609
999	773
1000	609
1000	773
36	830
36	840
36	888
36	985
36	986
36	994
823	263
823	289
823	300
823	370
823	400
823	593
823	624
823	630
823	662
823	756
823	828
823	830
823	840
823	888
823	985
823	986
823	994
830	44
830	89
830	263
830	289
830	300
830	370
830	400
830	543
830	593
830	624
830	630
830	662
830	697
830	723
830	733
830	756
830	780
830	828
830	840
830	842
830	888
830	960
830	983
830	985
830	986
830	990
830	994
840	44
840	46
840	300
840	400
840	543
840	624
840	697
840	723
840	733
840	780
840	842
840	960
840	983
840	990
888	44
888	46
888	102
888	300
888	400
888	543
888	624
888	697
888	723
888	733
888	780
888	842
888	960
888	983
888	990
960	73
960	89
960	263
960	289
960	300
960	370
960	400
960	593
960	624
960	630
960	662
960	756
960	828
960	985
960	986
960	994
983	73
983	89
983	263
983	289
983	300
983	370
983	400
983	593
983	624
983	630
983	662
983	756
983	828
983	985
983	986
983	994
985	44
985	46
985	102
985	300
985	400
985	543
985	624
985	697
985	723
985	733
985	780
985	842
985	990
986	44
986	46
986	102
986	300
986	400
986	543
986	624
986	697
986	723
986	733
986	780
986	842
986	990
990	73
990	89
990	263
990	289
990	300
990	370
990	400
990	593
990	624
990	630
990	662
990	756
990	828
990	994
994	44
994	46
994	102
994	300
994	400
994	543
994	624
994	697
994	723
994	733
994	780
994	842
37	276
37	555
37	564
37	566
37	689
37	809
105	39
105	277
105	555
105	564
105	566
105	689
105	809
276	88
276	143
276	288
276	450
276	555
276	564
276	708
288	39
288	277
288	555
288	564
288	566
288	689
288	809
450	39
450	277
450	555
450	564
450	566
450	689
450	809
555	39
555	88
555	143
555	277
555	564
555	566
555	689
555	708
555	809
564	39
564	88
564	143
564	277
564	566
564	689
564	708
564	809
566	88
566	143
566	708
689	88
689	143
689	708
708	39
708	277
708	809
809	88
809	143
156	383
156	674
711	63
711	216
711	313
711	491
711	529
711	641
711	674
872	216
872	313
872	383
872	443
872	516
872	521
872	641
39	143
143	277
40	302
40	335
40	455
40	741
40	803
40	957
302	75
302	381
302	527
302	642
302	725
302	784
302	814
302	957
335	258
335	259
335	577
335	659
335	755
335	803
335	957
455	218
455	230
455	242
455	265
455	518
455	942
688	164
688	231
688	258
688	431
688	448
688	508
688	751
688	767
688	784
688	921
741	97
741	111
741	245
741	351
741	433
741	463
741	470
741	486
741	527
741	921
741	942
747	75
747	231
747	259
747	381
747	411
747	431
747	595
747	725
747	942
803	107
803	125
803	463
803	725
803	751
803	755
803	802
803	869
957	115
957	164
957	202
957	230
957	231
957	246
957	351
957	353
957	448
957	460
957	508
957	518
957	577
957	644
957	650
957	783
957	942
41	764
41	901
690	409
690	501
690	764
690	901
764	84
764	101
764	136
764	188
764	224
764	225
764	409
764	501
764	511
764	590
764	610
764	798
764	836
764	901
764	917
764	949
764	958
764	977
764	984
798	409
798	501
798	901
836	409
836	501
836	901
901	84
901	101
901	136
901	188
901	224
901	225
901	409
901	501
901	511
901	590
901	610
901	917
901	949
901	958
901	977
901	984
917	409
917	501
949	409
949	501
958	409
958	501
977	409
977	501
984	409
984	501
42	62
42	458
42	637
42	851
42	863
42	963
42	970
62	427
62	451
62	563
62	680
62	817
62	865
62	970
458	160
458	326
458	472
458	668
458	672
458	680
458	703
458	722
458	789
458	834
458	837
458	906
458	956
637	269
637	469
637	668
637	880
637	906
637	956
637	963
851	127
851	194
851	244
851	269
851	346
851	407
851	414
851	427
851	526
851	536
851	635
851	648
851	668
851	858
851	865
851	876
851	963
863	130
863	170
863	174
863	213
863	327
863	386
863	432
863	451
863	454
863	526
863	678
863	681
863	785
863	789
863	834
863	865
863	876
863	880
863	956
863	963
863	970
963	66
963	167
963	223
963	407
963	432
963	454
963	469
963	483
963	489
963	536
963	648
963	678
963	681
963	719
963	817
963	837
963	858
970	118
970	174
970	244
970	279
970	326
970	386
970	407
970	432
970	454
970	468
970	574
970	576
970	680
970	703
970	719
970	721
970	785
970	789
970	837
970	865
970	906
970	956
190	380
380	120
380	134
44	828
828	102
828	300
828	400
828	543
828	624
828	697
828	723
828	733
828	780
828	842
45	180
45	654
45	716
45	857
180	399
180	857
180	891
654	149
654	211
654	341
654	464
654	513
654	515
654	736
654	850
654	854
654	859
654	878
654	891
654	904
716	86
716	222
716	334
716	341
716	360
716	534
716	556
716	559
716	589
716	597
716	649
716	737
826	162
826	211
826	294
826	332
826	334
826	344
826	507
826	513
826	559
826	589
826	597
826	649
826	736
826	737
826	757
826	850
826	854
857	110
857	323
857	424
857	430
857	476
857	544
857	589
857	717
857	757
857	859
857	891
904	52
904	162
904	171
904	356
904	369
904	430
904	474
904	544
904	597
904	657
904	698
904	731
904	737
904	757
904	859
904	878
904	915
780	289
780	300
780	370
780	400
780	593
780	624
780	630
780	662
780	756
842	73
842	89
842	263
842	289
842	300
842	370
842	400
842	593
842	624
842	630
842	662
842	756
47	301
47	333
47	547
301	70
301	108
301	169
301	337
301	438
333	71
333	337
333	434
333	547
547	70
547	79
547	108
547	169
547	434
49	465
49	492
49	640
465	151
465	492
492	298
640	128
640	151
640	198
640	298
640	393
640	401
50	622
50	682
50	727
50	812
50	831
50	861
50	909
50	945
50	971
622	122
622	208
622	267
622	285
622	292
622	367
622	435
622	539
622	551
622	682
622	727
622	778
622	812
622	861
622	909
622	945
622	971
682	54
682	113
682	122
682	163
682	208
682	267
682	292
682	435
682	539
682	551
682	580
682	727
682	778
682	812
682	861
682	909
682	971
727	54
727	113
727	122
727	163
727	208
727	267
727	285
727	292
727	367
727	539
727	551
727	778
727	812
727	831
727	861
727	909
727	971
778	54
778	113
778	122
778	163
778	208
778	267
778	285
778	292
778	367
778	435
778	539
778	551
778	580
778	812
778	831
778	861
778	909
778	971
812	54
812	113
812	122
812	163
812	208
812	267
812	285
812	292
812	435
812	539
812	551
812	580
812	831
812	861
812	909
812	945
812	971
831	54
831	113
831	122
831	163
831	208
831	267
831	285
831	292
831	367
831	435
831	539
831	551
831	580
831	909
831	945
831	971
861	54
861	113
861	122
861	163
861	208
861	267
861	285
861	292
861	367
861	435
861	551
861	580
861	909
861	971
909	54
909	113
909	122
909	163
909	208
909	267
909	285
909	292
909	367
909	435
909	539
909	551
909	580
909	945
909	971
945	54
945	113
945	122
945	163
945	208
945	267
945	285
945	292
945	435
945	539
945	580
945	971
971	54
971	113
971	122
971	163
971	208
971	267
971	285
971	292
971	367
971	435
971	539
971	551
971	580
51	347
51	584
347	315
347	584
584	61
584	104
584	159
584	232
584	241
584	281
584	315
52	344
52	556
52	829
52	850
52	854
52	915
344	556
344	649
344	710
344	878
344	891
556	323
556	343
556	371
556	399
556	568
556	581
556	607
556	649
556	657
706	121
706	294
706	360
706	371
706	399
706	515
706	557
706	559
706	581
706	607
706	736
706	737
706	859
829	121
829	149
829	211
829	254
829	280
829	371
829	390
829	507
829	549
829	559
829	698
829	717
829	759
829	915
850	162
850	211
850	320
850	369
850	371
850	464
850	476
850	554
850	568
850	581
850	607
850	657
850	854
850	891
850	915
854	149
854	171
854	178
854	254
854	268
854	513
854	549
854	589
854	649
854	736
854	859
854	891
915	149
915	182
915	254
915	320
915	323
915	334
915	360
915	534
915	588
915	589
915	607
915	717
915	759
79	114
55	207
55	339
207	339
207	525
207	902
339	525
339	902
56	403
56	502
56	530
56	666
56	728
56	853
56	910
56	928
56	932
56	938
403	286
403	666
403	932
502	286
502	666
502	932
530	286
530	666
530	932
666	87
666	286
666	310
666	728
666	853
666	910
666	928
666	932
666	938
728	286
728	932
853	286
853	932
910	286
910	932
928	286
928	932
932	87
932	286
932	310
932	938
938	286
57	393
57	664
393	243
393	602
393	664
664	151
664	243
664	401
59	490
59	521
490	220
490	307
490	443
490	621
521	103
521	313
521	328
521	516
521	824
824	112
824	220
824	313
824	391
824	621
824	641
60	373
60	558
60	600
60	658
60	951
373	287
373	358
373	410
373	505
373	658
373	874
558	203
558	215
558	457
558	479
558	658
558	665
558	951
600	203
600	214
600	227
600	389
600	457
600	505
600	596
600	653
658	133
658	215
658	352
658	410
658	596
658	617
658	665
658	749
658	782
951	133
951	135
951	168
951	215
951	227
951	350
951	352
951	358
951	389
951	397
951	410
951	505
951	550
951	629
951	749
427	269
427	327
427	541
427	563
427	648
427	832
427	858
427	912
451	80
451	279
451	483
451	668
451	681
451	876
451	880
563	223
563	244
563	375
563	446
563	693
563	865
563	906
680	167
680	362
680	672
680	703
680	719
680	858
680	879
680	912
817	127
817	194
817	244
817	255
817	327
817	362
817	375
817	469
817	635
817	785
817	789
817	879
865	80
865	174
865	223
865	255
865	446
865	468
865	526
865	576
865	693
865	785
865	858
865	876
865	899
865	912
63	391
63	674
391	328
391	443
674	599
674	641
65	212
65	429
65	805
212	260
212	382
212	462
212	594
212	660
212	769
212	805
429	176
429	447
429	591
429	594
429	748
429	772
616	189
616	295
616	296
616	316
616	421
616	467
616	565
616	586
616	669
616	769
616	955
676	76
676	94
676	175
676	253
676	260
676	295
676	316
676	398
676	425
676	467
676	715
676	794
676	955
805	94
805	175
805	205
805	238
805	291
805	437
805	467
805	500
805	509
805	591
805	611
805	787
805	955
66	672
66	681
66	785
66	834
66	879
66	906
672	127
672	244
672	468
672	472
672	497
672	526
672	721
672	789
672	834
672	876
672	879
672	906
672	956
681	357
681	414
681	454
681	574
681	576
681	668
681	721
681	722
681	789
681	876
681	956
785	118
785	223
785	357
785	414
785	446
785	483
785	668
785	721
785	722
785	832
785	899
834	194
834	255
834	375
834	483
834	496
834	576
834	648
834	668
834	693
834	721
834	722
834	912
834	956
879	80
879	130
879	326
879	432
879	446
879	472
879	483
879	648
879	719
879	832
879	876
879	899
906	160
906	251
906	326
906	469
906	483
906	489
906	496
906	497
906	536
906	574
906	635
906	678
906	693
906	703
906	912
67	107
67	115
67	433
67	620
67	784
67	838
107	508
107	644
107	921
115	202
115	218
115	869
115	921
115	942
433	75
433	642
433	659
433	718
433	802
433	921
620	91
620	146
620	743
620	767
620	942
784	119
784	124
784	157
784	187
784	242
784	377
784	460
784	463
784	582
784	659
784	767
784	869
838	75
838	91
838	463
838	508
838	512
838	518
838	659
838	725
838	755
838	783
838	802
838	921
68	514
68	570
514	374
514	522
570	436
570	522
570	639
570	694
570	700
69	432
69	469
69	635
69	648
69	876
432	346
432	357
432	472
432	721
432	722
469	118
469	279
469	454
469	496
469	719
635	213
635	223
635	244
635	454
635	468
635	719
635	789
635	899
648	357
648	468
648	472
648	668
648	693
648	832
648	956
876	213
876	357
876	362
876	386
876	407
876	454
876	497
876	526
876	536
876	693
876	703
876	837
876	880
876	956
71	337
71	438
337	438
438	114
438	324
438	434
756	400
756	543
756	624
756	697
756	723
756	733
74	484
484	601
484	806
75	258
75	628
75	743
258	236
258	642
258	650
258	671
258	718
258	751
258	921
628	91
628	231
628	381
628	431
628	463
628	659
628	755
628	802
628	814
743	431
743	460
743	470
743	512
743	725
743	802
743	814
76	181
76	338
76	493
76	500
181	201
181	295
181	421
181	565
181	594
338	303
338	304
338	594
338	627
338	669
338	794
338	841
338	955
493	291
493	304
493	398
493	447
493	586
493	605
493	715
493	841
500	152
500	260
500	321
500	342
500	398
500	627
500	669
500	787
500	841
591	199
591	296
591	382
591	565
591	631
591	669
591	787
955	82
955	142
955	152
955	237
955	296
955	366
955	398
955	423
955	437
955	467
955	611
955	660
955	748
955	772
955	786
955	794
77	825
825	85
825	183
825	200
825	305
825	311
825	364
825	461
825	806
114	434
80	693
80	837
693	160
693	223
693	251
693	483
693	837
693	858
837	223
837	251
837	346
837	386
837	472
837	497
837	526
837	574
837	576
837	678
837	719
837	789
837	912
956	160
956	174
956	213
956	251
956	375
956	407
956	414
956	526
956	536
956	576
956	719
956	722
956	789
956	880
956	912
392	227
392	264
392	617
392	843
392	914
392	933
471	168
471	215
471	653
471	735
471	843
629	350
629	358
629	457
629	550
629	606
629	617
629	749
629	775
629	843
629	933
665	239
665	528
665	596
665	606
665	874
665	933
775	133
775	214
775	397
775	550
775	587
775	614
775	782
775	874
874	133
874	264
874	278
874	287
874	410
874	457
874	477
874	479
874	572
874	596
874	617
874	653
874	749
874	933
933	106
933	133
933	168
933	264
933	278
933	284
933	352
933	389
933	477
933	479
933	505
933	550
933	782
82	382
82	395
82	425
82	467
82	605
82	787
382	437
382	611
382	787
382	794
395	260
395	316
395	366
395	748
425	291
425	437
425	481
425	565
425	605
425	627
425	669
467	295
467	296
467	321
467	348
467	724
467	841
605	303
605	345
605	421
605	447
605	586
605	611
605	627
605	724
605	787
605	794
787	166
787	296
787	329
787	398
787	421
787	462
787	586
787	669
787	715
787	748
83	317
83	340
83	646
317	319
317	646
340	123
340	126
340	161
340	646
646	123
646	126
646	161
646	197
646	319
646	322
646	325
646	418
646	487
646	647
646	808
646	903
646	922
646	941
646	947
646	982
806	308
806	413
806	712
86	371
86	534
86	657
371	110
371	153
371	182
371	405
371	424
371	549
371	737
534	332
534	390
534	464
534	581
534	698
534	717
534	891
657	178
657	294
657	365
657	390
657	717
657	736
657	859
657	891
88	277
90	522
522	440
522	700
91	97
91	246
91	763
97	518
97	650
97	725
97	814
246	150
246	173
246	512
246	595
246	659
246	755
246	802
246	921
763	111
763	150
763	173
763	187
763	377
763	448
763	518
763	527
763	577
763	582
763	650
763	659
763	663
763	671
763	751
763	942
942	150
942	164
942	173
942	236
942	245
942	512
942	663
942	725
942	814
942	869
94	631
94	715
94	794
447	238
447	321
447	423
447	611
447	660
631	205
631	237
631	253
631	321
631	348
631	366
631	423
631	594
631	627
631	669
631	748
631	794
715	131
715	189
715	379
715	421
715	506
715	586
715	794
715	841
794	131
794	142
794	295
794	316
794	421
794	562
794	748
168	397
617	133
617	239
617	350
617	477
617	614
617	735
749	214
749	358
749	397
749	410
749	505
749	528
749	596
749	653
518	577
518	659
518	751
518	755
518	802
518	921
650	202
650	218
650	236
650	265
650	351
650	411
650	512
650	718
725	146
725	377
725	527
725	582
725	644
725	718
725	755
725	767
725	802
725	814
814	119
814	125
814	164
814	236
814	245
814	377
814	381
814	431
814	448
814	463
814	659
814	718
814	783
869	111
869	187
869	218
869	411
869	460
869	470
869	512
869	644
869	663
869	755
98	704
704	639
486	124
486	157
486	164
486	242
486	431
486	755
527	164
527	202
527	431
527	718
571	119
571	242
571	259
571	351
571	463
571	595
571	783
755	124
755	150
755	230
755	231
755	470
755	582
103	307
307	396
307	406
307	641
106	479
106	505
106	572
106	606
479	397
479	587
479	596
479	914
505	135
505	215
505	352
505	439
505	457
505	606
505	782
572	214
572	352
572	439
572	477
572	587
572	914
606	278
606	550
606	614
606	843
914	135
914	203
914	214
914	239
914	278
914	284
914	352
914	439
914	477
914	528
914	587
185	245
185	259
185	644
185	921
508	124
508	245
508	411
508	512
508	582
508	718
595	124
595	230
595	259
595	448
595	718
595	751
595	767
644	230
644	351
644	353
644	448
644	512
644	577
644	718
644	783
644	921
921	116
921	146
921	218
921	245
921	470
921	671
921	767
921	802
108	169
434	324
110	280
110	476
110	559
110	588
110	597
110	891
280	365
280	464
280	474
280	544
280	588
280	759
476	153
476	365
476	430
476	759
476	878
476	891
559	299
559	405
559	464
559	549
559	698
559	710
559	878
588	178
588	182
588	222
588	294
588	299
588	356
588	424
588	710
588	737
588	757
597	323
597	341
597	343
597	430
597	757
597	859
891	153
891	162
891	171
891	222
891	268
891	343
891	360
891	474
891	507
891	544
891	549
891	554
891	557
891	607
891	731
891	736
891	859
891	878
111	164
111	463
111	659
111	783
164	351
164	767
463	411
463	577
463	659
463	671
463	767
659	245
659	351
659	751
783	124
783	150
783	236
783	265
783	577
783	642
783	663
783	718
783	802
112	406
112	599
406	417
406	443
406	491
406	641
599	141
599	220
599	328
599	641
113	580
551	285
551	292
551	367
551	435
551	539
551	580
580	163
580	267
580	285
580	367
580	435
580	539
202	577
218	231
218	242
218	512
218	663
218	767
116	353
116	582
116	767
116	802
353	642
582	245
582	411
582	663
582	671
582	767
582	802
767	173
767	187
767	245
767	265
767	381
767	663
767	671
802	124
802	173
802	187
802	242
802	377
802	381
802	470
802	718
125	124
125	187
125	377
381	259
381	411
381	431
718	146
718	642
118	407
118	536
118	721
407	496
407	721
536	213
536	454
536	541
536	576
536	899
721	130
721	167
721	472
721	574
721	703
721	719
721	858
858	244
858	357
858	489
858	497
858	668
858	678
858	719
858	722
858	912
119	236
119	671
671	265
671	512
671	751
120	134
121	533
121	589
121	878
533	171
533	332
533	390
533	405
533	474
533	549
533	581
533	759
589	859
736	360
736	365
736	390
736	513
736	515
736	581
859	171
859	211
859	294
859	424
859	878
878	171
878	266
878	320
878	334
878	369
878	399
878	698
878	737
878	757
122	539
539	267
539	292
539	367
539	435
325	322
487	418
124	411
411	230
411	242
411	577
411	663
187	663
377	157
377	173
127	174
127	327
127	414
127	446
127	832
174	251
174	722
174	880
327	213
327	526
327	880
414	170
414	483
414	703
414	880
446	223
446	375
446	703
446	880
446	899
832	244
832	346
832	468
832	472
832	574
832	703
832	880
880	170
880	194
880	223
880	255
880	269
880	357
880	468
880	489
880	496
128	394
128	602
394	271
602	243
602	298
602	401
129	545
129	936
545	936
545	966
936	966
130	386
130	526
130	722
386	678
526	160
526	489
526	541
722	269
722	346
722	496
722	668
722	899
131	321
131	398
131	769
321	660
398	176
398	772
611	152
611	199
611	329
611	462
611	786
769	237
769	248
769	295
769	379
769	437
769	481
769	506
769	562
769	660
769	786
769	841
132	192
192	308
192	413
133	352
352	653
352	735
352	843
782	203
782	227
782	239
782	264
782	358
782	477
782	550
782	587
782	596
135	287
135	614
135	735
135	843
287	284
287	397
287	410
287	457
287	550
614	350
614	410
614	439
614	653
614	843
735	439
735	587
735	653
735	843
843	203
843	227
843	264
843	284
843	596
610	409
610	501
137	360
137	399
137	581
360	341
360	405
360	698
360	757
399	356
399	568
554	323
554	464
554	581
581	294
581	343
581	430
757	162
757	182
757	464
757	474
757	549
757	557
757	737
712	140
712	200
712	305
712	311
712	364
712	461
140	601
601	148
601	413
141	313
313	491
142	627
627	303
627	724
627	841
748	201
748	238
748	316
748	329
748	509
748	660
146	460
460	173
460	431
460	512
147	436
147	440
147	561
147	700
436	210
440	498
440	694
561	306
149	343
149	731
343	178
343	299
731	294
731	649
731	737
152	342
152	462
152	594
342	199
342	304
342	509
342	562
462	205
462	437
462	669
462	772
594	345
594	437
594	562
594	772
153	334
153	649
334	171
649	341
649	390
649	405
649	507
649	568
649	607
649	759
603	275
603	297
603	485
603	569
744	275
744	297
744	441
744	444
744	485
744	569
744	573
155	290
155	560
290	560
290	742
560	742
383	516
383	529
157	242
160	789
789	468
789	483
789	497
789	678
789	912
162	557
162	568
557	182
557	266
557	430
557	507
568	294
568	320
568	341
568	515
568	710
163	435
435	367
663	265
663	642
166	175
166	345
166	379
166	421
166	562
175	176
175	724
345	291
345	329
345	379
345	509
345	669
379	260
379	291
379	481
379	772
421	253
421	348
421	509
421	669
421	772
421	786
562	189
562	260
562	296
562	506
562	724
562	772
167	170
167	213
167	899
170	269
213	375
213	496
213	899
255	497
255	899
899	279
899	346
899	357
899	472
899	483
899	497
899	541
899	574
899	576
899	678
899	912
239	358
239	596
239	653
397	203
397	457
397	550
962	609
962	773
173	231
173	259
231	448
231	642
251	483
251	912
489	244
489	326
489	357
489	574
489	912
176	348
176	565
724	238
724	253
724	303
724	366
724	423
724	772
724	841
348	316
348	786
565	248
565	506
565	660
565	786
565	841
615	441
615	444
615	485
615	569
615	573
720	275
720	297
720	441
720	444
720	485
720	569
720	573
178	607
607	254
607	474
607	544
201	481
201	586
201	660
201	669
295	238
295	423
295	772
544	424
544	430
544	513
544	515
245	751
189	205
189	423
189	669
189	786
205	786
423	316
423	772
669	506
786	199
786	248
786	296
786	316
786	841
191	349
191	368
191	538
191	953
349	368
349	538
368	538
538	953
308	305
413	311
413	364
413	461
912	244
912	326
912	362
912	468
912	668
912	703
194	279
194	678
279	541
279	703
678	357
678	468
678	574
678	668
195	694
694	374
197	319
197	418
199	303
199	660
199	772
303	248
660	437
660	586
772	238
772	291
772	316
772	506
772	841
481	238
481	437
481	506
481	841
577	230
577	512
203	457
457	596
204	573
573	569
573	667
208	285
285	292
211	369
211	549
369	320
369	341
369	737
549	356
549	710
260	329
375	326
375	576
496	326
496	357
214	653
653	264
653	439
653	587
215	528
215	550
528	278
528	389
528	477
550	477
216	529
529	396
529	516
219	273
219	540
219	795
273	540
621	396
621	443
621	516
621	641
590	409
590	501
227	389
389	410
389	587
228	569
569	441
569	485
569	667
667	297
667	441
667	444
667	485
329	841
841	248
841	296
841	304
841	509
230	448
448	470
232	241
232	281
281	315
237	248
248	253
238	296
296	437
358	477
596	284
596	587
243	401
401	271
253	437
483	668
483	703
483	719
254	474
254	759
474	390
474	759
759	320
759	341
759	405
759	430
759	698
498	306
639	306
264	284
266	365
266	513
266	515
365	356
513	737
515	332
515	356
268	507
507	424
507	698
278	587
541	574
703	362
703	668
703	719
464	320
464	323
464	710
950	609
950	773
952	609
952	773
286	310
710	299
710	424
710	717
299	717
299	737
717	323
717	332
717	341
717	737
737	356
737	405
396	641
641	417
641	443
641	516
491	417
491	443
491	516
320	698
698	356
698	405
323	390
326	668
668	472
668	576
719	362
328	516
346	362
346	468
362	454
454	576
357	574
855	609
855	773
388	480
443	417
408	445
409	501
409	511
501	511
777	609
777	773
449	552
504	773
773	609
773	626
697	593
697	624
697	630
697	662
723	593
723	624
723	630
723	662
733	593
733	624
733	630
733	662
630	624
662	624
609	626
#End Disappearing Edges

*Newborn Edges
1	644
1	755
1	803
1	820
1	845
1	875
1	921
1	942
1	980
644	259
644	381
644	463
644	508
644	582
644	638
644	661
644	743
644	767
644	791
644	820
644	845
644	942
644	943
644	980
755	157
755	259
755	351
755	353
755	381
755	460
755	512
755	638
755	650
755	659
755	718
755	783
755	796
755	820
755	875
755	885
796	23
796	116
796	187
796	202
796	230
796	259
796	353
796	376
796	377
796	431
796	512
796	638
796	650
796	791
796	820
796	845
796	885
796	921
796	980
803	115
803	157
803	242
803	376
803	377
803	381
803	448
803	508
803	582
803	643
803	659
803	820
803	845
803	875
820	91
820	117
820	187
820	202
820	230
820	463
820	643
820	659
820	661
820	718
820	783
820	845
820	921
820	942
845	23
845	67
845	117
845	230
845	231
845	242
845	335
845	460
845	518
845	638
845	642
845	643
845	659
845	743
845	767
845	783
845	875
845	885
875	230
875	231
875	259
875	302
875	335
875	376
875	377
875	381
875	431
875	460
875	463
875	650
875	718
875	751
875	767
875	791
875	885
875	942
875	943
921	67
921	157
921	202
921	230
921	242
921	256
921	259
921	302
921	335
921	351
921	353
921	376
921	377
921	463
921	508
921	582
921	659
921	718
921	743
921	783
942	67
942	117
942	157
942	231
942	242
942	460
942	463
942	508
942	518
942	582
942	638
942	650
942	661
942	718
942	743
942	783
942	791
942	885
980	23
980	91
980	187
980	202
980	230
980	242
980	259
980	351
980	376
980	377
980	381
980	431
980	448
980	460
980	582
980	650
980	659
980	661
980	885
980	943
2	388
2	520
388	520
388	552
636	100
636	196
636	243
673	196
673	243
765	196
765	243
776	196
776	243
792	196
792	243
844	196
844	243
860	196
860	243
925	196
925	243
3	64
3	141
3	164
3	401
3	790
64	92
64	109
64	164
64	401
64	452
64	634
64	790
92	164
92	401
92	790
109	164
109	401
109	790
141	391
141	674
141	824
141	891
164	401
164	452
164	634
164	790
401	452
401	634
401	790
452	790
634	790
4	527
4	571
4	595
4	620
4	631
4	688
4	838
4	869
4	957
331	97
331	107
331	125
331	433
331	455
331	470
331	598
331	802
331	869
527	125
527	150
527	185
527	221
527	246
527	411
527	455
527	470
527	663
527	730
527	747
527	784
527	838
527	869
527	957
571	111
571	125
571	150
571	218
571	245
571	411
571	631
571	663
571	741
571	802
571	807
571	814
571	838
595	97
595	265
595	455
595	628
595	679
595	688
595	730
595	741
595	771
595	784
595	807
595	814
595	869
620	173
620	221
620	246
620	265
620	433
620	455
620	577
620	663
620	679
620	741
620	802
620	807
620	838
631	99
631	124
631	150
631	173
631	416
631	577
631	663
631	671
631	679
631	688
631	730
631	741
631	747
631	771
631	784
631	802
631	807
631	957
688	97
688	111
688	124
688	217
688	218
688	245
688	494
688	671
688	679
688	741
688	747
688	802
838	40
838	97
838	107
838	111
838	119
838	165
838	218
838	245
838	298
838	470
838	598
838	663
838	747
838	771
838	814
838	957
869	107
869	124
869	125
869	146
869	165
869	173
869	217
869	221
869	245
869	416
869	486
869	577
869	598
869	628
869	679
869	747
869	814
957	97
957	99
957	107
957	111
957	119
957	124
957	125
957	146
957	150
957	173
957	185
957	217
957	236
957	298
957	433
957	470
957	494
957	628
957	771
957	784
957	802
957	807
957	814
5	674
5	707
5	824
5	872
5	891
674	383
674	396
674	406
674	707
674	891
674	919
707	383
707	490
707	521
707	560
707	621
707	891
707	918
824	58
824	63
824	103
824	307
824	406
824	490
824	529
824	560
824	599
824	891
824	898
872	63
872	307
872	391
872	406
872	417
872	491
872	891
872	918
891	38
891	58
891	59
891	156
891	216
891	250
891	307
891	328
891	383
891	391
891	396
891	417
891	490
891	491
891	516
891	521
891	529
891	560
891	599
891	621
891	711
891	800
891	898
891	911
891	918
891	919
891	931
891	940
898	220
898	250
898	328
898	491
898	560
898	800
911	58
911	59
911	103
911	516
911	521
911	560
911	711
919	63
919	328
919	406
919	560
931	38
931	491
931	516
931	529
931	560
931	918
940	103
940	560
940	800
6	93
6	258
6	932
72	93
72	258
72	932
93	258
93	312
93	314
93	553
93	652
93	932
258	312
258	314
258	553
258	652
258	932
312	932
314	932
553	932
652	932
7	275
7	297
7	441
7	444
7	485
7	573
275	297
275	441
275	444
275	485
275	573
297	441
297	444
297	485
297	573
441	485
444	485
8	61
8	120
8	134
8	282
8	692
8	702
8	725
61	120
61	233
61	380
61	499
61	656
61	692
61	702
61	725
61	752
120	692
120	702
120	725
134	179
134	190
134	692
134	702
134	725
282	692
282	702
282	725
363	692
363	702
363	725
656	692
656	702
656	725
692	43
692	179
692	190
692	233
692	359
692	380
692	412
692	499
692	702
692	725
692	752
702	43
702	179
702	190
702	233
702	359
702	380
702	412
702	499
702	725
702	752
725	43
725	179
725	190
725	233
725	359
725	380
725	412
725	499
725	752
9	367
9	468
9	551
9	580
9	788
9	789
9	818
9	863
9	981
367	66
367	122
367	670
367	734
367	865
367	866
367	884
367	896
367	927
367	929
468	432
468	496
468	519
468	526
468	563
468	624
468	682
468	719
468	726
468	778
468	821
468	879
551	62
551	170
551	354
551	451
551	574
551	693
551	721
551	729
551	740
551	779
551	837
551	858
551	897
551	968
580	127
580	489
580	535
580	536
580	579
580	693
580	703
580	719
580	739
580	821
580	851
580	866
580	893
580	968
580	981
788	22
788	251
788	279
788	292
788	435
788	445
788	519
788	579
788	837
788	852
788	863
788	867
788	876
788	882
788	897
788	920
788	929
788	954
788	956
788	963
788	981
789	42
789	122
789	170
789	251
789	375
789	386
789	427
789	489
789	624
789	648
789	670
789	703
789	721
789	739
789	816
789	831
789	865
789	866
789	884
789	920
789	981
818	42
818	118
818	160
818	327
818	346
818	454
818	483
818	496
818	519
818	532
818	682
818	722
818	727
818	739
818	779
818	812
818	817
818	832
818	863
818	866
818	879
818	882
818	906
818	920
863	69
863	193
863	249
863	318
863	446
863	469
863	483
863	497
863	579
863	668
863	680
863	682
863	684
863	693
863	721
863	816
863	837
863	866
863	867
863	882
863	899
863	912
863	927
863	981
896	66
896	118
896	122
896	292
896	315
896	357
896	442
896	489
896	539
896	548
896	618
896	622
896	635
896	668
896	682
896	812
896	821
896	851
896	861
896	897
896	954
896	956
896	963
896	968
896	981
981	54
981	69
981	113
981	160
981	223
981	241
981	255
981	347
981	419
981	427
981	435
981	469
981	497
981	526
981	536
981	563
981	574
981	632
981	668
981	682
981	684
981	693
981	721
981	734
981	740
981	778
981	831
981	865
981	866
981	879
981	893
981	897
981	912
981	920
981	929
981	956
10	474
10	554
10	649
10	710
10	753
10	757
10	850
10	908
10	926
10	934
474	137
474	182
474	332
474	534
474	581
474	588
474	589
474	698
474	710
474	737
474	857
474	859
474	908
474	915
554	153
554	252
554	365
554	390
554	503
554	710
554	716
554	759
554	826
554	878
554	904
554	908
649	144
649	222
649	294
649	323
649	333
649	476
649	549
649	559
649	589
649	781
649	835
649	847
649	894
649	904
649	915
649	935
710	334
710	390
710	533
710	625
710	654
710	757
710	829
710	850
710	856
710	862
710	894
710	904
710	915
710	934
753	222
753	280
753	464
753	507
753	513
753	534
753	544
753	654
753	657
753	698
753	717
753	757
753	829
753	850
753	856
753	915
753	926
753	979
757	45
757	180
757	285
757	333
757	369
757	399
757	503
757	677
757	781
757	819
757	856
757	862
757	873
757	926
757	979
850	110
850	268
850	280
850	294
850	344
850	356
850	399
850	405
850	424
850	544
850	716
850	737
850	781
850	847
850	856
850	862
850	904
850	935
850	979
908	12
908	144
908	211
908	222
908	293
908	294
908	320
908	332
908	334
908	341
908	464
908	544
908	581
908	589
908	654
908	695
908	698
908	731
908	750
908	759
908	781
908	819
908	873
908	935
926	20
926	110
926	137
926	149
926	153
926	285
926	323
926	332
926	333
926	344
926	371
926	390
926	405
926	424
926	464
926	549
926	557
926	657
926	677
926	698
926	706
926	759
926	770
926	847
934	86
934	211
934	252
934	323
934	332
934	343
934	356
934	365
934	369
934	399
934	503
934	557
934	581
934	589
934	597
934	607
934	625
934	654
934	657
934	698
934	736
934	759
934	770
934	826
934	835
934	915
11	440
11	633
11	700
11	810
440	374
440	514
440	633
440	754
440	810
440	871
633	68
633	98
633	374
633	498
633	514
633	522
633	561
633	639
633	694
633	754
633	810
633	833
633	846
633	871
633	883
633	964
633	969
633	976
700	203
700	306
700	510
700	561
700	754
810	78
810	203
810	561
833	195
833	203
833	306
833	436
833	704
871	203
883	203
883	436
964	203
969	203
976	203
12	556
12	625
12	859
12	904
12	915
12	935
556	45
556	180
556	266
556	285
556	360
556	390
556	430
556	549
556	588
556	736
556	737
556	904
556	935
625	266
625	333
625	369
625	464
625	476
625	533
625	581
625	607
625	695
625	736
625	873
625	878
677	162
677	293
677	333
677	360
677	464
677	476
677	544
677	559
677	568
677	588
677	759
677	878
677	894
819	20
819	25
819	110
819	171
819	293
819	360
819	430
819	559
819	568
819	589
819	716
819	731
819	750
819	781
819	847
819	862
819	878
819	894
819	979
859	20
859	86
859	137
859	144
859	162
859	252
859	268
859	320
859	430
859	503
859	568
859	607
859	717
859	826
859	829
859	835
859	856
859	862
859	873
904	20
904	144
904	211
904	222
904	268
904	280
904	299
904	320
904	371
904	424
904	559
904	695
904	781
904	826
904	835
904	873
904	979
915	20
915	25
915	137
915	144
915	153
915	280
915	285
915	299
915	333
915	405
915	424
915	430
915	533
915	597
915	654
915	706
915	731
915	770
915	862
935	86
935	110
935	149
935	158
935	293
935	294
935	323
935	341
935	360
935	390
935	405
935	424
935	476
935	533
935	568
935	581
935	588
935	716
935	736
935	770
935	826
935	862
935	878
935	979
979	20
979	45
979	149
979	182
979	252
979	280
979	285
979	299
979	323
979	341
979	360
979	399
979	507
979	513
979	581
979	716
979	717
979	750
979	759
979	847
979	856
13	50
13	362
13	414
13	584
13	834
13	852
13	893
13	920
13	970
50	347
50	618
50	834
50	867
50	893
50	906
50	956
50	968
362	681
362	684
362	778
362	785
362	837
362	864
362	879
362	882
362	956
362	970
414	80
414	208
414	249
414	292
414	473
414	489
414	526
414	684
414	722
414	884
414	963
584	208
584	223
584	251
584	375
584	407
584	472
584	613
584	739
584	778
584	831
584	834
584	851
584	865
584	884
584	912
618	442
618	446
618	472
618	497
618	541
618	613
618	624
618	632
618	745
618	831
618	865
618	880
618	899
618	945
618	968
834	62
834	167
834	315
834	354
834	427
834	446
834	532
834	613
834	624
834	632
834	675
834	680
834	703
834	726
834	729
834	778
834	821
834	876
834	879
834	884
834	899
834	970
852	30
852	127
852	213
852	223
852	346
852	469
852	519
852	535
852	574
852	648
852	681
852	721
852	739
852	745
852	785
852	831
852	864
852	865
852	882
852	893
852	897
852	899
852	912
852	927
852	929
852	945
852	956
852	963
893	122
893	174
893	208
893	232
893	249
893	327
893	442
893	451
893	458
893	537
893	563
893	682
893	683
893	701
893	821
893	861
893	867
893	899
893	929
920	42
920	54
920	69
920	130
920	163
920	244
920	255
920	446
920	489
920	539
920	624
920	668
920	670
920	701
920	727
920	740
920	778
920	785
920	811
920	832
920	861
920	876
920	927
920	929
920	945
970	32
970	80
970	113
970	127
970	160
970	167
970	170
970	193
970	194
970	451
970	472
970	489
970	541
970	624
970	670
970	675
970	678
970	683
970	684
970	726
970	734
970	779
970	821
970	831
970	866
970	912
970	929
970	945
970	954
970	963
14	191
14	274
14	672
191	274
191	672
274	672
15	330
15	601
15	666
15	806
15	971
330	305
330	311
330	339
330	601
330	666
330	768
330	806
330	905
330	913
330	916
330	923
330	971
601	77
601	85
601	183
601	192
601	200
601	305
601	339
601	364
601	461
601	666
601	971
666	21
666	77
666	85
666	140
666	183
666	192
666	305
666	311
666	339
666	364
666	461
666	768
666	806
666	905
666	913
666	916
666	923
666	971
768	21
768	77
768	85
768	140
768	183
768	305
768	339
768	971
806	21
806	77
806	200
806	339
806	364
806	971
905	192
905	339
905	971
913	339
913	971
916	339
916	971
923	339
923	971
971	21
971	77
971	85
971	140
971	183
971	192
971	200
971	305
971	311
971	339
971	364
971	461
16	646
16	830
16	992
355	646
355	830
355	992
361	26
361	178
361	646
361	830
361	992
583	26
583	178
583	646
583	830
583	992
646	26
646	28
646	178
646	209
646	262
646	459
646	830
646	881
646	900
646	924
646	992
646	995
830	26
830	28
830	178
830	209
830	262
830	459
830	881
830	900
830	924
830	992
830	995
881	26
881	178
881	992
900	26
900	178
900	992
924	26
924	178
924	992
992	26
992	28
992	178
992	209
992	262
992	459
992	995
995	26
995	178
17	500
17	594
17	608
17	748
17	772
17	774
17	794
500	48
500	296
500	303
500	437
500	506
500	592
500	605
500	715
500	794
500	804
500	813
500	870
500	907
500	937
594	199
594	296
594	478
594	586
594	605
594	669
594	732
594	794
594	804
594	805
594	813
594	946
594	955
608	175
608	238
608	247
608	382
608	426
608	467
608	478
608	611
608	616
608	676
608	748
608	805
608	841
608	946
608	961
748	31
748	34
748	247
748	382
748	398
748	425
748	467
748	478
748	591
748	616
748	946
748	961
748	967
772	131
772	176
772	260
772	338
772	348
772	382
772	456
772	481
772	531
772	565
772	611
772	676
772	715
772	732
772	774
772	794
772	804
772	937
772	946
772	961
772	967
774	82
774	94
774	201
774	237
774	238
774	253
774	295
774	321
774	342
774	348
774	379
774	429
774	467
774	478
774	481
774	562
774	804
774	961
794	31
794	229
794	238
794	248
794	304
794	321
794	379
794	509
794	660
794	724
794	769
794	805
794	813
794	841
794	907
794	961
813	199
813	201
813	248
813	296
813	316
813	426
813	466
813	562
813	578
813	591
813	611
813	616
813	660
813	715
813	732
813	930
930	34
930	48
930	142
930	152
930	166
930	181
930	295
930	321
930	345
930	429
930	456
930	462
930	531
930	578
930	616
930	660
930	669
930	769
930	805
930	937
946	65
946	94
946	166
946	176
946	181
946	338
946	423
946	456
946	462
946	578
946	592
946	669
946	676
946	696
946	787
946	937
946	955
946	967
18	352
18	705
18	775
18	874
18	895
18	933
18	975
18	987
352	373
352	397
352	457
352	528
352	606
352	686
352	691
352	762
352	849
352	944
352	975
705	81
705	270
705	358
705	378
705	389
705	443
705	505
705	572
705	596
705	614
705	617
705	658
705	749
705	762
705	868
705	895
705	914
705	944
705	951
705	953
705	973
766	33
766	96
766	128
766	264
766	373
766	392
766	428
766	457
766	505
766	542
766	558
766	587
766	606
766	691
766	749
766	762
766	782
766	975
775	60
775	284
775	287
775	378
775	457
775	477
775	658
775	699
775	735
775	843
775	868
775	933
775	975
775	987
874	60
874	106
874	270
874	300
874	378
874	392
874	397
874	505
874	542
874	606
874	614
874	658
874	686
874	762
874	782
874	895
874	914
874	944
874	951
874	975
887	278
887	284
887	287
887	368
887	378
887	397
887	408
887	410
887	443
887	477
887	600
887	617
887	868
887	889
887	944
887	953
887	975
887	987
895	60
895	81
895	128
895	300
895	368
895	397
895	439
895	477
895	505
895	587
895	614
895	617
895	629
895	653
895	686
895	749
895	933
895	951
895	975
895	987
933	60
933	96
933	239
933	287
933	350
933	373
933	410
933	443
933	471
933	528
933	600
933	653
933	691
933	762
933	868
933	953
933	973
975	33
975	60
975	81
975	128
975	133
975	135
975	168
975	215
975	227
975	239
975	270
975	284
975	287
975	368
975	378
975	397
975	428
975	439
975	477
975	505
975	528
975	550
975	558
975	587
975	600
975	606
975	614
975	617
975	629
975	645
975	653
975	686
975	782
975	843
975	849
975	889
975	944
975	951
987	33
987	81
987	128
987	135
987	168
987	215
987	227
987	239
987	270
987	278
987	284
987	300
987	349
987	358
987	368
987	389
987	392
987	408
987	428
987	443
987	457
987	471
987	505
987	528
987	558
987	596
987	600
987	606
987	614
987	617
987	629
987	653
987	658
987	665
987	686
987	699
987	735
987	749
987	762
987	889
987	914
987	951
987	953
987	973
19	70
19	301
19	434
19	547
19	609
19	993
70	438
70	564
70	609
70	993
301	53
301	79
301	114
301	523
301	546
301	993
434	523
434	546
434	564
434	569
434	609
434	993
547	71
547	114
547	324
547	337
547	546
547	564
547	569
547	609
547	993
609	24
609	53
609	114
609	272
609	324
609	523
609	546
609	564
609	585
609	685
609	758
609	761
609	972
609	996
758	24
758	546
758	564
758	993
761	24
761	546
761	564
761	569
761	993
972	24
972	546
972	564
972	569
972	993
993	24
993	53
993	71
993	79
993	108
993	114
993	169
993	272
993	324
993	337
993	438
993	523
993	546
993	564
993	569
993	585
993	685
993	996
996	24
996	546
996	564
996	569
20	657
20	706
657	149
657	254
657	268
657	356
657	369
657	464
657	503
657	507
657	695
657	716
657	731
657	829
657	857
706	110
706	211
706	293
706	320
706	365
706	369
706	503
706	717
706	750
706	781
706	829
706	847
706	856
21	192
21	311
192	461
311	200
311	305
311	461
22	80
22	435
22	812
22	876
22	897
22	899
22	912
22	968
80	269
80	427
80	701
80	817
80	912
80	954
435	442
435	532
435	684
435	701
435	703
435	740
435	851
435	858
435	864
435	867
435	912
812	66
812	69
812	104
812	347
812	432
812	442
812	445
812	535
812	576
812	579
812	670
812	675
812	680
812	722
812	734
812	740
812	832
812	858
812	866
812	884
812	897
812	929
812	956
812	963
876	30
876	54
876	66
876	244
876	251
876	354
876	496
876	519
876	532
876	537
876	563
876	576
876	678
876	683
876	778
876	811
876	817
876	861
876	897
876	912
876	927
897	213
897	244
897	318
897	357
897	445
897	532
897	536
897	537
897	548
897	683
897	684
897	722
897	816
897	821
897	867
897	880
899	30
899	69
899	223
899	386
899	404
899	442
899	496
899	526
899	537
899	539
899	563
899	579
899	624
899	680
899	681
899	682
899	703
899	726
899	831
899	837
899	867
899	927
912	62
912	66
912	104
912	113
912	163
912	375
912	419
912	442
912	535
912	622
912	678
912	682
912	683
912	734
912	739
912	779
912	817
912	879
954	54
954	163
954	167
954	213
954	292
954	346
954	357
954	404
954	427
954	442
954	454
954	458
954	483
954	496
954	574
954	576
954	632
954	668
954	675
954	684
954	701
954	721
954	729
954	740
954	968
968	62
968	118
968	122
968	130
968	160
968	194
968	315
968	346
968	347
968	354
968	375
968	419
968	427
968	451
968	458
968	473
968	483
968	526
968	535
968	576
968	668
968	719
968	721
968	727
968	734
968	831
968	832
968	837
968	861
968	865
968	866
968	880
968	882
968	929
968	956
23	256
23	335
23	518
23	643
23	791
23	943
256	381
256	460
256	518
256	751
256	767
256	885
256	943
335	115
335	643
335	661
335	718
335	783
335	943
518	202
518	242
518	642
518	718
518	767
518	783
518	791
518	943
638	91
638	431
638	460
638	508
638	643
638	659
638	718
638	743
638	767
638	783
638	885
643	353
643	376
643	463
643	659
643	751
643	943
791	115
791	117
791	187
791	231
791	242
791	351
791	508
791	512
791	642
791	650
791	783
791	885
943	67
943	116
943	187
943	202
943	231
943	242
943	259
943	353
943	431
943	460
943	463
943	512
943	582
943	642
943	743
943	751
943	767
943	885
24	108
24	337
24	564
24	685
108	546
108	569
337	272
337	564
564	71
564	79
564	114
564	324
564	523
564	569
564	685
685	272
685	569
25	334
25	365
25	654
25	716
25	737
25	829
25	857
334	254
334	285
334	534
334	654
334	695
334	731
334	750
334	873
365	557
365	581
365	829
365	854
365	862
365	878
654	86
654	252
654	294
654	343
654	503
654	559
654	607
654	731
654	781
654	894
716	158
716	171
716	280
716	294
716	333
716	344
716	356
716	369
716	507
716	533
716	847
737	52
737	211
737	252
737	268
737	280
737	294
737	323
737	333
737	360
737	464
737	568
737	581
737	835
737	854
781	153
781	182
781	285
781	405
781	430
781	513
781	549
781	695
781	717
781	826
781	854
781	857
781	878
781	894
829	180
829	285
829	299
829	323
829	333
829	341
829	356
829	503
829	513
829	533
829	557
829	607
829	695
829	847
857	52
857	162
857	171
857	268
857	299
857	341
857	371
857	399
857	507
857	513
857	533
857	557
857	695
857	759
857	826
857	873
857	878
26	459
459	178
27	216
27	529
216	516
216	521
216	560
216	621
216	918
529	112
529	156
529	235
827	156
827	307
827	328
827	383
827	396
827	417
827	491
827	521
827	560
827	621
827	800
918	63
918	307
918	406
918	560
29	764
29	998
746	234
746	421
746	640
746	764
746	998
764	57
764	151
764	198
764	234
764	271
764	394
764	421
764	465
764	492
764	524
764	575
764	602
764	640
764	664
764	797
764	799
764	848
764	886
764	939
764	948
764	959
764	998
797	234
797	421
797	998
799	234
799	421
799	998
848	234
848	421
848	998
886	234
886	421
886	998
939	234
939	421
939	998
948	234
948	421
948	998
959	234
959	421
959	998
998	57
998	151
998	198
998	234
998	271
998	394
998	421
998	465
998	492
998	524
998	575
998	602
998	640
998	664
30	407
30	445
30	446
30	469
30	624
30	880
30	945
407	213
407	292
407	326
407	445
407	563
407	722
407	811
407	864
407	879
407	882
407	927
445	213
445	232
445	473
445	721
445	831
445	858
445	879
445	906
445	945
446	251
446	386
446	734
446	779
446	821
446	832
446	837
446	858
446	956
469	54
469	539
469	563
469	668
469	682
469	727
469	729
469	734
469	785
469	884
624	315
624	354
624	648
624	675
624	779
624	821
624	851
624	864
624	879
624	945
624	956
624	963
880	130
880	163
880	442
880	472
880	483
880	497
880	536
880	579
880	675
880	678
880	680
880	701
880	721
880	722
880	727
880	745
880	816
880	817
880	865
880	882
880	906
880	945
945	32
945	127
945	193
945	194
945	255
945	326
945	375
945	386
945	458
945	526
945	536
945	548
945	563
945	576
945	637
945	648
945	683
945	684
945	721
945	734
945	811
945	832
945	866
945	867
945	882
945	906
945	927
31	345
31	481
31	562
31	578
31	676
31	709
31	961
345	295
345	426
345	531
345	586
345	592
345	787
345	804
345	841
345	961
481	176
481	295
481	329
481	509
481	562
481	586
481	676
481	709
481	724
481	804
562	291
562	316
562	379
562	429
562	447
562	591
562	715
562	786
562	804
562	805
562	841
562	955
562	967
578	142
578	152
578	260
578	295
578	329
578	447
578	591
578	786
578	955
676	82
676	212
676	229
676	291
676	338
676	342
676	426
676	709
676	787
676	841
676	937
709	94
709	175
709	291
709	304
709	329
709	398
709	456
709	493
709	506
709	531
709	591
709	616
709	660
709	786
709	804
870	142
870	205
870	212
870	296
870	316
870	321
870	342
870	423
870	429
870	592
870	605
870	660
870	715
870	769
870	786
870	804
961	76
961	82
961	131
961	201
961	238
961	296
961	336
961	338
961	379
961	382
961	423
961	425
961	447
961	466
961	565
961	660
961	724
961	787
961	804
961	937
961	955
32	326
32	536
32	574
32	683
32	722
32	779
32	864
326	354
326	386
326	648
326	722
326	745
326	927
326	929
536	54
536	167
536	208
536	347
536	442
536	519
536	866
536	867
536	882
574	194
574	244
574	269
574	279
574	497
574	526
574	816
574	858
683	255
683	327
683	357
683	548
683	635
683	637
683	719
683	740
683	785
683	811
683	821
683	927
683	956
722	118
722	532
722	563
722	622
722	648
722	675
722	721
722	729
722	811
722	832
722	837
722	851
722	906
779	66
779	170
779	223
779	244
779	451
779	497
779	532
779	548
779	670
779	675
779	726
779	851
779	861
779	865
779	867
779	882
779	927
779	929
779	963
864	163
864	208
864	251
864	255
864	292
864	315
864	375
864	442
864	454
864	496
864	539
864	648
864	670
864	680
864	703
864	734
864	745
864	821
864	884
927	62
927	208
927	241
927	251
927	375
927	419
927	473
927	537
927	541
927	613
927	637
927	681
927	684
927	701
927	719
927	721
927	817
927	821
927	861
927	866
927	884
927	963
33	358
33	587
33	699
33	843
33	951
33	973
358	264
358	439
358	542
358	550
358	665
358	762
358	849
358	953
587	300
587	428
587	550
587	614
587	665
587	749
587	849
587	951
699	60
699	227
699	349
699	368
699	397
699	443
699	505
699	629
699	645
699	658
699	735
699	762
699	914
699	951
843	81
843	270
843	349
843	350
843	368
843	397
843	428
843	479
843	558
843	645
843	749
843	762
843	889
843	953
944	81
944	128
944	133
944	139
944	300
944	368
944	439
944	629
944	645
944	658
944	665
944	686
944	691
944	914
944	953
951	106
951	128
951	278
951	349
951	408
951	443
951	471
951	596
951	600
951	606
951	653
951	658
951	889
951	973
973	128
973	135
973	264
973	300
973	349
973	368
973	408
973	443
973	457
973	471
973	505
973	600
973	658
973	691
973	762
973	889
973	953
34	248
34	478
34	669
34	715
34	724
34	769
34	805
248	82
248	316
248	437
248	592
248	696
478	152
478	166
478	175
478	316
478	382
478	437
478	462
478	669
478	937
669	65
669	131
669	181
669	253
669	291
669	296
669	398
669	531
669	565
669	769
669	804
669	907
715	175
715	199
715	237
715	238
715	423
715	447
715	462
715	660
715	696
715	769
724	142
724	229
724	316
724	321
724	329
724	379
724	429
724	466
724	493
724	531
724	616
724	769
724	786
724	805
769	48
769	181
769	296
769	336
769	338
769	366
769	382
769	395
769	398
769	732
769	804
805	48
805	199
805	303
805	338
805	366
805	379
805	398
805	462
805	493
805	592
805	696
805	937
35	950
35	952
35	962
950	49
950	159
950	172
950	219
950	273
950	286
950	415
950	540
950	545
950	570
950	795
952	49
952	159
952	172
952	219
952	273
952	286
952	415
952	540
952	545
952	570
952	795
962	49
962	159
962	219
962	273
962	286
962	415
962	540
962	545
962	570
962	795
978	49
978	159
978	219
978	273
978	286
978	415
978	540
978	545
978	570
978	795
988	49
988	159
988	219
988	273
988	286
988	415
988	540
988	545
988	570
988	795
989	49
989	159
989	219
989	273
989	286
989	415
989	540
989	545
989	570
989	795
991	49
991	159
991	219
991	273
991	286
991	415
991	540
991	545
991	570
991	795
997	49
997	159
997	219
997	273
997	286
997	415
997	540
997	545
997	570
997	795
999	49
999	159
999	219
999	273
999	286
999	415
999	540
999	545
999	570
999	795
1000	49
1000	159
1000	219
1000	273
1000	286
1000	415
1000	540
1000	545
1000	570
1000	795
36	697
36	723
36	733
36	780
36	842
36	901
697	44
697	46
697	51
697	102
697	189
697	901
723	44
723	46
723	51
723	102
723	189
723	901
733	44
733	46
733	51
733	102
733	189
733	901
780	44
780	51
780	102
780	189
780	901
823	44
823	46
823	51
823	189
823	901
842	44
842	51
842	189
842	901
901	44
901	46
901	51
901	102
901	189
901	543
901	960
901	983
901	990
960	51
960	189
983	51
983	189
990	51
990	189
37	88
37	143
37	400
88	105
88	143
88	400
105	143
105	288
105	400
143	400
288	400
400	450
400	708
38	516
38	621
38	800
516	63
516	220
516	490
516	599
516	711
516	800
621	112
621	383
800	63
800	156
800	383
800	406
800	560
39	207
39	276
39	277
39	281
207	276
207	277
207	281
207	566
207	689
207	809
276	281
277	281
281	566
281	689
281	809
40	217
40	236
40	433
40	628
40	671
40	679
40	802
217	97
217	411
217	470
217	577
217	628
217	730
217	814
236	265
236	416
236	455
236	663
236	741
236	747
236	771
236	784
236	802
433	146
433	218
433	221
433	411
433	470
433	628
433	747
433	814
628	245
628	411
628	416
628	470
628	486
628	577
628	598
628	663
628	784
628	807
671	99
671	125
671	150
671	185
671	245
671	246
671	298
671	416
671	494
671	679
671	771
671	784
679	97
679	99
679	119
679	124
679	185
679	221
679	411
679	416
679	730
679	784
679	802
747	124
747	165
747	221
747	245
747	265
747	298
747	455
747	807
802	99
802	111
802	119
802	146
802	185
802	218
802	221
802	245
802	455
802	577
802	730
802	771
802	784
41	763
41	822
690	56
690	226
690	290
690	763
690	822
763	56
763	84
763	101
763	136
763	188
763	224
763	225
763	226
763	290
763	511
763	590
763	610
763	798
763	822
763	836
763	917
763	949
763	958
763	977
763	984
798	56
798	226
798	290
798	822
822	56
822	84
822	101
822	136
822	188
822	224
822	225
822	226
822	290
822	511
822	590
822	610
822	836
822	917
822	949
822	958
822	977
822	984
836	56
836	226
836	290
917	56
917	226
917	290
949	56
949	226
949	290
958	56
958	226
958	290
977	56
977	226
977	290
984	56
984	226
984	290
42	170
42	354
42	680
42	681
42	837
42	865
42	867
170	127
170	483
170	535
170	866
354	472
354	684
354	831
354	866
354	882
680	130
680	223
680	244
680	576
680	635
680	684
680	816
680	817
680	865
680	867
681	208
681	419
681	622
681	648
681	693
681	726
681	745
681	817
681	851
681	865
681	882
681	929
837	66
837	193
837	255
837	318
837	432
837	451
837	473
837	483
837	532
837	539
837	635
837	675
837	729
837	740
837	858
837	906
865	104
865	193
865	419
865	489
865	537
865	539
865	622
865	682
865	729
865	734
865	745
865	778
865	821
865	832
865	866
865	879
865	963
867	54
867	160
867	404
867	432
867	458
867	472
867	473
867	497
867	539
867	563
867	684
867	719
867	721
867	726
867	739
867	858
867	861
867	866
867	879
43	179
43	359
45	153
45	607
45	698
45	856
45	878
153	424
153	588
153	847
607	110
607	180
607	222
607	293
607	320
607	399
607	549
607	750
607	826
698	341
698	568
698	588
698	736
698	770
698	826
698	847
826	158
826	268
826	293
826	341
826	343
826	360
826	390
826	424
826	464
826	534
826	557
826	695
826	770
856	222
856	285
856	341
856	371
856	430
856	476
856	503
856	507
856	549
856	581
856	717
856	878
856	894
878	149
878	332
878	343
878	507
878	513
878	533
878	534
878	568
878	695
878	717
878	770
878	862
47	55
47	95
47	525
47	555
47	902
55	95
55	555
95	525
95	555
95	902
525	555
555	902
48	338
48	447
48	586
48	651
48	907
48	967
338	175
338	212
338	509
338	531
447	142
447	175
447	304
447	316
447	342
447	786
447	907
586	199
586	342
586	565
586	591
586	611
586	786
586	955
586	967
651	65
651	94
651	201
651	205
651	303
651	426
651	466
651	592
651	616
651	786
651	787
651	955
651	967
907	181
907	238
907	253
907	303
907	329
907	336
907	342
907	398
907	426
907	456
907	462
907	493
907	565
907	696
907	787
907	937
967	76
967	152
967	176
967	181
967	201
967	229
967	291
967	295
967	395
967	456
967	466
967	627
967	786
967	787
347	66
347	113
347	251
347	357
347	541
347	579
347	745
347	884
778	249
778	269
778	404
778	432
778	632
778	635
778	637
778	675
778	703
778	721
778	734
778	785
778	817
778	851
778	882
778	963
906	113
906	163
906	167
906	279
906	386
906	404
906	427
906	632
906	721
906	734
906	745
906	811
906	831
906	861
906	866
906	879
906	884
906	963
956	118
956	122
956	232
956	241
956	315
956	357
956	386
956	419
956	451
956	489
956	496
956	539
956	622
956	670
956	684
956	721
956	727
956	734
956	739
956	785
956	817
956	831
956	879
956	963
52	158
52	252
52	430
52	476
52	513
52	717
52	750
158	149
158	369
158	430
158	533
158	559
158	588
252	110
252	162
252	182
252	399
252	835
430	534
430	770
430	873
476	344
476	371
476	405
476	581
476	731
476	847
476	854
476	873
513	86
513	149
513	332
513	371
513	390
513	568
513	835
717	121
717	182
717	390
717	515
717	549
717	731
717	736
717	759
717	854
717	862
750	149
750	171
750	180
750	254
750	280
750	320
750	360
750	464
750	544
750	835
750	873
750	894
53	438
53	546
438	169
438	546
438	569
438	585
546	169
546	324
546	523
546	569
546	585
585	71
585	79
585	569
54	69
54	816
54	851
69	678
69	817
69	858
816	208
816	241
816	327
816	432
816	451
816	483
816	497
816	579
816	668
816	670
816	682
816	785
816	811
816	817
816	831
816	832
816	858
816	884
816	929
816	963
851	241
851	318
851	375
851	432
851	496
851	519
851	535
851	613
851	632
851	682
851	693
851	727
851	739
851	745
851	861
851	929
711	220
711	250
711	307
711	396
711	406
711	417
711	599
59	112
59	220
59	560
112	417
220	491
560	250
560	307
560	391
560	417
560	599
60	349
60	477
60	505
60	550
349	214
349	227
349	350
349	550
349	691
349	889
477	133
477	392
477	479
477	542
477	606
477	653
477	658
477	868
505	389
505	410
505	479
505	572
505	617
505	658
550	81
550	106
550	457
550	558
550	596
550	617
550	665
550	691
550	914
233	190
233	412
62	118
62	194
62	292
62	727
62	785
118	241
118	579
118	613
194	113
194	251
194	404
194	473
194	563
292	174
292	637
292	668
292	740
292	929
292	963
727	318
727	346
727	427
727	526
727	537
727	576
727	693
727	745
727	811
727	832
727	884
727	963
785	130
785	160
785	427
785	458
785	489
785	576
785	635
785	678
785	740
785	858
785	861
785	963
65	304
65	437
65	565
65	627
304	212
304	253
304	425
304	506
304	509
304	591
304	660
304	955
437	142
437	176
437	199
437	291
437	348
437	379
437	426
437	611
437	937
565	237
565	303
565	366
565	398
565	429
565	493
565	787
565	955
616	76
616	82
616	329
616	336
616	348
616	429
616	611
616	696
616	787
616	841
627	94
627	131
627	181
627	247
627	253
627	260
627	296
627	336
627	398
627	660
66	684
684	427
684	703
684	861
684	882
684	963
67	376
67	448
67	582
376	115
376	508
376	642
376	650
376	743
376	751
376	767
448	242
448	351
448	381
448	582
448	767
448	783
448	885
582	115
582	230
582	242
582	302
582	463
582	783
582	885
68	436
68	754
436	604
754	90
754	210
754	374
754	522
754	561
754	704
846	78
846	203
846	374
846	604
678	160
678	193
678	318
678	346
678	454
678	703
678	729
678	734
678	740
678	745
678	882
817	213
817	346
817	483
817	613
817	622
817	703
817	821
817	831
817	866
817	884
817	929
858	104
858	174
858	279
858	327
858	432
858	548
858	632
858	703
858	745
858	861
963	213
963	346
963	496
963	535
963	539
963	622
963	682
963	729
963	739
963	811
963	884
71	569
523	569
569	79
569	169
569	272
569	324
73	593
73	630
73	662
73	828
593	89
593	263
593	289
593	370
593	409
593	538
630	89
630	263
630	289
630	370
630	409
630	538
662	89
662	263
662	289
662	370
662	409
662	538
756	89
756	263
756	289
756	409
756	538
828	409
828	538
840	89
840	409
840	538
888	409
888	538
985	409
985	538
986	409
986	538
994	409
994	538
74	655
74	687
74	712
74	714
74	738
74	825
74	892
655	132
655	138
655	145
655	148
655	186
655	308
655	313
655	384
655	413
655	422
655	484
655	623
655	687
655	712
655	714
655	738
655	760
655	801
655	825
655	892
687	132
687	138
687	145
687	186
687	308
687	313
687	422
687	714
687	738
687	760
712	132
712	145
712	148
712	186
712	313
712	413
712	422
712	714
712	760
714	138
714	145
714	148
714	186
714	308
714	313
714	384
714	413
714	422
714	484
714	738
738	145
738	148
738	186
738	308
738	313
738	384
738	422
738	892
760	145
760	186
760	313
760	384
760	413
760	422
801	145
801	148
801	313
801	422
825	145
825	308
825	313
825	413
825	422
892	145
892	186
892	313
892	422
75	403
75	501
75	502
75	530
75	728
75	839
75	853
75	910
75	928
75	938
403	147
403	501
403	839
501	87
501	147
501	310
501	502
501	530
501	728
501	839
501	853
501	910
501	928
501	938
502	147
502	839
530	147
530	839
728	147
728	839
839	87
839	147
839	310
839	853
839	910
839	928
839	938
853	147
910	147
928	147
938	147
76	237
76	379
76	425
76	592
76	696
237	152
237	201
237	366
237	423
237	456
237	605
379	348
379	425
379	786
379	955
425	175
425	456
425	462
425	509
425	531
425	955
591	131
591	166
591	321
591	342
591	398
591	426
591	605
591	611
591	955
592	94
592	199
592	229
592	238
592	786
592	841
696	181
696	238
696	291
696	336
696	398
696	423
696	426
696	466
696	611
696	955
955	175
955	181
955	229
955	238
955	260
955	291
955	295
955	316
955	329
955	395
955	493
955	506
77	339
339	140
339	364
78	306
78	604
306	694
306	704
604	374
604	510
604	514
604	522
604	639
604	694
269	167
269	473
269	532
269	668
269	675
269	721
269	861
427	318
427	613
427	866
701	127
701	241
701	315
701	327
701	404
701	432
701	532
701	648
701	866
701	929
81	849
81	889
849	133
849	270
849	373
849	392
849	408
849	428
849	443
849	528
849	572
849	596
849	782
849	868
849	953
889	133
889	135
889	139
889	168
889	239
889	264
889	278
889	300
889	368
889	378
889	408
889	443
889	617
889	645
889	653
889	691
889	868
82	247
82	260
82	506
82	804
82	841
247	382
247	423
247	429
247	605
247	787
260	509
260	605
260	611
260	841
506	212
506	462
506	466
506	786
506	804
506	841
804	229
804	321
804	426
804	466
804	531
804	611
804	660
804	841
804	937
841	142
841	176
841	212
841	291
841	295
841	316
841	366
841	382
841	398
841	429
841	466
841	937
83	319
83	418
83	487
319	123
319	340
418	123
418	161
487	340
86	343
86	862
86	873
343	323
343	332
343	533
343	695
343	862
343	873
862	180
862	182
862	254
862	266
862	280
862	294
862	320
862	424
862	515
862	597
862	770
862	835
862	854
873	162
873	293
873	332
873	333
873	356
873	371
873	515
873	534
873	544
873	557
90	498
498	240
498	522
498	639
498	694
498	704
91	377
91	512
91	650
91	783
91	885
377	116
377	431
377	767
377	885
512	116
512	230
512	351
512	431
512	659
512	661
512	718
512	885
650	231
650	659
650	661
650	751
650	767
650	885
783	116
783	230
783	231
783	351
783	463
783	508
783	659
885	202
885	230
885	302
885	351
885	353
885	431
885	642
885	767
94	509
94	787
509	303
509	316
509	321
509	395
509	937
787	176
787	212
787	321
787	348
787	366
787	467
787	531
787	732
96	106
96	214
96	373
96	691
96	914
96	953
106	596
106	691
106	735
106	953
214	215
214	350
214	410
214	471
214	614
214	735
214	953
373	428
373	528
373	542
373	691
373	762
373	914
691	128
691	278
691	389
691	479
691	629
691	665
691	686
691	735
691	868
691	914
691	953
914	133
914	168
914	397
914	408
914	471
914	558
914	658
914	749
914	762
914	782
953	135
953	139
953	215
953	227
953	264
953	270
953	284
953	287
953	350
953	397
953	408
953	410
953	439
953	443
953	457
953	471
953	528
953	596
953	600
953	614
953	617
953	658
953	665
953	735
953	749
953	762
953	782
97	245
97	663
245	486
245	807
663	99
663	119
663	150
663	173
663	246
663	455
663	814
98	639
639	195
639	374
639	514
99	221
99	577
99	741
221	416
221	577
221	814
577	111
577	124
577	246
577	730
577	784
577	807
577	814
741	107
741	125
741	150
741	165
741	185
741	218
741	246
741	416
741	494
741	598
741	784
741	814
771	107
771	246
771	265
771	298
771	416
771	470
771	486
771	730
771	784
771	807
771	814
619	196
619	243
103	406
103	490
406	328
490	491
490	521
490	599
104	386
104	576
104	637
104	734
104	884
386	451
386	541
386	635
386	637
576	318
576	682
576	703
576	811
576	831
576	879
637	113
637	122
637	213
637	279
637	375
637	454
637	483
637	726
637	831
637	861
637	884
734	122
734	375
734	497
734	548
734	563
734	668
734	721
734	811
884	113
884	315
884	346
884	473
884	497
884	622
884	719
596	392
596	397
596	408
596	471
596	617
596	629
596	645
596	762
735	215
735	392
735	457
735	542
735	558
735	645
735	762
107	246
107	814
185	265
185	598
246	486
246	494
246	807
814	146
814	150
814	173
814	218
814	298
814	411
814	416
814	470
814	598
110	171
110	534
110	847
110	894
171	144
171	222
171	581
171	759
171	770
534	285
534	557
534	759
534	847
847	121
847	211
847	280
847	299
847	323
847	356
847	533
847	557
847	589
847	736
847	770
847	835
847	894
894	182
894	266
894	293
894	294
894	299
894	369
894	390
894	568
894	588
894	695
894	731
894	736
894	854
111	146
111	298
111	486
111	598
111	784
146	173
146	598
298	218
298	411
298	494
298	598
298	730
298	784
486	119
486	165
486	218
486	455
486	598
486	784
598	119
598	265
598	455
598	494
598	784
598	807
784	125
784	218
784	411
113	442
113	729
442	473
442	632
442	668
729	130
729	223
729	249
729	279
729	404
729	539
729	719
729	831
729	832
729	861
729	929
115	117
115	187
115	463
115	743
117	463
117	661
117	767
187	642
187	659
463	381
463	661
463	718
743	116
743	231
743	242
743	659
743	718
743	767
116	508
116	718
116	751
508	460
508	767
718	302
718	351
718	353
718	431
718	751
718	767
751	259
751	302
751	381
751	642
751	661
751	767
661	157
661	242
661	302
661	353
661	659
767	157
767	231
767	642
767	659
241	357
241	526
241	648
241	929
579	223
579	419
579	532
579	548
579	635
579	821
579	879
579	929
613	483
613	537
613	548
613	675
613	719
613	821
613	879
613	929
119	150
119	165
119	730
165	124
165	455
165	730
730	124
730	416
730	807
121	180
121	424
121	549
121	588
180	405
180	759
424	360
424	770
549	137
549	405
549	568
549	731
549	835
588	144
588	254
588	344
588	507
588	544
588	557
588	731
736	162
736	211
736	254
736	293
736	323
736	332
736	344
736	356
736	371
736	464
736	597
122	483
122	548
122	719
483	163
483	244
483	635
483	831
548	167
548	404
548	432
548	831
548	879
719	232
719	375
719	454
719	472
719	537
325	197
325	317
124	173
124	807
173	125
173	455
173	494
807	125
807	218
807	411
807	416
807	470
125	494
494	265
494	411
494	416
126	317
126	322
161	197
317	340
322	340
127	739
127	821
739	213
739	249
739	375
739	473
739	526
739	532
739	668
739	821
739	861
821	160
821	249
821	251
821	357
821	419
821	496
821	670
821	693
821	740
128	558
128	606
128	653
558	439
558	443
558	572
558	614
558	782
606	215
606	227
653	133
653	135
653	139
653	378
653	572
653	645
129	261
129	393
129	517
129	909
261	393
261	517
261	909
261	966
393	517
393	909
393	966
517	909
517	966
909	966
130	315
130	622
130	632
315	193
315	244
315	357
315	882
622	223
622	454
622	496
622	526
622	535
622	541
622	648
622	670
632	163
632	193
632	539
632	670
632	726
632	831
632	882
131	238
131	291
238	176
291	605
456	152
456	303
456	605
456	937
611	212
611	660
611	732
611	937
732	175
732	199
732	253
732	329
732	366
732	426
732	467
732	531
732	605
732	660
732	937
132	384
132	623
384	148
384	422
384	484
384	623
623	138
623	145
623	308
623	313
623	413
623	422
623	484
133	300
133	572
300	139
300	215
300	542
300	749
300	782
572	278
572	350
572	389
572	392
572	410
572	665
572	686
572	782
782	139
782	215
782	270
782	284
782	397
782	629
782	645
135	392
135	686
135	749
392	479
392	629
392	658
686	168
686	227
686	239
686	284
686	457
686	542
686	600
686	665
686	868
749	227
749	368
749	389
749	617
749	665
868	139
868	168
868	284
868	350
868	389
868	408
868	443
868	542
610	226
610	290
137	162
137	371
162	266
162	405
162	731
162	854
371	149
371	341
371	507
371	568
138	145
139	215
215	479
140	183
140	461
183	364
461	305
461	364
391	491
391	599
142	175
142	429
429	152
429	348
144	211
144	360
144	503
144	854
211	544
211	854
360	280
360	320
360	854
503	344
503	559
503	581
503	835
854	266
854	293
854	294
854	299
854	320
854	323
854	390
854	464
854	507
854	515
854	559
854	835
147	310
149	254
149	568
254	507
254	544
254	731
254	835
568	533
568	559
151	602
602	421
602	575
152	166
152	660
166	296
166	348
166	493
166	660
467	212
467	316
467	382
467	426
467	493
467	605
467	786
467	937
660	303
660	395
154	177
154	204
154	228
154	615
154	667
154	720
177	204
177	228
177	603
177	667
204	228
204	615
204	667
228	603
228	615
667	567
155	612
155	641
155	974
612	641
612	742
612	974
641	742
641	974
742	974
157	259
157	353
157	659
259	642
659	302
659	642
369	344
369	464
369	507
369	835
533	544
533	770
559	182
559	544
559	557
559	759
559	770
770	222
770	320
770	515
159	855
855	172
855	219
855	273
855	283
855	286
855	415
855	540
855	545
855	570
855	795
160	831
831	249
831	419
831	535
831	635
831	882
197	340
266	507
266	597
266	731
405	333
405	515
405	581
731	285
731	835
163	318
163	721
163	745
318	208
318	327
721	244
721	635
721	668
745	174
745	193
745	327
745	458
745	472
745	519
745	532
745	648
745	929
296	199
296	303
296	316
296	937
348	366
493	176
493	229
493	295
493	321
493	336
493	342
167	454
255	357
255	675
255	693
255	879
454	174
454	519
454	535
454	811
168	278
168	378
168	658
239	264
239	629
278	410
278	614
278	665
378	389
378	479
658	428
658	443
658	457
658	762
169	272
535	244
535	458
535	519
535	668
535	693
535	703
866	208
866	223
866	670
866	726
866	740
222	320
222	581
581	544
759	333
759	356
759	390
759	589
759	695
759	835
174	473
174	675
174	693
174	740
174	882
473	279
473	811
489	404
489	668
489	832
489	882
675	519
675	541
675	832
675	882
693	496
693	635
693	703
693	740
693	832
693	861
693	879
693	929
740	327
740	357
740	541
740	670
740	726
740	929
882	327
882	357
882	682
882	703
882	811
882	861
176	342
937	205
937	253
178	262
181	786
786	201
786	253
786	395
786	423
544	344
364	200
364	305
184	936
385	936
495	936
567	936
186	484
484	313
484	413
484	422
642	381
189	543
193	519
519	232
519	432
519	472
251	635
404	432
404	861
563	232
563	832
563	879
195	510
195	704
210	522
510	514
510	522
510	561
196	480
196	552
480	482
480	488
552	243
664	234
664	421
664	640
201	295
295	531
295	605
203	263
203	694
263	538
694	522
205	321
205	329
329	212
329	398
206	267
206	773
257	267
257	773
267	309
267	773
309	773
208	451
451	232
451	244
212	395
395	229
213	472
213	648
472	537
472	726
472	861
648	279
648	458
648	526
648	682
350	479
350	762
410	443
410	665
471	428
471	457
471	617
614	287
614	389
614	762
479	439
479	542
479	617
479	762
521	383
521	599
411	470
470	218
219	777
777	283
777	286
777	372
777	387
777	402
777	415
777	540
777	545
777	570
777	795
491	250
320	341
835	390
835	507
835	515
835	589
835	597
223	541
541	346
541	458
541	532
541	537
541	879
590	226
590	290
227	629
227	645
629	287
629	542
629	762
645	528
645	542
645	600
645	617
229	462
462	466
230	460
460	336
231	431
431	351
232	496
232	537
232	668
232	929
496	279
496	419
537	703
537	726
668	532
668	635
668	929
929	458
929	682
929	811
234	640
640	271
640	421
235	396
366	253
366	336
423	382
423	605
605	336
605	466
264	428
264	600
264	762
357	726
357	861
526	539
526	861
243	449
243	475
449	482
449	488
475	488
382	336
249	458
249	532
249	811
458	419
458	811
458	861
532	682
811	279
811	539
811	726
635	346
635	726
635	832
635	861
635	879
399	341
399	515
399	557
879	346
879	670
879	703
879	861
538	289
538	370
538	409
428	443
428	600
600	287
762	397
762	439
762	528
762	665
597	268
597	285
597	332
597	344
597	515
597	695
695	299
695	344
268	332
268	515
332	390
515	299
515	589
861	497
861	670
861	703
270	389
270	408
408	284
408	457
408	665
795	283
795	286
795	372
795	387
795	402
795	415
795	420
795	453
795	504
795	545
795	570
795	626
665	287
293	589
284	368
368	397
368	617
285	557
557	589
287	439
289	370
289	409
370	409
290	511
294	341
299	344
299	356
356	333
302	351
308	413
308	422
413	313
413	422
422	313
327	832
832	726
726	419
726	682
497	539
670	432
372	626
626	402
626	420
626	453
626	540
626	545
626	570
387	504
504	540
504	570
575	421
575	465
432	419
420	545
545	540
545	570
421	524
703	539
453	570
570	540
#End Newborn Edges

*Degree Changed Nodes
274	12	3
673	21	20
765	21	20
776	21	20
792	21	20
844	21	20
860	21	20
925	22	20
974	21	4
3	8	9
95	8	5
145	8	11
234	8	12
975	44	45
6	6	8
48	6	10
72	6	8
312	6	8
314	6	8
553	6	8
652	6	8
7	9	10
692	22	18
713	23	10
793	25	10
815	25	10
852	25	31
867	25	32
877	25	10
890	25	10
965	25	10
499	15	16
656	15	18
691	16	22
752	15	18
822	28	22
871	33	32
883	33	32
964	36	32
969	36	32
976	36	32
158	10	11
998	50	24
675	20	21
684	20	22
705	20	22
788	20	26
821	20	28
839	20	13
14	6	3
64	6	8
226	6	12
330	6	13
422	6	15
517	6	5
546	6	17
768	25	22
801	27	21
892	34	21
905	35	22
913	36	22
916	36	22
923	37	22
355	12	13
361	12	14
459	12	15
583	12	16
702	12	18
881	12	16
900	12	16
924	12	16
995	12	16
53	10	9
758	24	25
761	24	25
972	24	27
996	24	27
687	22	21
714	23	21
738	24	21
760	25	21
261	12	5
790	26	8
415	14	13
26	7	10
144	7	11
184	7	4
196	7	11
385	7	4
495	7	4
567	7	5
612	7	4
797	26	24
799	26	24
848	26	24
886	26	24
939	26	24
948	26	24
959	26	24
442	12	15
548	12	17
726	12	23
729	12	23
745	12	24
816	12	28
818	13	28
927	12	39
968	12	44
981	12	47
978	26	31
987	26	48
988	26	31
989	26	31
991	26	31
992	26	16
993	26	27
997	26	31
999	26	31
1000	26	31
823	28	16
830	29	16
840	30	16
888	32	16
960	32	16
983	32	16
985	32	16
986	32	16
990	32	16
994	32	16
37	10	7
105	10	7
276	12	7
288	13	7
450	14	7
555	14	5
564	14	18
566	14	7
689	14	7
708	14	7
809	14	7
39	10	7
143	11	7
690	21	22
764	21	24
798	21	22
836	21	22
901	21	16
917	21	22
949	21	22
958	21	22
977	21	22
984	21	22
828	29	16
780	26	16
842	30	16
47	10	5
492	16	15
778	23	26
812	23	28
831	23	29
861	23	32
909	23	5
945	23	41
971	23	22
54	9	10
55	4	5
207	4	7
339	4	13
525	4	5
902	4	5
666	13	21
932	13	8
393	14	5
672	21	3
71	9	10
756	24	16
74	10	9
258	12	8
825	29	21
78	9	10
646	19	16
647	19	18
808	19	18
903	19	18
922	19	18
941	19	18
947	19	18
982	19	18
85	10	9
806	27	22
88	10	7
277	12	7
763	25	22
725	23	18
100	10	9
103	9	10
164	11	8
129	3	5
545	3	17
936	3	4
966	3	5
712	23	21
153	11	10
154	11	10
603	19	10
744	24	10
155	3	4
290	3	13
560	3	18
742	3	4
962	25	31
176	10	11
177	11	10
615	19	10
720	23	10
191	4	3
349	4	13
368	4	14
538	4	14
953	4	42
204	11	10
573	18	10
206	2	4
257	2	4
309	2	4
209	10	11
219	3	12
273	3	12
540	3	17
795	3	26
228	12	10
667	21	11
281	12	7
401	14	8
284	12	13
267	12	4
275	12	10
950	24	31
952	24	31
286	11	13
297	13	10
641	20	4
370	14	13
855	23	29
488	15	16
400	14	7
408	11	14
445	11	15
409	14	13
501	14	13
511	14	13
777	20	26
441	15	10
444	15	10
485	16	10
773	18	4
543	17	11
697	21	16
723	21	16
733	21	16
593	19	16
630	20	16
662	20	16
609	17	19
626	17	20
624	19	20
