962 983 978 609 950 952 855 842 828 777 780 795 830 756 733 723 697 662 991 987 365 372 387 402 289 73 102 989 988 504 420 421 426 453 990 992 172 46 996 1000 997 999 993 994 995 986 593 263 35 630 300 960 624 626 283 36 
32 646 445 981 979 941 968 726 947 982 197 487 927 745 566 922 408 818 816 325 442 322 808 
945 514 694 812 861 883 24 833 367 580 147 971 306 361 113 964 658 210 435 700 822 510 682 539 639 436 778 240 764 622 163 871 204 374 288 831 551 122 54 50 976 754 92 570 285 292 68 
49 198 310 271 583 59 959 932 401 286 881 664 704 702 492 209 403 459 728 151 666 886 57 530 848 602 853 16 243 746 56 394 773 928 465 298 355 900 502 524 128 948 28 939 575 262 797 799 938 452 87 
629 477 558 227 698 572 600 350 352 29 973 951 944 914 889 895 874 887 849 843 775 782 766 749 735 686 699 653 596 617 606 554 505 392 389 284 287 215 239 270 133 18 106 868 665 645 471 214 139 933 614 587 545 550 542 528 428 439 457 373 264 278 135 168 203 33 81 479 410 378 
762 738 687 384 413 148 15 77 806 548 138 85 143 132 923 913 892 825 801 760 768 712 671 623 601 484 311 140 186 192 200 966 916 364 714 461 183 21 74 308 
485 820 823 744 615 109 7 358 297 228 890 877 867 852 815 793 752 713 720 154 692 689 965 603 573 441 
447 224 272 333 70 108 758 761 734 685 585 547 555 523 434 337 324 169 19 53 71 972 438 145 47 114 55 79 
330 553 517 422 312 226 72 14 43 314 546 6 48 64 60 
219 309 112 586 134 206 66 273 540 
274 194 518 512 470 393 236 125 191 242 259 117 
179 980 233 656 359 282 363 275 412 190 305 380 499 888 
276 277 96 105 257 39 560 498 708 450 95 290 120 809 88 184 564 155 
94 769 967 955 76 794 189 31 423 592 329 229 696 82 907 205 660 304 201 166 565 291 338 786 732 961 467 953 724 425 772 175 199 142 295 345 605 611 462 379 594 181 237 303 709 715 253 748 65 429 456 937 478 813 260 651 336 616 152 247 131 342 787 591 248 395 804 348 631 398 34 17 382 466 676 296 366 627 870 212 238 946 437 669 495 493 176 531 506 608 774 930 562 321 805 316 841 500 578 481 509 
905 647 319 612 385 261 123 381 26 161 418 144 83 340 567 196 569 126 
707 898 141 5 535 235 532 765 417 824 538 618 347 776 792 267 636 788 844 328 918 821 159 872 315 655 391 475 975 10 827 301 860 104 38 443 250 313 902 100 58 281 674 552 599 529 449 383 521 51 839 156 482 584 520 911 241 396 621 711 216 705 220 931 633 307 675 641 619 673 480 925 940 103 924 27 232 800 63 684 61 516 490 388 919 488 491 
376 1 767 791 527 921 124 23 99 377 157 258 256 460 628 730 643 165 571 486 107 577 351 331 679 231 650 747 494 116 644 202 688 335 146 741 75 838 725 97 796 802 433 508 150 638 642 119 208 885 803 659 598 111 661 620 187 91 265 783 353 416 755 4 582 455 245 164 845 743 230 40 595 763 807 751 942 185 218 875 67 771 448 652 957 663 727 431 869 411 463 217 246 718 221 115 784 173 302 814 943 
984 958 440 690 798 969 136 78 604 977 810 846 317 522 917 511 195 949 742 188 3 691 901 501 590 98 11 397 101 561 2 610 409 225 90 
280 474 343 894 266 857 859 998 252 464 360 171 926 405 334 515 759 513 706 503 110 568 293 873 826 716 25 162 178 829 695 588 736 211 356 915 323 710 549 878 45 607 654 557 158 153 371 589 854 597 149 52 737 729 757 934 544 731 320 222 649 779 399 850 424 908 86 507 717 935 254 476 677 534 750 430 781 415 909 625 341 847 121 12 344 559 20 299 856 294 753 770 835 268 180 349 137 581 533 819 182 369 904 332 556 657 891 862 390 
956 472 879 880 817 127 251 375 837 326 876 419 635 167 648 414 899 536 613 637 721 832 473 693 896 451 672 789 906 519 469 882 851 174 69 8 454 427 543 668 920 458 279 683 864 903 897 130 489 42 318 370 118 703 865 740 327 362 678 407 574 722 170 866 213 9 223 912 563 863 929 701 497 386 719 193 632 680 22 739 354 244 483 893 963 255 858 970 62 576 681 537 526 468 670 579 406 30 269 357 446 346 160 811 496 37 541 249 404 954 80 884 785 834 432 
129 936 207 339 400 525 910 
41 840 84 93 234 640 
13 790 368 634 
44 985 89 836 
177 974 444 667 
