372 49 997 662 172 286 444 320 540 888 994 273 777 453 593 952 988 403 630 53 35 402 415 989 991 999 159 219 1000 756 848 985 495 962 73 345 840 387 283 545 567 950 626 550 570 828 184 855 420 409 
646 830 198 310 839 271 583 959 998 29 664 881 992 147 361 492 640 209 459 728 151 886 178 57 234 530 602 853 764 421 16 746 394 26 924 465 928 355 502 900 501 524 28 939 575 262 75 797 995 799 938 87 822 860 960 965 123 200 573 978 
686 139 358 215 133 284 471 569 546 699 258 887 278 18 849 410 96 914 408 749 666 71 572 300 525 337 986 441 868 523 953 987 606 428 975 758 33 301 485 19 264 762 972 843 443 944 397 128 973 609 108 874 135 378 629 169 558 81 564 996 933 70 775 373 168 713 761 993 324 239 24 368 528 392 585 617 705 505 951 305 389 889 17 645 763 287 214 665 596 735 691 600 493 587 685 877 270 129 272 542 438 766 227 439 7 79 434 782 114 895 352 457 60 653 275 221 350 614 815 106 
738 687 413 148 77 806 138 85 132 923 913 825 801 760 768 712 623 484 311 140 186 192 916 364 714 183 21 74 308 905 971 655 422 330 339 313 145 968 942 267 
667 793 932 177 720 388 615 228 682 204 744 
6 72 277 553 948 312 652 807 
380 233 656 359 282 363 120 412 190 8 43 692 725 61 841 247 
521 383 297 898 707 141 5 59 156 235 482 765 449 520 824 911 488 601 396 621 711 216 776 220 455 792 931 636 307 844 328 918 673 504 872 391 491 925 940 827 196 103 243 406 38 784 112 250 27 560 800 63 100 516 674 552 490 919 2 891 599 529 
527 124 628 730 165 571 486 107 577 331 679 747 494 688 146 741 838 97 802 433 150 119 598 111 265 416 4 245 40 595 185 218 771 663 869 411 217 246 173 814 671 470 236 125 631 298 892 480 
984 958 690 798 136 977 511 949 188 590 101 610 225 224 41 84 290 226 56 780 936 702 543 417 
280 474 343 894 266 857 859 252 464 360 171 926 405 334 515 759 513 706 503 110 568 293 873 826 716 25 162 829 695 588 736 211 356 915 323 710 549 878 45 607 654 557 158 153 371 589 854 597 149 52 737 757 934 544 731 222 649 399 850 424 908 86 507 717 935 254 476 677 534 750 430 781 625 341 847 121 12 344 559 20 299 856 294 753 770 835 268 180 137 581 533 819 182 369 904 332 556 657 862 390 979 698 554 365 285 333 144 10 349 257 46 
440 498 514 694 68 969 833 78 704 604 810 846 306 522 964 90 195 700 510 639 436 240 871 374 11 561 976 754 633 203 974 620 475 499 47 
288 105 37 708 450 400 370 375 
956 445 945 624 879 817 532 127 251 113 419 635 167 788 414 899 637 442 613 315 832 473 896 451 906 882 851 69 454 427 927 920 279 831 864 551 489 42 318 816 118 13 981 678 208 722 866 213 66 563 584 863 779 929 701 241 680 483 893 963 675 539 576 681 867 163 468 670 579 269 357 446 496 745 541 852 54 50 834 432 32 472 535 880 367 837 326 618 876 347 194 435 648 536 821 721 693 519 789 469 174 668 458 683 897 130 292 703 865 362 327 740 729 407 574 170 812 9 223 861 912 734 580 497 386 719 193 632 739 22 354 244 255 858 970 62 778 537 526 622 726 30 727 346 160 811 232 684 122 818 249 404 954 80 884 785 548 795 658 385 
64 92 109 164 401 634 910 
14 672 191 274 210 
94 1 376 955 767 791 76 921 157 592 256 82 907 205 643 259 166 291 786 732 231 467 381 772 175 605 462 426 594 181 237 202 303 335 715 748 58 65 429 478 796 508 651 885 242 659 152 661 342 395 353 755 582 398 845 230 466 509 676 263 751 176 875 67 531 930 562 321 805 463 316 718 578 302 769 967 794 23 31 377 423 329 229 460 660 304 201 338 447 351 961 724 425 890 142 199 295 116 611 379 644 512 709 586 253 456 937 642 638 813 260 48 336 803 616 131 187 91 787 591 93 783 248 804 348 34 743 382 296 366 870 627 212 238 946 437 669 117 506 448 608 518 774 431 980 820 15 500 115 481 696 943 
102 51 983 823 990 647 941 55 189 322 319 697 947 982 197 901 44 161 487 733 126 98 317 752 547 36 418 922 903 83 88 340 723 808 325 842 
276 917 966 517 39 566 207 809 281 154 393 261 689 
143 883 179 206 289 309 314 477 479 619 773 
538 742 89 104 155 603 612 641 650 
909 790 3 99 134 384 452 461 
95 957 555 565 836 902 
