962 983 978 609 950 952 855 842 828 777 780 830 756 733 723 697 662 991 987 372 387 402 289 73 102 989 988 504 420 453 990 992 172 46 1000 997 999 993 994 986 593 263 35 630 300 960 624 626 283 36 888 985 840 823 773 543 370 400 44 89 
32 445 981 968 726 927 745 408 818 816 442 548 729 
945 812 861 367 580 971 113 435 682 539 778 622 163 831 551 122 54 50 285 292 727 909 267 208 
49 198 310 271 583 959 932 401 29 286 881 664 702 361 492 640 209 403 459 728 151 666 910 886 57 530 848 602 853 16 243 746 56 394 393 924 465 928 355 298 502 900 524 128 948 28 939 575 262 797 995 799 938 87 
629 477 558 227 572 600 350 352 973 951 944 914 889 895 874 887 849 843 775 782 766 749 735 686 699 653 596 617 606 505 392 389 284 287 215 239 270 133 18 106 868 665 645 471 214 139 933 614 587 550 542 528 428 439 457 373 264 278 135 168 203 33 81 479 410 378 658 397 358 96 60 
762 738 687 384 413 148 15 77 806 138 85 132 923 913 892 825 801 760 768 712 623 601 484 311 140 186 192 200 916 364 714 461 183 21 74 308 905 305 
297 441 667 713 573 793 569 867 890 603 177 444 877 485 965 615 692 204 744 7 852 154 720 275 228 815 
272 333 70 108 758 761 734 685 585 547 523 434 337 324 169 19 53 71 972 438 47 114 79 996 301 
330 553 517 422 312 226 72 14 314 546 6 48 64 652 
219 273 540 795 
752 179 380 233 656 499 359 282 363 691 120 134 412 190 8 43 
560 290 155 742 
94 769 967 955 76 794 189 31 423 592 329 229 696 82 907 205 660 304 201 166 565 291 338 786 732 961 467 724 425 772 175 199 142 295 345 605 611 462 379 594 181 237 303 709 715 253 748 65 429 456 937 478 813 260 651 336 616 152 247 131 342 787 591 248 395 804 348 631 398 34 17 382 466 676 296 366 627 870 212 238 946 437 669 493 176 531 506 608 774 930 562 321 805 316 841 500 578 481 509 586 426 447 421 
612 385 26 144 567 196 184 495 
707 898 141 5 535 235 532 765 417 824 618 347 776 792 636 788 844 328 918 821 159 872 315 655 391 475 975 10 827 860 104 38 443 250 313 100 58 281 674 552 599 529 449 383 521 51 839 156 482 584 520 911 241 396 621 711 216 705 220 931 633 307 675 641 619 673 480 925 940 103 27 232 800 63 684 61 516 490 388 919 488 491 974 406 112 2 13 59 
376 1 767 791 527 921 124 23 99 377 157 258 256 460 628 730 643 165 571 486 107 577 351 331 679 231 650 747 494 116 644 202 688 335 146 741 75 838 725 97 796 802 433 508 150 638 642 119 885 803 659 598 111 661 620 187 91 265 783 353 416 755 4 582 455 245 164 845 743 230 40 595 763 807 751 942 185 218 875 67 771 448 957 663 431 869 411 463 217 246 718 221 115 784 173 302 814 943 980 820 671 518 512 470 381 274 236 242 259 117 125 
984 958 690 798 136 977 917 511 949 188 901 501 590 101 610 409 225 764 836 224 41 84 
280 474 343 894 266 857 859 998 252 464 360 171 926 405 334 515 759 513 706 503 110 568 293 873 826 716 25 162 178 829 695 588 736 211 356 915 323 710 549 878 45 607 654 557 158 153 371 589 854 597 149 52 737 757 934 544 731 320 222 649 779 399 850 424 908 86 507 717 935 254 476 677 534 750 430 781 415 625 341 847 121 12 344 559 20 299 856 294 753 770 835 268 180 137 581 533 819 182 369 904 332 556 657 891 862 390 979 698 554 365 
956 472 879 880 817 127 251 375 837 326 876 419 635 167 648 414 899 536 613 637 721 832 473 693 896 451 672 789 906 519 469 882 851 174 69 454 427 668 920 458 279 683 864 897 130 489 42 318 118 703 865 740 327 362 678 407 574 722 170 866 213 9 223 912 563 863 929 701 497 386 719 193 632 680 22 739 354 244 483 893 963 255 858 970 62 576 681 537 526 468 670 579 30 269 357 446 346 160 811 496 541 249 404 954 80 884 785 834 432 194 66 
440 498 514 694 68 883 24 969 790 833 78 704 604 147 810 846 306 522 964 90 210 195 700 261 822 510 639 436 240 871 374 98 11 561 570 976 754 
646 647 941 322 319 947 982 161 197 487 126 317 418 922 903 83 340 808 325 123 
276 277 288 105 143 37 39 708 566 450 809 88 564 555 689 
3 634 92 93 95 109 145 234 452 
55 902 207 339 525 
191 953 349 368 538 
129 966 545 936 
206 309 257 
