962 983 978 609 950 952 855 842 828 777 780 795 830 756 733 723 697 662 985 991 987 365 372 387 402 289 353 73 102 989 988 504 420 421 426 453 990 992 172 46 996 1000 997 998 999 993 994 995 986 593 263 35 
824 726 818 450 195 66 745 566 561 501 442 409 690 487 522 363 424 374 290 32 317 325 590 408 980 984 981 982 977 979 969 967 960 947 941 927 917 816 742 445 136 188 196 11 104 901 425 
812 754 808 510 514 204 694 622 519 288 240 764 652 242 24 50 639 580 305 306 80 551 976 974 965 971 964 958 945 937 883 871 831 833 822 774 682 658 539 436 113 147 54 92 122 
728 492 573 461 271 59 773 746 151 209 56 524 583 198 702 695 403 128 799 667 298 28 666 459 262 968 959 948 939 932 928 924 922 900 881 886 848 853 797 16 57 93 714 704 602 530 401 286 68 87 
629 477 558 227 698 572 600 350 352 29 973 951 944 914 889 895 874 887 849 843 775 782 790 766 741 749 735 686 699 653 596 617 606 525 554 505 392 389 284 310 287 215 239 270 133 18 106 868 665 646 645 471 214 139 
719 576 489 458 318 62 701 681 672 327 127 635 454 536 496 680 497 468 970 963 954 929 920 912 899 880 882 876 863 832 817 670 678 634 648 632 574 526 249 269 167 22 37 956 579 432 357 
208 376 885 527 921 111 861 661 157 258 628 755 4 582 643 910 577 807 763 679 747 116 809 243 942 875 796 771 663 727 6 688 411 869 838 508 388 221 802 173 638 814 943 
821 765 711 707 641 618 552 538 449 328 788 705 718 599 475 674 383 314 241 940 931 925 919 911 898 872 860 839 844 827 800 776 792 684 633 532 520 380 156 51 535 141 
762 738 687 384 413 148 15 77 806 548 246 138 85 143 132 923 913 892 825 801 760 768 712 671 623 601 605 484 311 140 186 192 200 79 88 966 916 364 
737 549 689 677 341 52 42 654 513 344 178 706 534 266 164 12 909 904 891 894 878 850 857 840 779 750 717 649 657 631 581 405 332 158 873 836 556 588 399 343 
485 435 820 823 744 624 615 546 109 7 358 297 228 890 877 867 852 815 798 793 752 713 720 626 367 225 154 692 
3 803 440 767 669 751 691 620 789 197 129 448 78 783 604 957 443 810 846 804 397 101 245 95 845 949 40 2 725 610 642 595 
218 119 115 700 598 494 231 784 743 730 650 659 637 644 455 460 416 463 377 302 335 230 217 107 124 67 791 433 431 256 91 
447 224 272 333 70 108 758 761 734 685 585 547 555 523 434 337 324 280 163 169 19 53 71 972 438 145 
614 587 560 528 542 550 545 476 428 439 457 373 400 285 259 264 278 135 210 203 933 33 
330 565 569 553 502 517 422 410 308 312 226 233 168 36 72 441 14 43 
219 309 778 544 417 394 567 112 938 96 273 586 511 348 90 207 918 339 452 
274 194 114 488 518 512 470 393 213 236 125 187 191 74 98 570 
277 177 479 491 437 355 283 498 444 379 292 64 603 260 
179 23 55 190 206 412 359 322 275 282 121 656 
740 1 193 331 146 134 99 165 183 84 486 265 202 
117 120 257 276 155 185 5 39 49 97 105 21 48 708 
361 640 69 89 110 184 81 20 44 41 150 126 
94 769 955 76 794 189 31 423 592 329 82 907 660 304 201 291 786 732 961 467 953 724 975 772 142 295 345 611 462 594 237 303 709 715 748 65 456 429 478 813 651 616 152 247 342 787 395 398 466 509 676 296 366 627 870 212 238 946 495 493 176 531 506 930 562 321 805 316 841 578 481 696 
474 859 252 464 664 360 171 540 926 888 334 515 759 630 503 568 293 826 716 571 25 162 936 829 736 211 356 915 323 710 45 607 557 902 153 589 564 597 854 149 729 757 934 731 320 222 908 86 507 935 254 430 415 781 625 847 559 299 294 856 753 770 268 835 349 137 180 533 819 369 182 60 862 390 
362 472 407 879 722 866 223 251 375 563 368 837 326 386 419 739 354 244 483 893 414 255 858 613 721 473 537 693 896 451 906 469 406 174 851 30 465 668 8 446 427 346 543 160 683 279 811 785 864 541 75 47 703 903 897 130 404 884 370 834 118 865 13 
336 905 647 170 319 9 131 229 591 248 612 205 34 385 166 17 338 382 300 261 123 381 175 199 26 161 38 608 181 253 575 418 378 144 371 83 500 340 
521 482 235 584 396 621 216 347 220 267 636 307 675 619 351 673 159 315 234 655 391 480 499 10 103 301 250 27 232 313 63 100 58 281 516 61 490 529 
