102 372 983 189 662 172 540 888 994 538 273 777 453 593 952 630 402 289 989 89 999 504 986 159 219 985 840 387 283 545 950 543 570 978 855 420 723 370 842 49 51 997 823 990 286 988 46 35 415 991 263 1000 756 795 962 73 697 901 733 44 626 36 960 780 828 409 
646 830 198 310 839 271 583 959 998 29 664 881 992 147 361 492 640 209 403 459 728 151 910 886 178 57 234 530 848 602 853 764 421 16 746 394 26 924 465 928 355 502 900 501 524 948 28 939 575 262 75 797 995 799 938 87 
629 477 558 227 572 600 350 352 973 951 944 914 889 895 874 887 849 843 775 782 766 749 735 686 699 653 596 617 606 505 392 389 284 287 215 239 270 133 18 106 868 665 645 471 214 139 933 614 587 550 542 528 428 439 457 373 264 278 135 168 33 81 479 410 378 658 397 358 96 60 987 975 953 762 705 691 443 408 368 349 300 128 
738 687 384 413 148 15 77 806 138 85 132 923 913 892 825 801 760 768 712 623 601 484 311 140 186 192 200 916 364 714 461 183 21 74 308 905 305 971 666 655 422 330 339 313 145 
297 667 441 936 713 573 793 890 495 603 177 444 877 485 615 965 567 204 7 744 385 154 720 275 184 228 815 
272 70 108 758 761 685 585 547 523 434 337 324 169 19 53 71 972 438 114 79 996 301 993 609 564 569 546 24 
314 6 553 312 932 72 258 652 93 
752 179 380 233 656 499 359 282 363 120 134 412 190 8 43 692 702 725 61 
94 769 967 955 76 794 31 423 592 329 229 696 82 907 205 660 304 201 166 565 291 338 786 732 961 467 724 425 772 175 199 142 295 345 605 611 462 379 594 181 237 303 709 715 253 748 65 429 456 937 478 813 260 651 336 616 152 247 131 342 787 591 248 395 804 348 398 34 17 382 466 676 296 366 627 870 212 238 946 437 669 493 176 531 506 608 774 930 562 321 805 316 841 500 578 481 509 586 426 447 48 
707 898 141 5 235 765 417 824 776 792 636 844 328 918 872 391 475 827 860 38 250 100 58 674 552 599 529 449 383 521 156 482 520 911 396 621 711 216 220 931 307 619 673 480 925 940 103 27 800 63 516 490 388 919 488 491 406 112 2 59 891 560 243 196 
376 1 767 791 527 921 124 23 99 377 157 256 460 628 730 643 165 571 486 107 577 351 331 679 231 650 747 494 116 644 202 688 335 146 741 838 97 796 802 433 508 150 638 642 119 885 803 659 598 111 661 620 187 91 265 783 353 416 755 4 582 455 245 845 743 230 40 595 807 751 942 185 218 875 67 771 448 957 663 431 869 411 463 217 246 718 221 115 784 173 302 814 943 980 820 671 518 512 470 381 236 242 259 117 125 631 298 
984 958 690 798 136 977 917 511 949 188 590 101 610 225 836 224 41 84 763 822 290 226 56 
280 474 343 894 266 857 859 252 464 360 171 926 405 334 515 759 513 706 503 110 568 293 873 826 716 25 162 829 695 588 736 211 356 915 323 710 549 878 45 607 654 557 158 153 371 589 854 597 149 52 737 757 934 544 731 320 222 649 399 850 424 908 86 507 717 935 254 476 677 534 750 430 781 625 341 847 121 12 344 559 20 299 856 294 753 770 835 268 180 137 581 533 819 182 369 904 332 556 657 862 390 979 698 554 365 285 333 144 10 
440 498 514 694 68 883 969 833 78 704 604 810 846 306 522 964 90 210 195 700 510 639 436 240 871 374 98 11 561 976 754 633 203 
647 941 322 319 947 982 161 197 487 126 317 418 922 903 83 340 808 325 123 
276 277 288 105 143 37 39 708 566 450 809 88 689 400 207 281 
956 445 945 624 879 817 532 127 251 113 419 635 167 788 414 899 682 637 442 613 315 832 473 896 451 906 882 851 69 454 427 927 920 279 831 864 551 489 42 318 816 118 13 981 678 208 722 866 213 66 563 584 863 779 929 701 241 680 483 893 963 675 539 576 681 867 968 163 468 670 579 269 357 446 496 745 541 852 54 50 834 432 32 472 535 880 375 367 837 326 618 876 347 194 435 648 536 821 721 693 519 789 104 469 174 668 458 683 897 130 292 703 865 362 327 740 729 407 574 170 812 9 223 861 912 734 580 497 386 719 193 632 739 22 354 244 255 858 970 62 778 537 526 622 726 30 727 346 160 811 232 684 122 818 249 404 954 80 884 785 548 
3 790 64 92 109 164 401 452 634 
47 902 55 95 525 555 
129 966 261 393 517 909 
155 974 612 641 742 
206 773 257 267 309 
14 672 191 274 
