49 997 765 286 444 662 449 714 994 806 777 453 988 402 844 989 1000 756 848 985 495 962 73 243 840 387 900 100 828 855 420 552 784 87 409 120 858 175 198 72 98 89 
271 959 998 664 640 151 886 57 234 602 764 421 746 394 465 524 939 575 799 822 773 952 741 708 663 618 450 370 400 155 209 63 
956 686 945 358 284 471 699 127 258 887 278 849 96 273 419 408 749 666 71 986 441 868 523 953 987 832 428 975 264 843 69 454 927 944 920 397 128 609 874 135 902 629 558 564 996 489 933 318 981 168 713 678 324 528 392 585 617 14 305 389 889 675 867 691 587 942 468 129 542 438 957 79 114 352 221 350 614 139 215 133 569 546 367 18 410 914 192 648 572 300 84 536 606 758 33 301 485 19 972 683 973 108 274 378 169 81 292 775 373 761 993 239 812 24 705 505 951 739 22 210 354 17 645 62 763 287 970 214 665 596 735 600 493 526 877 270 272 766 227 439 727 7 160 434 782 36 895 684 457 60 653 275 80 525 106 
330 768 905 138 913 850 971 623 825 267 339 655 308 422 21 183 85 672 140 484 801 313 413 654 841 760 74 311 689 810 811 652 265 6 702 859 866 61 
380 233 39 656 630 502 692 725 412 488 190 816 8 43 
521 383 297 898 141 5 59 156 235 824 911 396 621 711 216 220 455 931 307 328 918 872 391 491 940 827 103 406 38 112 250 27 560 800 674 490 919 891 599 529 916 626 191 
527 124 628 730 165 486 107 577 331 679 747 688 146 838 97 802 150 119 598 111 416 4 245 40 185 218 771 869 411 217 246 173 814 470 236 125 631 298 892 480 622 492 452 194 30 482 228 
984 936 188 309 958 798 290 698 417 136 226 977 224 543 590 511 193 225 780 949 610 41 595 105 
280 474 343 894 266 857 252 464 360 171 926 405 334 515 759 513 706 110 568 293 873 826 716 25 162 829 695 588 736 211 356 915 323 710 549 878 45 607 557 158 153 371 589 854 597 149 52 737 757 934 544 731 222 649 399 424 908 86 507 935 254 476 677 534 750 430 781 625 341 121 12 344 559 20 299 856 294 753 770 835 268 180 137 581 533 819 182 904 332 556 657 862 390 979 554 365 285 333 144 10 349 257 46 384 147 3 37 650 545 337 
445 879 532 251 113 167 788 414 899 442 613 315 473 896 451 882 851 427 279 831 864 42 118 13 208 722 213 66 563 584 863 779 929 701 241 680 483 893 963 539 576 681 670 579 269 357 446 496 745 852 54 50 834 432 32 472 535 880 837 876 347 435 821 721 693 519 789 469 668 458 897 130 703 865 362 327 740 729 407 574 9 223 861 912 734 580 497 386 719 632 244 255 778 537 726 346 232 122 818 249 404 954 884 795 658 385 717 707 573 375 166 26 70 
94 1 376 955 767 791 76 921 157 592 256 82 907 205 643 259 291 786 732 231 467 381 772 605 462 426 594 181 237 202 303 335 715 748 58 65 429 478 796 508 651 885 242 659 152 661 342 395 353 755 582 398 845 230 466 509 676 263 751 176 875 67 531 930 562 321 805 463 316 718 578 302 769 967 794 23 31 377 423 329 229 460 660 304 201 338 447 351 961 724 425 890 142 199 295 116 611 379 644 512 709 586 253 456 937 642 638 813 260 48 336 803 616 131 187 91 787 591 93 783 248 804 348 34 743 382 296 366 870 627 212 238 946 437 669 117 506 448 608 518 774 431 980 820 15 500 481 696 943 853 687 571 95 
102 51 983 990 647 941 189 319 947 982 487 340 126 314 317 752 547 88 415 673 325 345 322 697 197 901 762 733 44 204 418 922 903 83 797 184 388 161 723 808 842 793 738 690 671 593 553 369 277 109 186 154 
917 281 261 685 
143 179 479 206 99 883 615 148 950 612 53 477 289 619 909 624 634 516 164 174 200 101 
646 830 440 583 498 514 68 620 881 969 833 992 965 78 604 846 522 306 361 974 964 459 90 195 700 633 510 77 123 178 639 436 475 240 499 16 203 860 871 924 355 374 11 561 28 262 960 47 995 976 754 566 503 363 170 
219 839 310 283 104 540 836 501 550 728 75 570 35 991 999 504 159 790 923 132 
145 530 792 823 928 276 326 
461 925 401 968 817 247 196 163 433 520 567 601 443 64 712 978 720 2 910 92 548 
177 938 541 551 636 667 682 744 785 809 847 932 
55 807 282 312 320 359 393 403 
207 815 494 555 565 637 742 776 
172 948 288 538 603 635 641 
56 966 115 517 704 906 
372 368 29 134 
364 888 694 
