49 997 765 286 444 662 449 714 994 806 777 453 988 402 844 989 1000 756 848 985 495 962 73 243 840 387 900 100 828 855 552 784 87 409 858 175 198 72 98 89 610 244 488 
271 959 998 664 640 151 886 57 234 602 746 394 524 939 575 799 822 773 952 708 663 618 450 370 400 209 63 809 224 203 
956 686 945 358 284 471 699 127 258 887 278 849 96 273 419 408 749 666 71 986 441 868 523 953 987 832 428 975 264 843 69 454 927 944 920 397 128 609 874 135 902 629 558 564 996 489 933 318 981 168 713 678 324 528 392 585 617 14 305 389 889 675 867 691 587 942 468 129 542 438 957 79 114 352 221 350 614 139 215 133 569 546 367 18 410 914 192 648 572 300 84 536 606 758 33 301 485 19 972 683 973 108 274 378 169 81 292 775 373 761 993 239 812 24 705 505 951 739 22 210 354 17 645 62 763 287 970 214 665 596 735 600 493 526 877 270 272 766 227 439 727 160 434 782 36 895 684 457 60 653 275 80 525 106 947 866 816 725 692 656 544 502 412 233 190 8 39 40 43 
850 623 825 267 655 308 422 672 484 801 413 654 760 74 689 810 811 652 265 6 61 579 380 320 
521 383 297 898 5 156 235 824 911 396 621 711 216 220 931 307 328 918 391 491 940 827 103 38 250 560 800 674 490 891 599 916 626 971 403 330 225 183 369 445 876 936 
527 124 628 730 165 486 107 577 331 679 747 838 97 802 150 119 598 111 416 4 245 185 218 771 869 411 217 246 173 814 470 236 125 631 298 892 480 622 492 452 194 30 482 228 976 764 
984 188 309 798 290 698 417 136 226 977 543 590 193 41 595 105 451 834 145 688 744 
280 474 343 894 266 857 252 464 360 171 926 405 334 515 759 706 110 568 293 873 826 716 25 162 829 695 588 736 211 356 915 323 710 549 878 45 607 557 158 153 371 589 854 597 149 52 737 757 934 731 222 649 399 424 908 86 507 935 254 476 677 534 750 430 781 625 341 121 12 344 559 20 299 856 294 753 770 835 268 180 137 581 533 182 904 332 657 862 390 979 365 285 333 144 10 349 257 46 384 147 3 37 650 337 890 561 359 311 134 148 55 
32 707 879 535 880 532 375 837 347 658 554 167 630 435 166 788 414 899 742 613 442 721 473 693 896 519 789 469 851 668 458 427 831 864 897 130 70 42 118 703 13 865 362 327 208 729 573 407 932 722 213 861 66 9 223 912 584 863 779 929 701 241 734 580 497 717 386 719 632 680 385 483 963 255 909 539 576 778 537 670 465 269 346 446 819 232 496 745 852 818 249 54 50 954 884 432 
94 1 376 955 767 791 76 921 157 592 256 82 907 205 643 259 291 786 732 231 467 381 772 605 462 426 594 181 237 202 303 335 715 748 58 65 429 478 796 508 651 885 242 659 152 661 342 395 353 755 582 398 845 230 466 509 676 263 751 176 875 67 531 930 562 321 805 463 316 718 578 302 769 967 794 23 31 377 423 329 229 460 660 304 201 338 447 351 961 724 425 142 199 295 116 611 379 644 512 709 586 253 456 937 642 638 813 260 48 336 803 616 131 187 91 787 591 93 783 248 804 348 34 743 382 296 366 870 627 212 238 946 437 669 117 506 448 608 518 774 431 980 820 15 500 481 696 943 853 687 571 95 164 90 
102 51 983 990 647 941 189 319 982 487 340 314 317 547 88 415 673 325 345 322 697 197 901 762 733 44 204 418 922 903 83 797 184 388 161 723 808 842 793 738 593 553 277 186 154 421 513 404 
143 179 479 206 883 615 950 477 289 619 624 634 516 174 200 101 603 780 
219 839 310 283 104 540 836 501 550 728 75 570 35 991 999 504 790 923 132 690 172 
530 792 823 928 276 326 455 741 847 
56 966 115 517 704 59 126 815 
667 472 583 68 177 251 881 969 833 992 965 78 604 361 113 974 566 503 207 565 120 636 510 682 821 77 123 315 178 436 475 240 363 26 860 882 871 355 279 28 313 551 754 938 646 830 740 440 574 498 514 170 620 29 138 846 306 522 964 459 195 700 893 633 639 681 499 16 726 924 112 357 374 11 541 262 47 556 960 122 995 
461 925 859 768 905 401 968 817 247 21 163 339 196 548 85 520 567 702 443 140 64 146 712 978 841 720 2 910 92 155 433 807 
109 958 261 281 288 538 685 917 948 
141 919 494 545 555 637 671 776 872 
752 913 53 99 406 511 612 
191 888 364 529 563 694 795 
7 906 27 159 368 372 
282 785 312 393 420 
601 949 635 641 
