49 997 482 765 286 444 662 320 449 714 994 888 806 777 453 593 988 403 402 844 989 1000 756 848 985 495 962 73 243 840 387 545 900 100 828 855 420 552 70 784 87 
271 959 998 29 664 640 151 886 57 234 602 764 421 746 394 465 524 939 575 799 822 200 773 
686 139 358 215 133 284 471 569 546 699 258 887 278 18 849 410 96 914 408 749 666 71 572 300 525 986 441 868 523 953 987 606 428 975 758 33 301 485 19 264 972 843 944 397 128 973 609 108 874 135 378 629 169 558 81 564 996 933 775 373 168 713 761 993 324 239 24 528 392 585 617 705 505 951 305 389 889 17 645 763 287 214 665 596 735 691 600 493 587 877 270 129 272 542 438 766 227 439 7 79 434 782 114 895 352 457 60 653 275 221 350 614 815 106 957 785 274 273 210 14 84 36 
330 768 905 694 138 913 850 971 623 192 364 825 267 186 339 655 308 422 21 923 942 183 56 85 672 567 738 140 484 801 313 413 654 841 760 74 311 
667 793 932 177 228 682 744 337 551 
6 72 277 553 312 652 807 89 363 
380 233 656 359 282 120 412 190 8 43 692 725 61 409 
521 383 297 898 141 5 59 156 235 520 824 911 488 601 396 621 711 216 220 455 931 636 307 328 918 872 391 491 925 940 827 196 103 406 38 112 250 27 560 800 63 516 674 490 919 2 891 599 529 916 626 191 132 247 712 
527 124 628 730 165 486 107 577 331 679 747 688 146 741 838 97 802 150 119 598 111 265 416 4 245 40 185 218 771 869 411 217 246 173 814 470 236 125 631 298 892 480 622 492 452 194 30 
984 936 188 309 958 690 798 290 698 417 136 226 702 977 224 543 590 511 193 225 780 949 610 41 
280 474 343 894 266 857 859 252 464 360 171 926 405 334 515 759 513 706 503 110 568 293 873 826 716 25 162 829 695 588 736 211 356 915 323 710 549 878 45 607 557 158 153 371 589 854 597 149 52 737 757 934 544 731 222 649 399 424 908 86 507 935 254 476 677 534 750 430 781 625 341 847 121 12 344 559 20 299 856 294 753 770 835 268 180 137 581 533 819 182 369 904 332 556 657 862 390 979 554 365 285 333 144 10 349 257 46 384 147 3 37 
105 708 450 400 155 368 
956 445 945 624 879 817 532 127 251 113 419 635 167 788 414 899 637 442 613 315 832 473 896 451 906 882 851 69 454 427 927 920 279 831 864 489 42 318 816 118 13 981 678 208 722 866 213 66 563 584 863 779 929 701 241 680 483 893 963 675 539 576 681 867 163 468 670 579 269 357 446 496 745 541 852 54 50 834 432 32 472 535 880 367 837 326 618 876 347 435 648 536 821 721 693 519 789 469 174 668 458 683 897 130 292 703 865 362 327 740 729 407 574 170 812 9 223 861 912 734 580 497 386 719 632 739 22 354 244 255 858 970 62 778 537 526 726 727 346 160 811 232 684 122 818 249 404 954 80 884 795 658 385 902 717 707 595 573 375 166 
94 1 376 955 767 791 76 921 157 592 256 82 907 205 643 259 291 786 732 231 467 381 772 175 605 462 426 594 181 237 202 303 335 715 748 58 65 429 478 796 508 651 885 242 659 152 661 342 395 353 755 582 398 845 230 466 509 676 263 751 176 875 67 531 930 562 321 805 463 316 718 578 302 769 967 794 23 31 377 423 329 229 460 660 304 201 338 447 351 961 724 425 890 142 199 295 116 611 379 644 512 709 586 253 456 937 642 638 813 260 48 336 803 616 131 187 91 787 591 93 783 248 804 348 34 743 382 296 366 870 627 212 238 946 437 669 117 506 448 608 518 774 431 980 820 15 500 115 481 696 943 853 687 571 109 
102 51 983 990 647 941 55 189 319 947 982 487 340 126 314 317 752 547 88 415 673 325 345 322 697 197 901 762 733 44 204 98 418 922 903 83 797 184 388 161 723 370 808 842 
276 917 966 517 39 566 207 809 281 154 261 689 548 
372 143 179 479 206 99 883 790 615 671 148 950 612 663 53 134 477 289 619 909 
650 742 641 948 630 538 603 
646 830 440 583 498 514 68 620 881 969 833 992 965 78 704 604 810 846 522 306 361 974 964 209 459 90 195 700 633 510 77 123 178 639 436 475 240 499 16 203 26 860 871 924 355 374 11 561 28 262 960 47 995 976 754 
219 461 198 839 310 555 494 283 104 540 836 501 550 776 728 75 570 95 35 565 991 999 504 159 
64 968 92 172 401 433 443 634 720 910 
145 978 502 530 685 792 823 928 938 
101 952 164 288 393 
