962 983 978 609 950 952 855 842 828 777 780 795 830 756 733 723 697 662 985 991 987 365 372 387 402 289 353 73 102 989 988 504 420 421 426 453 990 992 172 46 996 1000 997 998 999 993 994 995 986 593 263 35 630 300 
32 646 445 981 290 979 941 968 726 947 982 197 129 487 927 348 305 745 566 960 922 408 818 207 339 816 325 442 
945 310 514 55 694 812 861 883 24 833 367 965 580 147 971 306 361 113 964 658 210 435 700 822 510 682 539 639 436 778 240 764 622 163 519 871 204 374 288 831 551 122 54 50 976 754 92 808 
667 49 198 573 271 583 59 959 932 401 68 286 881 93 704 702 492 209 403 459 728 151 666 910 886 57 530 848 602 853 16 746 56 773 928 298 900 524 128 948 28 939 262 797 799 938 87 
629 477 558 227 698 572 600 350 352 29 973 951 944 914 889 895 874 887 849 843 775 782 766 749 735 686 699 653 596 617 606 525 554 505 392 389 284 287 215 239 270 133 18 106 868 665 645 471 214 139 933 614 587 545 550 542 528 428 439 457 373 400 285 264 278 135 168 203 33 81 
719 576 489 458 318 62 701 681 672 327 127 635 454 536 496 680 497 468 970 963 954 929 920 912 899 880 882 876 863 832 817 670 678 648 632 574 526 249 269 167 22 37 956 579 432 357 789 170 69 80 
762 738 687 384 413 148 15 77 806 548 138 85 143 132 923 913 892 825 801 760 768 712 671 623 601 605 484 311 140 186 192 200 79 966 916 364 714 461 183 21 74 
737 549 677 341 52 654 513 344 178 706 534 266 12 909 904 891 894 878 850 857 840 779 750 717 649 657 581 405 332 158 873 836 556 588 399 343 476 424 121 
485 820 823 744 624 615 546 109 7 358 297 228 890 877 867 852 815 793 752 713 720 626 225 154 692 774 689 
447 224 272 333 70 108 758 761 734 685 585 547 555 523 434 337 324 280 169 19 53 71 972 438 145 47 
330 565 569 553 502 517 422 410 308 312 226 36 72 441 14 43 740 314 
219 309 544 112 96 586 452 134 206 560 
274 194 114 488 518 512 470 393 213 236 125 191 570 804 242 259 164 
277 177 479 491 437 355 283 498 444 379 292 64 603 260 97 20 
179 980 233 656 359 282 363 322 275 412 42 190 
276 48 105 257 39 708 450 117 120 809 88 564 
640 89 110 44 41 150 126 
94 769 955 76 794 189 31 423 592 329 82 907 660 304 201 291 786 732 961 467 953 724 772 142 295 345 611 462 594 237 303 709 715 748 65 456 429 478 813 651 616 152 247 342 787 395 398 466 509 676 296 366 627 870 212 238 946 495 493 176 531 506 930 562 321 805 316 841 578 481 696 937 631 
474 859 252 464 664 360 171 540 926 888 334 515 759 503 568 293 826 716 25 162 936 829 736 211 356 915 323 710 45 607 557 153 589 597 854 149 729 757 934 731 320 222 908 86 507 935 254 430 415 781 625 847 559 299 294 856 753 770 268 835 349 137 180 533 819 369 182 60 862 390 
362 472 407 879 722 866 223 251 375 563 368 837 326 386 419 739 354 244 483 893 414 118 255 858 613 637 370 721 473 537 693 896 451 906 469 406 174 851 30 465 668 8 446 427 346 543 160 683 279 811 864 541 903 897 130 718 404 884 785 834 703 865 13 
336 905 647 319 9 131 229 591 248 612 205 34 385 166 17 338 382 261 123 381 175 199 26 161 608 181 253 575 418 378 144 371 83 500 340 567 196 
707 898 380 141 5 535 235 532 765 417 824 538 618 347 776 792 267 636 788 844 328 918 821 159 872 315 655 391 475 975 10 827 301 860 104 38 443 250 313 902 100 58 281 674 552 599 529 449 383 521 51 839 156 482 584 520 911 241 396 621 711 216 705 220 931 633 307 675 641 619 673 234 480 925 940 499 103 924 27 232 800 63 684 61 516 490 388 919 
376 791 527 921 124 23 377 157 258 256 460 628 730 643 107 577 351 679 231 747 494 116 243 644 6 688 335 741 838 796 802 433 508 638 119 208 885 659 598 111 661 187 91 416 755 4 582 455 845 743 230 763 807 942 185 218 875 67 771 663 727 431 869 411 463 217 246 221 115 784 173 302 814 943 
984 967 958 440 690 798 66 969 136 78 604 977 810 846 317 522 917 511 195 949 742 188 3 425 669 691 901 501 590 98 11 397 101 561 2 610 409 
650 1 803 767 695 751 99 620 394 265 448 783 652 957 202 193 245 146 75 95 165 40 571 84 486 725 642 595 331 
90 273 155 184 
634 974 790 
